step,system_total_stopped,system_total_waiting_time,system_mean_waiting_time,system_mean_speed,J0_stopped,J0_accumulated_waiting_time,J0_average_speed,agents_total_stopped,agents_total_accumulated_waiting_time,reward
5.0,1,0.0,0.0,2.56,1,0.0,0.1293872950824841,1,0.0,0.0
10.0,0,0.0,0.0,5.599999999999999,0,0.0,0.28578765873972384,0,0.0,0.0
15.0,0,0.0,0.0,6.880000000000001,0,0.0,0.3548185831893942,0,0.0,0.0
20.0,0,0.0,0.0,10.109090909090911,0,0.0,0.5243945145961676,0,0.0,0.0
25.0,1,0.0,0.0,10.412261028467702,1,0.0,0.5429517783383615,1,0.0,0.0
30.0,0,0.0,0.0,12.84746473382794,0,0.0,0.6717763885254373,0,0.0,0.0
35.0,0,0.0,0.0,12.404955672020849,0,0.0,0.6490536137616832,0,0.0,0.0
40.0,1,2.0,0.09090909090909091,11.72698693508736,1,2.0,0.6291949831944245,1,2.0,-0.02
45.0,4,14.0,0.5185185185185185,10.545490767526704,4,14.0,0.5620564723110987,4,14.0,-0.12000000000000001
50.0,5,34.0,1.2142857142857142,9.817064425289024,5,34.0,0.5159888120319798,5,34.0,-0.2
55.0,6,47.0,1.46875,9.455283994173108,6,50.0,0.4985603214646264,6,50.0,-0.15999999999999998
60.0,9,81.0,2.4545454545454546,8.611397365532195,9,83.0,0.44264549878947507,9,83.0,-0.32999999999999996
65.0,12,132.0,3.473684210526316,8.022732093741446,12,132.0,0.41268732775873807,12,132.0,-0.4900000000000001
70.0,11,128.0,3.282051282051282,7.6335619728587725,11,164.0,0.3803982495540154,11,164.0,-0.31999999999999984
75.0,8,121.0,2.813953488372093,7.813517935752537,8,178.0,0.3942222859443705,8,178.0,-0.14000000000000012
80.0,9,159.0,3.6136363636363638,7.946848878742108,9,188.0,0.40814380107064774,9,188.0,-0.09999999999999987
85.0,11,166.0,3.4583333333333335,7.405699236521751,11,215.0,0.38047260672616545,11,215.0,-0.27
90.0,17,237.0,4.9375,6.956204538769556,17,268.0,0.34260615848019543,17,268.0,-0.5300000000000002
95.0,18,325.0,6.372549019607843,7.089372730185665,18,354.0,0.35397863455658996,18,354.0,-0.8599999999999999
100.0,22,424.0,8.153846153846153,6.52347738923318,22,453.0,0.304956436121771,22,453.0,-0.9900000000000002
105.0,24,537.0,9.421052631578947,6.21389291044234,24,566.0,0.2674066111398984,24,566.0,-1.13
110.0,26,663.0,11.431034482758621,6.153586230658885,26,692.0,0.26370454463892246,26,692.0,-1.2599999999999998
115.0,25,688.0,11.278688524590164,5.9515946832785875,25,779.0,0.2529155236860688,25,779.0,-0.8700000000000001
120.0,26,785.0,13.083333333333334,5.909366025126248,26,842.0,0.2571090551154391,26,842.0,-0.6299999999999999
125.0,29,920.0,14.153846153846153,5.633658087563221,29,949.0,0.24966105926004378,29,949.0,-1.0700000000000003
130.0,31,1060.0,16.307692307692307,5.389842922158238,31,1089.0,0.23625871800614487,31,1089.0,-1.4000000000000004
135.0,32,1218.0,17.91176470588235,5.2161183802549616,32,1249.0,0.21797636034043735,32,1249.0,-1.5999999999999996
140.0,36,1391.0,20.761194029850746,5.0344825075004485,36,1420.0,0.2123753196183792,36,1420.0,-1.709999999999999
145.0,39,1574.0,22.81159420289855,4.6185978304332975,39,1603.0,0.1937565247428714,39,1603.0,-1.8300000000000018
150.0,39,1768.0,25.6231884057971,4.6007318377780955,39,1797.0,0.18702449702439863,39,1797.0,-1.9399999999999977
155.0,42,1974.0,27.416666666666668,4.316875427478802,42,2003.0,0.17105524672922265,42,2003.0,-2.0600000000000023
160.0,45,2195.0,30.48611111111111,4.236887178509459,45,2224.0,0.16658249937803676,45,2224.0,-2.2099999999999973
165.0,47,2424.0,31.894736842105264,3.925927811885895,47,2453.0,0.15670348039585838,47,2453.0,-2.2900000000000027
170.0,50,2668.0,34.64935064935065,3.8934446671177483,50,2697.0,0.1511541642520004,50,2697.0,-2.4399999999999977
175.0,49,2541.0,31.7625,3.7018223402682997,49,2811.0,0.13881808245983387,49,2811.0,-1.1400000000000006
180.0,47,2328.0,29.846153846153847,3.6684534857351276,47,2811.0,0.148873677503592,47,2811.0,0.0
185.0,46,2321.0,28.304878048780488,3.8271652464358104,46,2831.0,0.16157852497453143,46,2831.0,-0.1999999999999993
190.0,44,2336.0,28.839506172839506,3.7542254323426616,44,2992.0,0.15717488447146366,44,2992.0,-1.610000000000003
195.0,47,2444.0,29.095238095238095,3.566667245644269,47,3114.0,0.1481675040985925,47,3114.0,-1.2199999999999989
200.0,53,2698.0,31.741176470588236,3.796496587950488,53,3292.0,0.15822381030952617,53,3292.0,-1.7800000000000011
205.0,57,2928.0,32.89887640449438,3.2468809527706473,57,3541.0,0.12616443454740792,57,3541.0,-2.489999999999995
210.0,59,3217.0,35.74444444444445,3.3714861350574514,59,3813.0,0.12477576828456798,59,3813.0,-2.720000000000006
215.0,61,3517.0,38.22826086956522,3.3130729306847955,61,4111.0,0.1346130387877028,61,4111.0,-2.979999999999997
220.0,64,3830.0,41.18279569892473,3.3356805717031612,64,4424.0,0.1196216441468192,64,4424.0,-3.1300000000000026
225.0,67,4155.0,42.39795918367347,3.221813226345366,67,4749.0,0.11152996416064201,67,4749.0,-3.25
230.0,70,4494.0,46.329896907216494,2.862886005375112,70,5088.0,0.09748293542003324,70,5088.0,-3.3900000000000006
235.0,71,4844.0,47.960396039603964,2.8382066300514297,71,5438.0,0.10132850156953589,71,5438.0,-3.5
240.0,75,5207.0,52.5959595959596,2.5466011155854336,75,5801.0,0.0868158790411691,75,5801.0,-3.6299999999999955
245.0,76,5581.0,54.18446601941748,2.594775416696843,76,6175.0,0.08909291839754797,76,6175.0,-3.740000000000002
250.0,78,5967.0,57.375,2.5529088019879014,78,6561.0,0.08683104074119448,78,6561.0,-3.8599999999999994
255.0,80,6363.0,60.6,2.29819061908108,80,6957.0,0.08088803004125011,80,6957.0,-3.9599999999999937
260.0,84,6773.0,63.89622641509434,2.152364236341445,84,7367.0,0.07552884007053277,84,7367.0,-4.1000000000000085
265.0,82,6962.0,64.46296296296296,1.9476878986289905,82,7615.0,0.07248206633028693,82,7615.0,-2.480000000000004
270.0,81,6993.0,64.75,2.099222491121756,81,7719.0,0.08181367436178054,81,7719.0,-1.039999999999992
275.0,79,7018.0,63.8,2.2097867213834936,79,7842.0,0.09292594345572737,79,7842.0,-1.230000000000004
280.0,79,7179.0,64.09821428571429,2.2799275825954557,79,8222.0,0.08553253982325533,79,8222.0,-3.799999999999997
285.0,83,7553.0,65.11206896551724,2.231904433524693,83,8624.0,0.07696652409065739,83,8624.0,-4.019999999999996
290.0,90,7990.0,68.2905982905983,2.2285379637570317,90,9059.0,0.07751211856024155,90,9059.0,-4.3500000000000085
295.0,97,8462.0,69.93388429752066,2.009667920898779,97,9531.0,0.06180249421572348,97,9531.0,-4.719999999999999
300.0,98,8951.0,75.85593220338983,1.9480848350869315,98,10020.0,0.05905024350642641,98,10020.0,-4.890000000000001
305.0,100,9444.0,78.7,1.8303364913556308,100,10513.0,0.05605769155662596,100,10513.0,-4.929999999999993
310.0,97,9848.0,82.75630252100841,1.9261332401742313,97,10855.0,0.061753253378438795,97,10855.0,-3.4200000000000017
315.0,95,10176.0,83.40983606557377,1.983361247036769,95,11056.0,0.06685478563478701,95,11056.0,-2.010000000000005
320.0,91,10487.0,86.6694214876033,2.170020236660778,91,11274.0,0.07860673150160248,91,11274.0,-2.1799999999999926
325.0,89,10777.0,88.3360655737705,2.120464352320331,89,11709.0,0.07441504903004474,89,11709.0,-4.3500000000000085
330.0,92,11212.0,93.43333333333334,2.080455823299041,92,12158.0,0.0746006696764765,92,12158.0,-4.489999999999995
335.0,98,11690.0,95.04065040650407,2.0231534652114918,98,12634.0,0.06993136106327914,98,12634.0,-4.760000000000005
340.0,101,12192.0,100.7603305785124,1.7505477300963024,101,13136.0,0.05901322859896618,101,13136.0,-5.02000000000001
345.0,103,12702.0,102.43548387096774,1.8029571700219407,103,13646.0,0.05342595645115519,103,13646.0,-5.099999999999994
350.0,103,13217.0,106.58870967741936,1.9171519304652407,103,14161.0,0.0599628021584746,103,14161.0,-5.150000000000006
355.0,105,13737.0,109.896,1.744686454524627,105,14681.0,0.05716553366269131,105,14681.0,-5.199999999999989
360.0,102,13791.0,110.328,1.8301728234803616,102,15020.0,0.05755634589104607,102,15020.0,-3.3899999999999864
365.0,99,13577.0,106.0703125,1.9893564307893032,99,15188.0,0.061915506927431266,99,15188.0,-1.6800000000000068
370.0,95,13549.0,108.392,2.0283526384775428,95,15360.0,0.07305398023283642,95,15360.0,-1.7199999999999989
375.0,92,13574.0,107.73015873015873,2.0138822506587895,92,15668.0,0.07436776315012451,92,15668.0,-3.0800000000000125
380.0,90,13694.0,108.68253968253968,2.069824024876281,90,15967.0,0.0658119746452479,90,15967.0,-2.9899999999999807
385.0,91,13892.0,107.68992248062015,2.2576373294917,91,16267.0,0.07403804930536177,91,16267.0,-3.0
390.0,93,14087.0,110.0546875,2.0192470612699287,93,16707.0,0.05843210231732566,93,16707.0,-4.400000000000006
395.0,96,14497.0,111.51538461538462,2.005710237351043,96,17172.0,0.05785507416410242,96,17172.0,-4.650000000000006
400.0,100,14986.0,117.078125,1.9521007228773803,100,17662.0,0.05761732588987231,100,17662.0,-4.900000000000006
405.0,106,15504.0,119.26153846153846,1.9259879967464257,106,18180.0,0.05751473201345498,106,18180.0,-5.180000000000007
410.0,105,15059.0,116.73643410852713,1.8396124913270828,104,18372.0,0.05212812268950882,104,18372.0,-1.9199999999999875
415.0,103,13948.0,107.29230769230769,1.8372599446558762,103,18897.0,0.05526640885123308,103,18897.0,-5.25
420.0,99,12851.0,99.62015503875969,1.9686604148157087,99,18727.0,0.06239162643684322,99,18727.0,1.6999999999999886
425.0,99,11809.0,90.83846153846154,1.901491280951626,99,19217.0,0.06366425318525142,99,19217.0,-4.899999999999977
430.0,99,10837.0,83.36153846153846,1.8965062519305593,99,19714.0,0.05930995111365423,99,19714.0,-4.969999999999999
435.0,101,9939.0,75.29545454545455,1.9710278946685131,101,20215.0,0.061639204246693294,101,20215.0,-5.010000000000019
440.0,101,9108.0,70.06153846153846,1.7981352265438966,101,20720.0,0.05667109213803167,101,20720.0,-5.049999999999983
445.0,103,8353.0,63.28030303030303,1.8655659491775307,103,21235.0,0.06227634044912199,103,21235.0,-5.150000000000006
450.0,100,7473.0,56.61363636363637,1.7430211539775426,100,21541.0,0.04922932795246672,100,21541.0,-3.0600000000000023
455.0,98,6524.0,48.6865671641791,1.9705615652417083,98,21662.0,0.06776951133017278,98,21662.0,-1.210000000000008
460.0,94,5617.0,42.87786259541985,1.8198501110849563,94,21792.0,0.07465337469855142,94,21792.0,-1.299999999999983
465.0,92,4754.0,35.47761194029851,2.0605996728068354,92,22246.0,0.08099331697351436,92,22246.0,-4.5400000000000205
470.0,93,4004.0,30.333333333333332,1.7941585921354992,93,22705.0,0.06689303469861907,93,22705.0,-4.590000000000003
475.0,96,3678.0,27.244444444444444,2.1185431800839836,96,23175.0,0.0756419111572276,96,23175.0,-4.699999999999989
480.0,106,4177.0,31.171641791044777,1.8028439624703663,106,23679.0,0.06099555306331222,106,23679.0,-5.039999999999992
485.0,115,4731.0,34.53284671532847,1.6479458226410655,115,24234.0,0.04982911121344547,115,24234.0,-5.550000000000011
490.0,118,5312.0,38.492753623188406,1.5008577286972398,118,24815.0,0.036639356767649865,118,24815.0,-5.810000000000002
495.0,120,5912.0,42.22857142857143,1.5964362109598629,120,25415.0,0.04560899099775422,120,25415.0,-6.0
500.0,121,6514.0,46.86330935251799,1.376544730234252,121,26017.0,0.03953596577372852,121,26017.0,-6.02000000000001
505.0,122,7124.0,50.885714285714286,1.4367837622215123,122,26627.0,0.04657062530524731,122,26627.0,-6.099999999999966
510.0,121,7595.0,54.64028776978417,1.1956596797874022,121,27028.0,0.03565630120816341,121,27028.0,-4.009999999999991
515.0,117,7965.0,56.09154929577465,1.4851800063458538,117,27243.0,0.05363150145392025,117,27243.0,-2.150000000000034
520.0,115,8316.0,58.97872340425532,1.5126667220909586,115,27452.0,0.05768107087723435,115,27452.0,-2.089999999999975
525.0,111,8634.0,59.958333333333336,1.7382637833770778,111,28000.0,0.06068337855574485,111,28000.0,-5.480000000000018
530.0,113,8968.0,63.15492957746479,1.5562799812078352,113,28556.0,0.05098027926383311,113,28556.0,-5.560000000000002
535.0,113,9421.0,65.42361111111111,1.7132693172153628,113,29119.0,0.06229679218509603,113,29119.0,-5.6299999999999955
540.0,119,10004.0,70.45070422535211,1.3913679192702082,119,29702.0,0.046853544410655514,119,29702.0,-5.829999999999984
545.0,124,10614.0,73.2,1.393492774986264,124,30312.0,0.04370862577479092,124,30312.0,-6.100000000000023
550.0,126,11243.0,78.07638888888889,1.3121503480942844,126,30941.0,0.03452616784907887,126,30941.0,-6.2900000000000205
555.0,127,11878.0,80.80272108843538,1.4494153717776295,127,31576.0,0.0422632892599077,127,31576.0,-6.349999999999966
560.0,128,12516.0,85.14285714285714,1.3238427583295438,128,32214.0,0.033455123669251456,128,32214.0,-6.3799999999999955
565.0,126,13035.0,86.9,1.4352465122057114,126,32644.0,0.038482669531475056,126,32644.0,-4.300000000000011
570.0,124,13457.0,90.31543624161074,1.4688928332537268,124,32870.0,0.04350312269032349,124,32870.0,-2.259999999999991
575.0,119,13862.0,91.80132450331126,1.7100591847839124,119,33098.0,0.0580135535592336,119,33098.0,-2.2800000000000296
580.0,118,14242.0,96.22972972972973,1.5415719683170364,118,33678.0,0.04936973246636769,118,33678.0,-5.7999999999999545
585.0,118,14632.0,97.54666666666667,1.6166879836517032,118,34270.0,0.05224333917898919,118,34270.0,-5.920000000000016
590.0,120,15096.0,101.31543624161074,1.6230637589452162,120,34864.0,0.055597833519119205,120,34864.0,-5.939999999999998
595.0,125,15706.0,104.70666666666666,1.450281272182399,125,35475.0,0.050538253839050494,125,35475.0,-6.110000000000014
600.0,130,16346.0,109.70469798657719,1.312378062537313,130,36115.0,0.03992481867691872,130,36115.0,-6.399999999999977
605.0,133,17006.0,112.62251655629139,1.2457239160131395,133,36775.0,0.035093597780936556,133,36775.0,-6.600000000000023
610.0,133,17671.0,117.02649006622516,1.2201519896393425,133,37440.0,0.03293661820227841,133,37440.0,-6.649999999999977
615.0,134,18341.0,119.09740259740259,1.3257448226323192,134,38110.0,0.039842448382406206,134,38110.0,-6.7000000000000455
620.0,135,19015.0,123.47402597402598,1.3231546822730051,135,38784.0,0.03233189529822977,135,38784.0,-6.739999999999952
625.0,134,19556.0,124.56050955414013,1.4083177686937012,134,39241.0,0.04356692619759545,134,39241.0,-4.57000000000005
630.0,130,19987.0,129.78571428571428,1.350999600598101,130,39486.0,0.04371570089196921,130,39486.0,-2.4499999999999886
635.0,127,20405.0,131.6451612903226,1.4647323842739641,127,39742.0,0.055851462228008526,127,39742.0,-2.5600000000000023
640.0,125,20797.0,135.9281045751634,1.317990120796769,125,40359.0,0.04589638153504732,125,40359.0,-6.169999999999959
645.0,126,21200.0,137.66233766233765,1.3476228283914904,126,40989.0,0.04985693129765333,126,40989.0,-6.300000000000011
650.0,127,21657.0,141.54901960784315,1.3465260590753791,127,41619.0,0.052874412162706115,127,41619.0,-6.300000000000011
655.0,131,22288.0,142.87179487179486,1.3620859191302224,131,42264.0,0.0537175655621455,131,42264.0,-6.449999999999989
660.0,133,22892.0,146.74358974358975,1.217171277293528,133,42723.0,0.03465785994301826,133,42723.0,-4.590000000000032
665.0,132,23458.0,147.53459119496856,1.4158726796756917,132,43007.0,0.0458774530843616,132,43007.0,-2.839999999999975
670.0,128,24004.0,150.9685534591195,1.534865343401325,128,43300.0,0.0489006141985602,128,43300.0,-2.930000000000007
675.0,128,24541.0,151.48765432098764,1.650888793636446,127,43936.0,0.04861311811189317,127,43936.0,-6.360000000000014
680.0,128,25076.0,155.75155279503105,1.556467318670178,128,44576.0,0.04088285369227169,128,44576.0,-6.399999999999977
685.0,129,25642.0,157.31288343558282,1.6856424997888866,129,45217.0,0.050544762597180756,129,45217.0,-6.410000000000025
690.0,135,26303.0,164.39375,1.3769829338198507,135,45878.0,0.043646514549320635,135,45878.0,-6.609999999999957
695.0,137,26927.0,166.21604938271605,1.2982037539678781,137,46380.0,0.03744123266384922,137,46380.0,-5.020000000000039
700.0,135,27505.0,169.78395061728395,1.328828022249474,135,46716.0,0.03470060305609521,135,46716.0,-3.3600000000000136
705.0,131,28070.0,172.2085889570552,1.5982659097713954,131,47058.0,0.05412120897704327,131,47058.0,-3.419999999999959
710.0,130,28607.0,175.50306748466258,1.6102113472269453,129,47694.0,0.04853897729660707,129,47694.0,-6.360000000000014
715.0,130,29156.0,178.87116564417178,1.5588611592590436,130,48348.0,0.04621320464603926,130,48348.0,-6.5400000000000205
720.0,133,29768.0,182.62576687116564,1.5287924568807216,133,48999.0,0.043402268562019154,133,48999.0,-6.509999999999991
725.0,138,30448.0,186.79754601226995,1.4085229457877773,138,49679.0,0.04398361837902878,138,49679.0,-6.800000000000011
730.0,141,30230.0,186.60493827160494,1.2116938288838186,141,49743.0,0.028185631214197013,141,49743.0,-0.6399999999999864
735.0,137,29394.0,178.14545454545456,1.4589946740300666,137,49173.0,0.04230281002586707,137,49173.0,5.699999999999989
740.0,134,28540.0,175.09202453987731,1.4559987502943956,134,48581.0,0.046685865117336627,134,48581.0,5.920000000000016
745.0,131,27653.0,168.6158536585366,1.4800289855536137,131,49229.0,0.050729714932602935,131,49229.0,-6.480000000000018
750.0,132,26782.0,163.3048780487805,1.5148820309269329,132,49885.0,0.042684200630649274,132,49885.0,-6.560000000000002
755.0,133,25917.0,156.1265060240964,1.6029870041457484,133,50548.0,0.048993043627607806,133,50548.0,-6.6299999999999955
760.0,134,25057.0,153.72392638036808,1.386519001231868,134,51218.0,0.035700819336005725,134,51218.0,-6.699999999999932
765.0,133,23027.0,139.55757575757576,1.438756817180328,133,51355.0,0.04026579353334406,133,51355.0,-1.3700000000000045
770.0,129,20198.0,122.4121212121212,1.504104999969316,129,50965.0,0.04366130104574205,129,50965.0,3.8999999999999773
775.0,126,17354.0,103.29761904761905,1.8092866845541724,126,50590.0,0.058936620302271106,126,50590.0,3.75
780.0,124,14485.0,86.2202380952381,1.7977648446682941,124,51201.0,0.05310111238551566,124,51201.0,-6.110000000000014
785.0,125,11724.0,68.96470588235294,1.844172692084845,125,51825.0,0.054812742221627485,125,51825.0,-6.240000000000009
790.0,126,9184.0,55.325301204819276,1.6720807664648085,126,52449.0,0.05354251576965337,126,52449.0,-6.240000000000009
795.0,128,7181.0,42.74404761904762,1.6880261798812233,128,53083.0,0.0531354032336816,128,53083.0,-6.340000000000032
800.0,134,6634.0,39.48809523809524,1.5376562460839676,134,53741.0,0.04026663686133585,134,53741.0,-6.579999999999927
805.0,137,6043.0,35.54705882352941,1.4324007925877884,137,54181.0,0.040964776400762716,137,54181.0,-4.399999999999977
810.0,135,5463.0,32.13529411764706,1.3473388805452196,135,54398.0,0.044317122719374775,135,54398.0,-2.1700000000000728
815.0,132,5087.0,29.235632183908045,1.6185483467685482,132,54625.0,0.05830239843557391,132,54625.0,-2.269999999999982
820.0,132,4917.0,28.25862068965517,1.7016488873717814,132,54689.0,0.05651329356883169,132,54689.0,-0.6399999999999864
825.0,130,4930.0,27.853107344632768,1.8968286667459164,130,55338.0,0.06446404644539491,130,55338.0,-6.490000000000009
830.0,133,5238.0,30.103448275862068,1.6926228314597775,133,55976.0,0.052102724003584705,133,55976.0,-6.3799999999999955
835.0,138,5797.0,33.31609195402299,1.5355849301098516,138,56649.0,0.049582584796037124,138,56649.0,-6.730000000000018
840.0,142,6325.0,36.77325581395349,1.4157979234992366,142,56805.0,0.044741395563704475,142,56805.0,-1.5599999999999454
845.0,144,6743.0,38.53142857142857,1.4498239589719553,144,56446.0,0.04452848577880024,144,56446.0,3.589999999999918
850.0,143,7161.0,41.1551724137931,1.4528170556752644,143,56121.0,0.04171333315292454,143,56121.0,3.25
855.0,141,7555.0,42.68361581920904,1.6028482258096695,141,56819.0,0.044625004171915596,141,56819.0,-6.980000000000018
860.0,142,7961.0,44.9774011299435,1.6159369276015556,142,57523.0,0.03809992664174244,142,57523.0,-7.039999999999964
865.0,143,8376.0,47.32203389830509,1.612108779464745,143,58236.0,0.045682786581719564,143,58236.0,-7.1299999999999955
870.0,142,8652.0,49.724137931034484,1.3515047162146707,142,58721.0,0.03310370563021543,142,58721.0,-4.850000000000023
875.0,138,8827.0,49.87005649717514,1.597840417435789,138,58981.0,0.04858204021250568,138,58981.0,-2.599999999999909
880.0,135,8982.0,51.325714285714284,1.591934650142934,135,59251.0,0.05218136629353621,135,59251.0,-2.7000000000000455
885.0,131,9122.0,51.536723163841806,1.8417648802717415,131,59362.0,0.06178087110036751,131,59362.0,-1.1100000000000136
890.0,129,9140.0,51.93181818181818,1.8440142391384555,129,59466.0,0.06060161980383687,129,59466.0,-1.0399999999999636
895.0,125,9084.0,51.03370786516854,1.92185503881443,125,59038.0,0.060221476094945596,125,59038.0,4.279999999999973
900.0,123,9211.0,52.63428571428572,1.9747632635675025,123,58626.0,0.06796443601483829,123,58626.0,4.1200000000000045
905.0,124,9500.0,53.67231638418079,2.0246863135455446,124,59210.0,0.0661510662765634,124,59210.0,-5.840000000000032
910.0,133,9962.0,56.282485875706215,1.8399281101904947,133,59819.0,0.05129337213938329,133,59819.0,-6.090000000000032
915.0,139,10474.0,58.842696629213485,1.793994576779842,139,60496.0,0.049107720744604545,139,60496.0,-6.769999999999982
920.0,139,10470.0,59.48863636363637,1.6145507270496458,139,60386.0,0.03974472968578149,139,60386.0,1.1000000000000227
925.0,136,10106.0,56.45810055865922,1.744814102944156,136,60275.0,0.04166680248942021,136,60275.0,1.1100000000000136
930.0,134,9723.0,54.62359550561798,1.7679477620758528,134,60143.0,0.04404772256421219,134,60143.0,1.32000000000005
935.0,131,9308.0,52.0,1.8361081756202202,131,60788.0,0.04953909057780877,131,60788.0,-6.4500000000000455
940.0,133,8913.0,50.93142857142857,1.5950680187827506,133,61444.0,0.04420063504108134,133,61444.0,-6.560000000000059
945.0,134,8525.0,48.4375,1.6390947350682559,134,62109.0,0.051289073261985646,134,62109.0,-6.649999999999977
950.0,132,8002.0,45.72571428571428,1.504756420881031,132,62229.0,0.04265052216505102,132,62229.0,-1.1999999999999318
955.0,129,7467.0,42.91379310344828,1.6236061381854507,129,61815.0,0.05376374941029931,129,61815.0,4.139999999999986
960.0,131,7010.0,40.28735632183908,1.5894692240490917,131,61414.0,0.05145169655289888,131,61414.0,4.009999999999991
965.0,131,6544.0,36.97175141242938,1.6498247333860236,131,62057.0,0.05070980736775337,131,62057.0,-6.430000000000064
970.0,134,6101.0,35.0632183908046,1.4964659051354021,134,62717.0,0.04263432850810945,134,62717.0,-6.599999999999909
975.0,134,5666.0,32.19318181818182,1.5908065229884656,134,63385.0,0.05021193956401544,134,63385.0,-6.680000000000064
980.0,136,5239.0,29.937142857142856,1.4994813152941755,136,64061.0,0.03907056668209066,136,64061.0,-6.759999999999991
985.0,134,4854.0,27.269662921348313,1.6239418129581253,134,63885.0,0.04343168586314285,134,63885.0,1.759999999999991
990.0,135,5045.0,28.82857142857143,1.4338806039429157,135,62871.0,0.044350853270744874,135,62871.0,10.139999999999986
995.0,137,5247.0,29.312849162011172,1.5634663215981002,137,61870.0,0.05266956504430783,137,61870.0,10.009999999999991
1000.0,138,5445.0,30.41899441340782,1.5081280636064782,138,62548.0,0.04691113687508354,138,62548.0,-6.779999999999973
1005.0,138,5655.0,31.243093922651934,1.615536199783643,138,63240.0,0.05015623529259965,138,63240.0,-6.919999999999959
1010.0,139,5871.0,32.798882681564244,1.5799477685890668,139,63932.0,0.04805918199455842,139,63932.0,-6.920000000000073
1015.0,138,5810.0,32.640449438202246,1.4789755611574118,138,64323.0,0.046082756620317224,138,64323.0,-3.909999999999968
1020.0,139,5620.0,31.39664804469274,1.5295428718366162,139,64441.0,0.04614481231626488,139,64441.0,-1.17999999999995
1025.0,138,5434.0,30.18888888888889,1.585381872554882,138,64580.0,0.053050629749362664,138,64580.0,-1.3899999999999864
1030.0,137,5240.0,29.273743016759777,1.6274292461058975,137,64483.0,0.05326329013709873,137,64483.0,0.9699999999999136
1035.0,133,4823.0,26.646408839779006,1.721763069379297,133,64575.0,0.05939854348496562,133,64575.0,-0.9199999999999591
1040.0,131,4303.0,23.773480662983424,1.8350527054430783,131,64102.0,0.059140122438538625,131,64102.0,4.730000000000018
1045.0,127,3969.0,21.688524590163933,2.0064948844515618,127,63641.0,0.06704942098471184,127,63641.0,4.610000000000014
1050.0,124,3831.0,20.934426229508198,2.118757615114232,124,64239.0,0.06758722845986599,124,64239.0,-5.980000000000018
1055.0,134,4121.0,22.51912568306011,1.9089000576190702,134,64856.0,0.05987383041338777,134,64856.0,-6.169999999999959
1060.0,142,4465.0,24.532967032967033,1.7075927819863899,142,65548.0,0.050807674318062435,142,65548.0,-6.920000000000073
1065.0,146,4646.0,25.113513513513514,1.6445571606728508,145,65371.0,0.04024133168316203,145,65371.0,1.7699999999999818
1070.0,147,4694.0,25.236559139784948,1.6151291205963973,147,66105.0,0.032476119864266365,147,66105.0,-7.339999999999918
1075.0,142,4729.0,25.4247311827957,1.7523630696038839,142,65020.0,0.044905001764404096,142,65020.0,10.849999999999909
1080.0,140,4611.0,25.19672131147541,1.54873289973742,140,65431.0,0.041109965065088974,140,65431.0,-4.1099999999999
1085.0,135,4386.0,23.83695652173913,1.6593193397825234,135,65563.0,0.046885496534849025,135,65563.0,-1.32000000000005
1090.0,132,4143.0,22.88950276243094,1.733852400053561,132,65707.0,0.05554635443529217,132,65707.0,-1.4400000000000546
1095.0,127,3880.0,21.43646408839779,1.8753567029899874,127,65634.0,0.06135644249131927,127,65634.0,0.7300000000000182
1100.0,125,3637.0,20.318435754189945,1.8708213787067303,125,65343.0,0.06474854608646577,125,65343.0,2.910000000000082
1105.0,125,3597.0,19.763736263736263,1.8951064989937836,125,64145.0,0.060399258048758474,125,64145.0,11.979999999999905
1110.0,126,3567.0,19.70718232044199,1.9595035168398718,126,62958.0,0.06516716838330777,126,62958.0,11.870000000000005
1115.0,123,3563.0,19.469945355191257,1.9580782063643283,123,63535.0,0.06003843336268697,123,63535.0,-5.769999999999982
1120.0,128,3725.0,20.467032967032967,1.9416630249761035,128,64102.0,0.06091217975085151,128,64102.0,-5.669999999999959
1125.0,135,3946.0,21.562841530054644,1.8523739728630473,135,64735.0,0.05796301653891396,135,64735.0,-6.330000000000041
1130.0,137,4184.0,22.98901098901099,1.7269175348544044,137,65167.0,0.047948293240689485,137,65167.0,-4.319999999999936
1135.0,137,4605.0,24.89189189189189,1.8468790196232796,137,65363.0,0.047683568174762665,137,65363.0,-1.9600000000000364
1140.0,139,5035.0,27.36413043478261,1.826087746378839,139,65586.0,0.05138351004193328,139,65586.0,-2.230000000000018
1145.0,134,5459.0,29.349462365591396,2.0099879084247134,134,65637.0,0.058534945665112914,134,65637.0,-0.5099999999999909
1150.0,135,5828.0,31.846994535519126,1.9814863657806954,135,66309.0,0.06000070571429674,135,66309.0,-6.720000000000027
1155.0,132,6228.0,34.032786885245905,1.9806500403904348,132,66929.0,0.054855539411584525,132,66929.0,-6.199999999999932
1160.0,133,6664.0,36.81767955801105,1.9737780080479068,133,67562.0,0.057611274415748946,133,67562.0,-6.330000000000041
1165.0,136,6913.0,38.40555555555556,1.7991142207966138,136,67562.0,0.05648113375294618,136,67562.0,0.0
1170.0,141,7033.0,39.07222222222222,1.6658388163746438,141,66955.0,0.046023170878168755,141,66955.0,6.07000000000005
1175.0,146,7181.0,39.456043956043956,1.681825342742138,146,66399.0,0.04658527563600053,146,66399.0,5.559999999999945
1180.0,144,7323.0,40.23626373626374,1.725448405749814,144,65274.0,0.0429969235500007,144,65274.0,11.25
1185.0,141,7458.0,40.97802197802198,1.8986715762819222,141,64214.0,0.05475190305727526,141,64214.0,10.600000000000023
1190.0,137,7522.0,41.55801104972376,1.7656656920514977,137,64828.0,0.05158110018869518,137,64828.0,-6.139999999999986
1195.0,137,7628.0,42.14364640883978,1.8223896409586335,137,65426.0,0.05418552778500039,137,65426.0,-5.980000000000018
1200.0,138,7740.0,43.48314606741573,1.821184339437471,138,66039.0,0.05840897288761231,138,66039.0,-6.1299999999999955
1205.0,135,7684.0,42.68888888888889,1.9415323907335056,135,66393.0,0.05165500700238686,135,66393.0,-3.5399999999999636
1210.0,132,7498.0,41.88826815642458,2.0415940567292408,132,66491.0,0.05693514447005306,132,66491.0,-0.9800000000000182
1215.0,127,7293.0,40.74301675977654,2.2166556372693242,127,66594.0,0.06970599831626746,127,66594.0,-1.0300000000000864
1220.0,125,7060.0,39.887005649717516,2.1274543667827706,125,67115.0,0.06195896904736561,125,67115.0,-5.209999999999923
1225.0,125,6837.0,38.19553072625698,2.218389780127946,125,67638.0,0.06458156331434696,125,67638.0,-5.230000000000018
1230.0,127,6769.0,38.24293785310734,2.163727974685355,127,68154.0,0.06724668229577847,127,68154.0,-5.159999999999968
1235.0,132,7300.0,41.24293785310734,1.969990107291838,132,68687.0,0.06224756271320432,132,68687.0,-5.330000000000041
1240.0,143,7990.0,45.14124293785311,1.671678113913933,143,69252.0,0.04152467224744052,143,69252.0,-5.649999999999977
1245.0,148,8648.0,48.312849162011176,1.5103803251258037,148,69615.0,0.034349017172677396,148,69615.0,-3.6299999999999955
1250.0,148,9262.0,52.03370786516854,1.4138873170865296,148,69768.0,0.03520017679424248,148,69768.0,-1.5299999999999727
1255.0,145,9864.0,55.728813559322035,1.4892777993153028,145,69934.0,0.04904701827166067,145,69934.0,-1.6600000000000819
1260.0,143,10245.0,57.88135593220339,1.3547537559625409,143,69871.0,0.036425834131396106,143,69871.0,0.6299999999999955
1265.0,138,10475.0,58.5195530726257,1.5984908771755109,138,69189.0,0.04933133462815898,138,69189.0,6.82000000000005
1270.0,136,10690.0,60.3954802259887,1.6246582819168836,136,68514.0,0.055030196442846305,136,68514.0,6.75
1275.0,135,10912.0,61.30337078651685,1.5751854104087988,135,68995.0,0.05549839575355314,135,68995.0,-4.810000000000059
1280.0,142,11263.0,63.2752808988764,1.4681296508776862,142,69495.0,0.045181449346566496,142,69495.0,-5.0
1285.0,147,11643.0,65.04469273743017,1.4577384927424195,147,70030.0,0.04697739373064983,147,70030.0,-5.349999999999909
1290.0,145,11938.0,67.06741573033707,1.335672681326428,145,70338.0,0.03470024410542814,145,70338.0,-3.080000000000041
1295.0,141,12158.0,67.54444444444445,1.6074080217633018,141,70424.0,0.04628154610474643,141,70424.0,-0.8600000000000136
1300.0,138,12356.0,68.64444444444445,1.7112880535944928,138,70511.0,0.051445845682180316,138,70511.0,-0.8700000000000045
1305.0,133,12536.0,69.64444444444445,1.8741692897408597,133,70434.0,0.059652044361313286,133,70434.0,0.7699999999999818
1310.0,130,12110.0,68.4180790960452,1.8228605862023306,130,69934.0,0.06134014437307344,130,69934.0,5.0
1315.0,125,11281.0,63.022346368715084,2.0470759607549263,125,68475.0,0.06565772350004428,125,68475.0,14.590000000000032
1320.0,123,10583.0,59.7909604519774,2.104488967911654,123,67023.0,0.07060036076887055,123,67023.0,14.519999999999982
1325.0,124,9964.0,55.97752808988764,2.098128407299236,124,67417.0,0.06635965510763213,124,67417.0,-3.939999999999941
1330.0,133,9628.0,54.08988764044944,1.8603742940802124,133,67850.0,0.051394786762673485,133,67850.0,-4.330000000000041
1335.0,140,9340.0,52.17877094972067,1.7278888646423154,140,68339.0,0.050510879858701674,140,68339.0,-4.889999999999986
1340.0,139,8866.0,49.53072625698324,1.595048383101182,139,68199.0,0.04117713002287714,139,68199.0,1.3999999999999773
1345.0,137,8256.0,45.86666666666667,1.7114817314842687,137,67429.0,0.04582053919494963,137,67429.0,7.7000000000000455
1350.0,135,7634.0,42.64804469273743,1.7776125730479637,135,66677.0,0.05067707681611622,135,66677.0,7.519999999999982
1355.0,130,6994.0,38.855555555555554,2.0518706305649066,130,65354.0,0.06172873958789129,130,65354.0,13.230000000000018
1360.0,127,6302.0,35.6045197740113,1.9184388801180194,127,65782.0,0.05559261590611893,127,65782.0,-4.280000000000086
1365.0,127,5637.0,31.847457627118644,1.9683064521970752,127,66220.0,0.0613245868822205,127,66220.0,-4.3799999999999955
1370.0,128,4975.0,28.267045454545453,1.9990012977519747,128,66663.0,0.060770250705667606,128,66663.0,-4.42999999999995
1375.0,129,4538.0,25.49438202247191,2.1013935768564447,129,67114.0,0.05991075871397048,129,67114.0,-4.509999999999991
1380.0,133,4660.0,26.327683615819208,1.9364220007860988,133,67347.0,0.046537224553883656,133,67347.0,-2.330000000000041
1385.0,133,4649.0,26.26553672316384,1.8441164861217916,133,67380.0,0.05474435575702468,133,67380.0,-0.32999999999992724
1390.0,131,4628.0,26.146892655367232,1.8914801004610449,131,67423.0,0.060436066137949475,131,67423.0,-0.43000000000006366
1395.0,128,4598.0,25.9774011299435,2.0063361516308253,128,67302.0,0.06628296540090961,128,67302.0,1.2100000000000364
1400.0,126,4559.0,25.90340909090909,2.169126267369059,126,67227.0,0.07497944170166437,126,67227.0,0.75
1405.0,123,4594.0,26.251428571428573,2.0659408365523286,123,67653.0,0.07056346351875849,123,67653.0,-4.259999999999991
1410.0,131,5139.0,29.198863636363637,1.9310519064182239,131,68104.0,0.06059397877312208,131,68104.0,-4.509999999999991
1415.0,138,5791.0,32.717514124293785,1.697612896860847,138,68560.0,0.04982485485270224,138,68560.0,-4.560000000000059
1420.0,145,6490.0,36.875,1.5146209099206336,145,69038.0,0.04421815510209519,145,69038.0,-4.779999999999973
1425.0,149,6926.0,39.12994350282486,1.2959029352367293,149,68653.0,0.03642336206418246,149,68653.0,3.8500000000000227
1430.0,149,7169.0,40.2752808988764,1.2190681457868258,149,68280.0,0.029531868982956476,149,68280.0,3.730000000000018
1435.0,147,7403.0,40.90055248618785,1.4426270410076572,147,67910.0,0.03805259493466575,147,67910.0,3.699999999999932
1440.0,146,7588.0,41.92265193370166,1.3485653667527921,146,68453.0,0.03422308808936136,146,68453.0,-5.42999999999995
1445.0,146,7811.0,42.917582417582416,1.4426889102649212,146,69001.0,0.04046423694792514,146,69001.0,-5.480000000000018
1450.0,146,8036.0,44.644444444444446,1.439024759745418,146,69589.0,0.039199105299386326,146,69589.0,-5.8799999999999955
1455.0,144,7975.0,44.55307262569833,1.3995713061565922,144,69512.0,0.03724076575070372,144,69512.0,0.7699999999999818
1460.0,141,7703.0,43.76704545454545,1.335139798822182,141,68766.0,0.03778473693023013,141,68766.0,7.460000000000036
1465.0,136,7413.0,41.88135593220339,1.62127372666392,136,68034.0,0.053746115289295716,136,68034.0,7.319999999999936
1470.0,133,7100.0,40.112994350282484,1.7291127065362824,133,66695.0,0.050822745969172425,133,66695.0,13.389999999999986
1475.0,128,6770.0,38.24858757062147,1.9729900811647902,128,65413.0,0.06603757904551404,128,65413.0,12.82000000000005
1480.0,124,6386.0,36.28409090909091,1.8398597181083076,124,65875.0,0.05893780615773718,124,65875.0,-4.6200000000000045
1485.0,124,6028.0,34.056497175141246,2.005666391209255,124,66324.0,0.06452576351967546,124,66324.0,-4.490000000000009
1490.0,126,5794.0,33.10857142857143,1.9999623372823083,126,66764.0,0.06777486266605227,126,66764.0,-4.399999999999977
1495.0,130,5958.0,33.47191011235955,2.095643083781089,130,67217.0,0.05886485799707034,130,67217.0,-4.529999999999973
1500.0,134,5863.0,33.12429378531073,1.968349920875732,134,67437.0,0.04823778368344193,134,67437.0,-2.2000000000000455
1505.0,132,5583.0,31.189944134078214,2.05333042844262,132,67436.0,0.0567658911684614,132,67436.0,0.009999999999990905
1510.0,129,5288.0,30.045454545454547,2.053758600795715,129,67449.0,0.06369718366104787,129,67449.0,-0.12999999999999545
1515.0,125,4983.0,28.3125,2.0827938409995186,125,67877.0,0.06442754806969872,125,67877.0,-4.279999999999973
1520.0,127,4817.0,27.683908045977013,1.9983845477246476,127,68313.0,0.05982572031469326,127,68313.0,-4.360000000000014
1525.0,132,5105.0,29.005681818181817,1.990252940396041,132,68772.0,0.06289737386132126,132,68772.0,-4.590000000000032
1530.0,139,5637.0,32.02840909090909,1.6431714326148295,139,69260.0,0.04663446364892063,139,69260.0,-4.8799999999999955
1535.0,143,6282.0,35.69318181818182,1.4493323448617006,143,69541.0,0.04191002477638206,143,69541.0,-2.8099999999999454
1540.0,146,6903.0,39.44571428571429,1.3051889429746868,146,69626.0,0.03778059945676033,146,69626.0,-0.8500000000000227
1545.0,144,7529.0,42.536723163841806,1.486824500445337,144,69736.0,0.04940842327861498,144,69736.0,-1.1000000000000227
1550.0,143,8142.0,46.0,1.5264428228777127,143,69679.0,0.04642432369496861,143,69679.0,0.57000000000005
1555.0,140,8745.0,48.583333333333336,1.8153972178842281,140,69665.0,0.06391609787794246,140,69665.0,0.13999999999998636
1560.0,136,8967.0,49.81666666666667,1.7857971476051404,136,69232.0,0.054166886828309196,136,69232.0,4.329999999999927
1565.0,135,8977.0,49.324175824175825,1.9095262730007534,135,67860.0,0.06154506878004008,135,67860.0,13.720000000000027
1570.0,137,9053.0,50.294444444444444,1.909562608900234,137,66521.0,0.06050976319515231,137,66521.0,13.389999999999986
1575.0,137,8851.0,49.172222222222224,1.768901098936641,137,66363.0,0.05435914362346032,137,66363.0,1.580000000000041
1580.0,139,8464.0,47.022222222222226,1.6365891634208873,139,66236.0,0.038549407816198436,139,66236.0,1.2699999999999818
1585.0,135,8068.0,44.82222222222222,1.7587938620341643,135,66096.0,0.049747829219948456,135,66096.0,1.3999999999999773
1590.0,131,7565.0,42.02777777777778,1.7931619243452348,131,66406.0,0.046230469731708634,131,66406.0,-3.099999999999909
1595.0,128,6989.0,38.613259668508285,1.784947405421039,128,66713.0,0.04644273644463716,128,66713.0,-3.07000000000005
1600.0,124,6393.0,35.71508379888268,1.8345753611889313,124,66842.0,0.049146430207136625,124,66842.0,-1.2899999999999636
1605.0,119,5727.0,31.99441340782123,1.9070263367513345,119,66613.0,0.05520554037781599,119,66613.0,2.2899999999999636
1610.0,115,5007.0,28.448863636363637,1.8852366913347571,115,65709.0,0.05921000831218924,115,65709.0,9.039999999999964
1615.0,114,4383.0,25.335260115606935,1.8920550115090082,114,64814.0,0.07125605785137758,114,64814.0,8.950000000000045
1620.0,114,3587.0,20.8546511627907,1.8378068370235752,114,65140.0,0.06244926771627743,114,65140.0,-3.259999999999991
1625.0,115,2950.0,17.151162790697676,1.7694751799431214,115,65421.0,0.05886589992167502,115,65421.0,-2.810000000000059
1630.0,120,2982.0,17.23699421965318,1.9321429454645376,120,65752.0,0.06416657952353794,120,65752.0,-3.3099999999999454
1635.0,126,3102.0,17.52542372881356,1.997603870169134,126,66129.0,0.06147169171355863,126,66129.0,-3.769999999999982
1640.0,128,3351.0,19.039772727272727,1.9382860982508807,128,66585.0,0.06312906467614424,128,66585.0,-4.560000000000059
1645.0,135,3926.0,22.0561797752809,1.6602412529628416,135,67081.0,0.04856913045698332,135,67081.0,-4.959999999999923
1650.0,141,4540.0,25.50561797752809,1.462907653475678,141,67612.0,0.036501012893430294,141,67612.0,-5.310000000000059
1655.0,144,4935.0,27.416666666666668,1.494868877278706,144,68162.0,0.0406308581140186,144,68162.0,-5.5
1660.0,141,5152.0,28.9438202247191,1.4045351988340837,141,67782.0,0.03677439504025544,141,67782.0,3.7999999999999545
1665.0,136,5352.0,29.733333333333334,1.697027559769703,136,66483.0,0.047044490646606,136,66483.0,12.990000000000009
1670.0,136,5547.0,31.162921348314608,1.5938758253007186,136,66999.0,0.04418237921400897,136,66999.0,-5.159999999999968
1675.0,142,5832.0,32.58100558659218,1.469428755387551,142,67556.0,0.04329814992318159,142,67556.0,-5.569999999999936
1680.0,146,6142.0,34.312849162011176,1.330862762239783,146,68124.0,0.03756354579565296,146,68124.0,-5.680000000000064
1685.0,145,6226.0,34.20879120879121,1.422629961197294,145,68473.0,0.03625171939150622,145,68473.0,-3.490000000000009
1690.0,145,6143.0,33.752747252747255,1.4235447003855735,145,68603.0,0.0357450321519646,145,68603.0,-1.2999999999999545
1695.0,140,6048.0,33.23076923076923,1.6350973754022762,140,68734.0,0.05110199021415354,140,68734.0,-1.3100000000000591
1700.0,137,5931.0,32.58791208791209,1.7552684490950865,137,68697.0,0.05106535855170378,137,68697.0,0.37000000000000455
1705.0,132,5796.0,32.02209944751381,1.9961679121680374,132,68720.0,0.06920270993184756,132,68720.0,-0.2300000000000182
1710.0,129,5753.0,32.32022471910113,1.9470573395755408,129,68799.0,0.0644028711938257,129,68799.0,-0.7899999999999636
1715.0,127,5860.0,32.92134831460674,1.8845562268085174,126,69284.0,0.06543103556291882,126,69284.0,-4.850000000000023
1720.0,135,6207.0,35.26704545454545,1.6825662327688742,135,69788.0,0.05731506929242431,135,69788.0,-5.039999999999964
1725.0,143,6894.0,38.73033707865169,1.5342587820541593,143,70330.0,0.04929969591282752,143,70330.0,-5.419999999999959
1730.0,150,7300.0,41.24293785310734,1.2217661231632886,150,70172.0,0.03266892608636492,150,70172.0,1.5799999999999272
1735.0,150,7501.0,41.672222222222224,1.3265315859734073,150,69303.0,0.03476350215664298,150,69303.0,8.690000000000055
1740.0,147,7695.0,42.75,1.5459653642218085,147,68451.0,0.04171825987522773,147,68451.0,8.519999999999982
1745.0,143,7782.0,42.75824175824176,1.6270621233991855,143,68972.0,0.04238911648263199,143,68972.0,-5.210000000000036
1750.0,140,7878.0,44.01117318435754,1.6541829675968553,140,69450.0,0.04326024362464964,140,69450.0,-4.779999999999973
1755.0,141,8032.0,45.12359550561798,1.66106599354777,141,69956.0,0.05155024363326816,141,69956.0,-5.059999999999945
1760.0,141,8187.0,46.25423728813559,1.6396344342444975,141,70499.0,0.045851233870192985,141,70499.0,-5.430000000000064
1765.0,142,8346.0,46.625698324022345,1.6972012436127535,142,71059.0,0.0459786160250456,142,71059.0,-5.600000000000023
1770.0,142,8506.0,48.32954545454545,1.5473958000061054,142,71640.0,0.035823343938185336,142,71640.0,-5.809999999999945
1775.0,140,8574.0,48.71590909090909,1.5994293967272584,140,71500.0,0.04059227986536747,140,71500.0,1.3999999999999773
1780.0,135,8559.0,49.189655172413794,1.6018295877222186,135,70627.0,0.04087937586119149,135,70627.0,8.730000000000018
1785.0,132,8529.0,49.01724137931034,1.8100099572250548,132,69767.0,0.05690118651620155,132,69767.0,8.600000000000023
1790.0,129,8471.0,48.68390804597701,1.7679615541879572,129,70308.0,0.04823422384619902,129,70308.0,-5.410000000000082
1795.0,131,8551.0,49.14367816091954,1.808496701146692,131,70860.0,0.054005750937895204,131,70860.0,-5.519999999999982
1800.0,137,9072.0,52.13793103448276,1.6775484141222083,137,71409.0,0.044327283529428725,137,71409.0,-5.490000000000009
1805.0,141,9621.0,54.97714285714286,1.6207178381791756,141,71964.0,0.04070839660440106,141,71964.0,-5.5499999999999545
1810.0,142,10117.0,58.14367816091954,1.418270031244568,142,71789.0,0.03175510399116603,142,71789.0,1.75
1815.0,138,10563.0,60.36,1.5570009996552459,138,70892.0,0.04537907074863235,138,70892.0,8.970000000000027
1820.0,137,10995.0,62.82857142857143,1.5806390713194658,137,70008.0,0.04954536687623789,137,70008.0,8.839999999999918
1825.0,132,11415.0,65.22857142857143,1.7256407862190293,132,68467.0,0.05865530465328629,132,68467.0,15.410000000000082
1830.0,129,11815.0,68.29479768786128,1.8204274226144264,129,67049.0,0.06351661317271846,129,67049.0,14.17999999999995
1835.0,123,12150.0,69.82758620689656,1.9094803295211398,123,67478.0,0.06769544783447974,123,67478.0,-4.289999999999964
1840.0,126,12582.0,72.72832369942196,1.8119800212248025,126,67906.0,0.06377839339010431,126,67906.0,-4.279999999999973
1845.0,130,13120.0,74.97142857142858,1.8891045426664719,130,68368.0,0.06777901531409646,130,68368.0,-4.6200000000000045
1850.0,135,13687.0,78.21142857142857,1.8275380964401975,135,68858.0,0.055763294719760804,135,68858.0,-4.900000000000091
1855.0,137,14267.0,81.0625,1.8143748756967937,137,69363.0,0.054121657851175335,137,69363.0,-5.0499999999999545
1860.0,137,14419.0,81.46327683615819,1.7765628580523147,137,69600.0,0.04824933909519678,137,69600.0,-2.3700000000000045
1865.0,134,14274.0,80.19101123595506,1.8130479165599263,134,69578.0,0.05812936112642101,134,69578.0,0.22000000000002728
1870.0,131,14115.0,79.29775280898876,1.9586796465313112,131,69557.0,0.06509367992529558,131,69557.0,0.2099999999999227
1875.0,127,13988.0,78.14525139664805,2.1272206314710354,127,69322.0,0.06872269855085089,127,69322.0,2.3500000000000227
1880.0,131,13936.0,78.73446327683615,2.0181147350919755,131,69792.0,0.06753931451617348,131,69792.0,-4.699999999999932
1885.0,135,14132.0,78.5111111111111,1.7989794097302454,135,70260.0,0.05147591876747171,135,70260.0,-4.680000000000064
1890.0,139,14574.0,80.96666666666667,1.7489578871166247,139,70759.0,0.04772157498319247,139,70759.0,-4.990000000000009
1895.0,141,15185.0,84.36111111111111,1.660446907309378,141,71046.0,0.04947516348973288,141,71046.0,-2.8700000000000045
1900.0,142,15817.0,88.36312849162012,1.6194089881968798,142,71125.0,0.049709208386382514,142,71125.0,-0.7899999999999636
1905.0,146,16461.0,91.45,1.5207564025241582,146,71244.0,0.04728240498245628,146,71244.0,-1.1900000000000546
1910.0,145,17086.0,94.39779005524862,1.4558765766993014,144,71776.0,0.037977024390529864,144,71776.0,-5.319999999999936
1915.0,146,17737.0,96.92349726775956,1.5163873385645175,146,72336.0,0.038061098827205375,146,72336.0,-5.600000000000023
1920.0,150,18402.0,100.55737704918033,1.4539279838912589,150,72885.0,0.035205829891107196,150,72885.0,-5.490000000000009
1925.0,150,18854.0,103.5934065934066,1.3660928803731403,150,72764.0,0.037361169845881094,150,72764.0,1.2100000000000364
1930.0,150,19159.0,105.26923076923077,1.42191732906003,150,71953.0,0.035568862497684456,150,71953.0,8.110000000000014
1935.0,150,19468.0,107.55801104972376,1.5190279500146986,150,71357.0,0.04367295887837946,150,71357.0,5.959999999999923
1940.0,147,19760.0,109.17127071823204,1.5919732890429215,147,70179.0,0.041673118113304444,147,70179.0,11.780000000000086
1945.0,142,20035.0,111.30555555555556,1.7906403610226902,142,69011.0,0.05688290632012545,142,69011.0,11.67999999999995
1950.0,137,19440.0,108.60335195530726,1.6581385114449827,137,68611.0,0.05005356850937437,137,68611.0,4.0
1955.0,133,18265.0,102.0391061452514,1.8219936008877815,133,67288.0,0.0584456985948264,133,67288.0,13.230000000000018
1960.0,130,17069.0,96.43502824858757,1.9581599661555973,130,65971.0,0.06613108682633675,130,65971.0,13.169999999999959
1965.0,125,15755.0,88.51123595505618,2.06934438615051,125,66451.0,0.06718048611144449,125,66451.0,-4.7999999999999545
1970.0,124,14500.0,81.46067415730337,2.2359783097802817,124,66917.0,0.06720010955669699,124,66917.0,-4.659999999999968
1975.0,124,13270.0,74.5505617977528,2.32701951261631,124,67412.0,0.07702397535179419,124,67412.0,-4.9500000000000455
1980.0,125,12049.0,68.07344632768361,2.27975776936123,125,67935.0,0.06954186198418674,125,67935.0,-5.230000000000018
1985.0,122,10771.0,61.19886363636363,2.192419950796407,122,67851.0,0.06355237484961335,122,67851.0,0.8400000000000318
1990.0,120,9516.0,54.37714285714286,2.197185844069335,120,67137.0,0.06722039415946185,120,67137.0,7.139999999999986
1995.0,120,8541.0,48.52840909090909,2.2950874224082107,120,66492.0,0.07603018050250075,120,66492.0,6.4500000000000455
2000.0,124,7563.0,42.728813559322035,2.049847893689823,124,66930.0,0.059351037507030795,124,66930.0,-4.3799999999999955
2005.0,127,6617.0,37.174157303370784,2.013511769041022,127,67396.0,0.05806619832867066,127,67396.0,-4.660000000000082
2010.0,130,5685.0,32.48571428571429,1.7958743635444379,130,67872.0,0.05667302811405572,130,67872.0,-4.759999999999991
2015.0,132,5051.0,28.698863636363637,1.7142240304091558,132,68360.0,0.052706323364363164,132,68360.0,-4.8799999999999955
2020.0,138,5499.0,30.89325842696629,1.6837121841580345,138,68315.0,0.05023759965764184,138,68315.0,0.4500000000000455
2025.0,138,5916.0,32.32786885245902,1.6740544069676937,138,67740.0,0.04817516891442849,138,67740.0,5.75
2030.0,138,6336.0,34.622950819672134,1.6987562010907609,138,67303.0,0.05198123160105276,138,67303.0,4.3700000000000045
2035.0,139,6384.0,34.50810810810811,1.5807824817590836,138,67556.0,0.046249659514669555,138,67556.0,-2.5299999999999727
2040.0,139,6188.0,34.187845303867405,1.4320470259432354,139,68145.0,0.047421058673350974,139,68145.0,-5.8900000000001
2045.0,134,6018.0,33.065934065934066,1.503758545358092,134,68080.0,0.05179226529818657,134,68080.0,0.650000000000091
2050.0,133,5841.0,32.45,1.4382759849370808,133,68611.0,0.05174716505748566,133,68611.0,-5.310000000000059
2055.0,138,5779.0,31.752747252747252,1.388130253223877,138,69137.0,0.04527343101335594,138,69137.0,-5.259999999999991
2060.0,142,5753.0,31.437158469945356,1.4738406542846574,142,69666.0,0.04735474826392259,142,69666.0,-5.289999999999964
2065.0,143,5836.0,31.717391304347824,1.2881666528265958,143,69890.0,0.04130995684879178,143,69890.0,-2.240000000000009
2070.0,141,6097.0,32.77956989247312,1.4456505618115367,141,69804.0,0.047879061318299,141,69804.0,0.8600000000000136
2075.0,139,6552.0,35.037433155080215,1.6001108974416804,139,69712.0,0.05690082049469635,139,69712.0,0.9199999999999591
2080.0,138,7033.0,37.81182795698925,1.5871750783966263,138,70197.0,0.049134738981928945,138,70197.0,-4.850000000000023
2085.0,144,7608.0,40.903225806451616,1.4808965616766814,144,70705.0,0.045128578582778994,144,70705.0,-5.079999999999927
2090.0,150,8268.0,44.45161290322581,1.4713655746447492,150,71254.0,0.04381399213316082,150,71254.0,-5.490000000000009
2095.0,153,8767.0,46.142105263157895,1.3258580042070927,153,71269.0,0.03638936559016374,153,71269.0,-0.15000000000009095
2100.0,150,9138.0,48.34920634920635,1.3626843623058222,150,70741.0,0.04163942452954379,150,70741.0,5.280000000000086
2105.0,149,9541.0,49.952879581151834,1.5258412374562025,149,70226.0,0.04743337717279114,149,70226.0,5.149999999999977
2110.0,150,9991.0,52.30890052356021,1.6625715903000389,150,69334.0,0.049018680740316546,150,69334.0,8.919999999999959
2115.0,150,10444.0,54.395833333333336,1.6929494756363308,150,68547.0,0.05005210913839491,150,68547.0,7.8700000000000045
2120.0,148,10767.0,57.27127659574468,1.5137118908046867,148,69146.0,0.049447859688269806,148,69146.0,-5.990000000000009
2125.0,148,11007.0,57.93157894736842,1.5710656733011128,148,69745.0,0.04707220712469784,148,69745.0,-5.990000000000009
2130.0,148,11240.0,59.47089947089947,1.6317154039620752,148,70031.0,0.04811207074625808,148,70031.0,-2.8599999999999
2135.0,143,11339.0,59.99470899470899,1.6291562446794703,143,70615.0,0.04547526833862825,143,70615.0,-5.840000000000032
2140.0,142,11489.0,61.111702127659576,1.7618361236956543,142,71154.0,0.05555002131298249,142,71154.0,-5.389999999999986
2145.0,143,11645.0,61.28947368421053,1.7527454006544438,143,71714.0,0.057330376009212494,143,71714.0,-5.600000000000023
2150.0,143,11805.0,62.79255319148936,1.7937763350780234,143,72275.0,0.0541589592127941,143,72275.0,-5.610000000000014
2155.0,144,11970.0,64.35483870967742,1.6117804770378519,144,72837.0,0.05026503077538392,144,72837.0,-5.6200000000000045
2160.0,146,12350.0,67.48633879781421,1.519551398416504,146,73405.0,0.05104094970025862,146,73405.0,-5.67999999999995
2165.0,152,13042.0,70.8804347826087,1.3739467628578306,152,73996.0,0.04321760502248541,152,73996.0,-5.910000000000082
2170.0,155,13609.0,73.96195652173913,1.1783355195516614,155,74079.0,0.03190374421271775,155,74079.0,-0.8299999999999272
2175.0,156,14120.0,75.50802139037434,1.212429444759052,156,73645.0,0.035544085528507414,156,73645.0,4.339999999999918
2180.0,156,14655.0,77.95212765957447,1.3350707811239277,156,73207.0,0.042141582974209536,156,73207.0,4.3799999999999955
2185.0,153,15036.0,79.55555555555556,1.301589196092595,153,73382.0,0.04082216425112446,153,73382.0,-1.75
2190.0,151,15307.0,80.56315789473685,1.3212943880572048,151,73551.0,0.03453870445059193,151,73551.0,-1.6899999999999409
2195.0,150,15568.0,81.08333333333333,1.3045543327286795,150,73711.0,0.038986387023821775,150,73711.0,-1.6000000000000227
2200.0,148,15793.0,82.25520833333333,1.2858998553526804,148,74204.0,0.03715419879718805,148,74204.0,-4.92999999999995
2205.0,151,16052.0,82.74226804123711,1.2388286082748732,151,74717.0,0.034654180354712676,151,74717.0,-5.1299999999999955
2210.0,152,16322.0,84.56994818652849,1.2568241687978234,152,75244.0,0.036123005243338384,152,75244.0,-5.2700000000000955
2215.0,150,16500.0,85.05154639175258,1.3079351065055833,150,75240.0,0.04007342811877637,150,75240.0,0.04000000000007731
2220.0,146,16597.0,86.44270833333333,1.3474489509321756,146,74832.0,0.04403027852600868,146,74832.0,4.079999999999927
2225.0,142,16683.0,86.44041450777202,1.5399887194474424,142,74423.0,0.0526014297333589,142,74423.0,4.090000000000032
2230.0,139,16898.0,87.55440414507773,1.5333687021131122,139,74883.0,0.04621900316797241,139,74883.0,-4.600000000000023
2235.0,144,17336.0,88.9025641025641,1.647053789308319,144,75364.0,0.048422498863864655,144,75364.0,-4.809999999999945
2240.0,154,17936.0,92.93264248704664,1.4174201118384624,154,75883.0,0.04170917125842777,154,75883.0,-5.190000000000055
2245.0,162,18582.0,95.78350515463917,1.224811956396131,162,76449.0,0.03445859077402602,162,76449.0,-5.659999999999968
2250.0,160,19176.0,98.33846153846154,1.2458872911623504,160,76564.0,0.029568684017481715,160,76564.0,-1.1499999999999773
2255.0,159,19724.0,100.12182741116752,1.3353319990251011,159,76220.0,0.03676530076938582,159,76220.0,3.439999999999941
2260.0,156,20261.0,103.9025641025641,1.3695944796088821,156,75968.0,0.04250433351499604,156,75968.0,2.5200000000000955
2265.0,152,20781.0,105.48730964467005,1.588914678908152,152,75474.0,0.048305511299368456,152,75474.0,4.939999999999941
2270.0,149,21252.0,108.98461538461538,1.5176456541263101,149,75976.0,0.04455291259501917,149,75976.0,-5.019999999999982
2275.0,149,21749.0,112.1082474226804,1.5364784432854706,149,76482.0,0.05131181033023337,149,76482.0,-5.060000000000059
2280.0,151,22299.0,115.53886010362694,1.5239898425238596,151,76997.0,0.051204753495565636,151,76997.0,-5.149999999999977
2285.0,156,22969.0,118.39690721649484,1.428852872039758,156,77538.0,0.04482538650631228,156,77538.0,-5.409999999999968
2290.0,159,23386.0,119.92820512820512,1.3251602590315492,159,77657.0,0.034004536841025314,159,77657.0,-1.1900000000000546
2295.0,156,23616.0,120.48979591836735,1.4045291275662224,156,77357.0,0.0418034178812844,156,77357.0,3.0
2300.0,155,23836.0,120.99492385786802,1.4810200546025774,155,77078.0,0.04771813203771893,155,77078.0,2.7900000000000773
2305.0,151,23941.0,120.30653266331659,1.5878924829584213,151,77236.0,0.0486393013532301,151,77236.0,-1.580000000000041
2310.0,147,23956.0,120.98989898989899,1.6599470704314487,147,77042.0,0.050836636626874834,147,77042.0,1.9400000000000546
2315.0,144,23995.0,122.4234693877551,1.7842339799098141,144,76840.0,0.05876588790734046,144,76840.0,2.019999999999982
2320.0,146,24034.0,122.62244897959184,1.6220175523026408,146,77310.0,0.05105007409080306,146,77310.0,-4.7000000000000455
2325.0,151,24141.0,121.31155778894473,1.5139463207161987,151,77792.0,0.042755088810948236,151,77792.0,-4.819999999999936
2330.0,153,24271.0,121.96482412060301,1.541104852980671,153,78320.0,0.043399668204837996,153,78320.0,-5.280000000000086
2335.0,151,24366.0,123.06060606060606,1.4492479213113865,151,78515.0,0.03837824323631415,151,78515.0,-1.9499999999999318
2340.0,150,24578.0,124.13131313131314,1.5002945235827914,150,78388.0,0.04061681676014782,150,78388.0,1.2699999999999818
2345.0,147,24983.0,124.29353233830845,1.6972049914086311,147,78254.0,0.05209354340021115,147,78254.0,1.3400000000000318
2350.0,149,25337.0,126.685,1.6538987698675824,148,78369.0,0.04954113474644309,148,78369.0,-1.150000000000091
2355.0,152,25613.0,128.065,1.5342285877574056,152,78951.0,0.04325907986606878,152,78951.0,-5.819999999999936
2360.0,149,25880.0,129.4,1.5832973533782964,149,78654.0,0.04374110638397906,149,78654.0,2.9700000000000273
2365.0,146,26113.0,130.565,1.5648297727537153,146,78857.0,0.045211625408553016,146,78857.0,-2.0300000000000864
2370.0,144,26377.0,133.2171717171717,1.5873630858621934,144,78695.0,0.048062222487375524,144,78695.0,1.6200000000000045
2375.0,144,26712.0,133.56,1.6716948451543001,144,78534.0,0.05387670606312036,144,78534.0,1.6100000000000136
2380.0,146,26974.0,134.87,1.5438034833420784,146,79021.0,0.04531008451330255,146,79021.0,-4.8700000000000045
2385.0,145,27294.0,135.11881188118812,1.6349486028848692,145,79479.0,0.049256605467291256,145,79479.0,-4.579999999999927
2390.0,148,27644.0,138.22,1.5818884428140083,148,79961.0,0.051399046537874284,148,79961.0,-4.82000000000005
2395.0,150,28007.0,140.035,1.4828125034146626,150,80462.0,0.04734587718425612,150,80462.0,-5.009999999999991
2400.0,151,28411.0,143.489898989899,1.415677742104023,151,80958.0,0.041556998302635276,151,80958.0,-4.960000000000036
2405.0,157,28965.0,144.1044776119403,1.3956107040177226,157,81475.0,0.03762819581771143,157,81475.0,-5.169999999999959
2410.0,164,29685.0,147.6865671641791,1.250692828678737,164,82026.0,0.03342306458153147,164,82026.0,-5.509999999999991
2415.0,170,30445.0,149.24019607843138,1.2145960140866423,170,82606.0,0.02852422782506105,170,82606.0,-5.7999999999999545
2420.0,175,31237.0,153.12254901960785,1.1169497590630983,175,83218.0,0.026838469905209068,175,83218.0,-6.1200000000000045
2425.0,174,31856.0,155.39512195121952,1.105968992156313,174,83358.0,0.028411774597507832,174,83358.0,-1.400000000000091
2430.0,170,32370.0,159.45812807881774,1.1496292353977706,170,83026.0,0.03257449816032023,170,83026.0,3.32000000000005
2435.0,172,32920.0,160.58536585365854,1.1876101642317838,172,82713.0,0.03477490099229603,172,82713.0,3.1299999999999955
2440.0,172,33476.0,165.72277227722773,1.1258167217806971,172,81997.0,0.03477378396453667,172,81997.0,7.159999999999968
2445.0,172,34010.0,167.5369458128079,1.1082675663827197,172,82619.0,0.037590153860925915,172,82619.0,-6.220000000000027
2450.0,171,34556.0,171.06930693069307,1.0932268466450608,171,83250.0,0.03201937933321147,171,83250.0,-6.309999999999945
2455.0,174,35114.0,171.28780487804877,1.1318165299126368,174,83901.0,0.033970657764963004,174,83901.0,-6.509999999999991
2460.0,172,35435.0,172.85365853658536,1.1978173264391025,172,84135.0,0.035007069740382014,172,84135.0,-2.340000000000032
2465.0,169,35584.0,172.7378640776699,1.2366890241480863,169,84002.0,0.03717664163217334,169,84002.0,1.330000000000041
2470.0,165,35711.0,173.35436893203882,1.4165288895354184,165,83922.0,0.04309586180619748,165,83922.0,0.7999999999999545
2475.0,161,35821.0,173.04830917874395,1.624320082618204,161,83491.0,0.04903406846561366,161,83491.0,4.310000000000059
2480.0,158,34369.0,166.8398058252427,1.5931658024686077,158,83110.0,0.04813605265057924,158,83110.0,3.8099999999999454
2485.0,153,32019.0,155.43203883495147,1.6350798509268145,153,81744.0,0.052167841848504176,153,81744.0,13.659999999999968
2490.0,153,29801.0,146.08333333333334,1.7277686648226376,153,80390.0,0.05628847425095746,153,80390.0,13.540000000000077
2495.0,153,27591.0,135.91625615763547,1.6920220476892907,153,78079.0,0.05515981460634264,153,78079.0,23.110000000000014
2500.0,153,25218.0,124.22660098522168,1.6500440596170638,153,78153.0,0.05097316557219143,153,78153.0,-0.7400000000000091
2505.0,149,22719.0,110.82439024390244,1.7497137407825083,149,77746.0,0.05453029209222002,149,77746.0,4.069999999999936
2510.0,145,20202.0,99.51724137931035,1.9213407729211383,145,77354.0,0.06061530167651528,145,77354.0,3.9200000000000728
2515.0,141,17531.0,85.93627450980392,1.939263856662771,141,77783.0,0.056880864487618955,141,77783.0,-4.290000000000077
2520.0,138,14919.0,73.13235294117646,2.09391850753823,138,78204.0,0.06052251631706848,138,78204.0,-4.209999999999923
2525.0,140,12485.0,60.90243902439025,2.1271471413181575,140,78602.0,0.06307654374095037,140,78602.0,-3.980000000000018
2530.0,145,10350.0,50.98522167487685,2.0282444159879405,145,79058.0,0.06107751070071198,145,79058.0,-4.560000000000059
2535.0,153,8243.0,40.806930693069305,1.6914773462236623,153,79571.0,0.05023839863866691,153,79571.0,-5.1299999999999955
2540.0,153,6156.0,30.32512315270936,1.6641497758284347,153,80102.0,0.04559074187043938,153,80102.0,-5.309999999999945
2545.0,156,4617.0,22.63235294117647,1.629717720156488,156,80646.0,0.045625462188451024,156,80646.0,-5.440000000000055
2550.0,161,4989.0,24.698019801980198,1.4357723742508761,160,80256.0,0.039172510696990674,160,80256.0,3.900000000000091
2555.0,165,5280.0,25.631067961165048,1.3499104186810829,165,79887.0,0.0312653467055249,165,79887.0,3.689999999999941
2560.0,165,5720.0,28.03921568627451,1.2943587938877208,165,78576.0,0.03619059412388028,165,78576.0,13.110000000000014
2565.0,167,6287.0,30.519417475728154,1.2832541427178077,167,79193.0,0.03758261647803944,167,79193.0,-6.169999999999959
2570.0,174,6885.0,33.26086956521739,1.1907567060914521,174,79848.0,0.030906700955696996,174,79848.0,-6.550000000000068
2575.0,177,7508.0,35.75238095238095,1.1504937518808245,177,80519.0,0.024514429287689064,177,80519.0,-6.710000000000036
2580.0,179,8143.0,38.961722488038276,1.0940913956913558,179,81199.0,0.025469641790171887,179,81199.0,-6.7999999999999545
2585.0,181,8791.0,42.26442307692308,1.0041218353713786,181,81898.0,0.020402446289354954,181,81898.0,-6.990000000000009
2590.0,178,9105.0,43.98550724637681,1.008281722915694,178,82164.0,0.021768511808066843,178,82164.0,-2.659999999999968
2595.0,174,9179.0,44.34299516908212,1.0259485476144594,174,81983.0,0.029211749195324804,174,81983.0,1.8099999999999454
2600.0,170,9231.0,45.02926829268293,1.118409307517544,170,81783.0,0.03511133122992855,170,81783.0,2.0
2605.0,166,9146.0,44.18357487922705,1.1774600213005653,166,81507.0,0.03481644089650462,166,81507.0,2.759999999999991
2610.0,163,8988.0,43.63106796116505,1.2484896620477037,163,80253.0,0.036510067024057714,163,80253.0,12.540000000000077
2615.0,159,8897.0,43.189320388349515,1.4077244732615695,159,79008.0,0.04832066342093138,159,79008.0,12.449999999999932
2620.0,160,8626.0,41.87378640776699,1.3416304418361484,160,79125.0,0.04246561095237859,160,79125.0,-1.169999999999959
2625.0,160,8151.0,39.3768115942029,1.3853526724055811,160,78742.0,0.04306023439167693,160,78742.0,3.830000000000041
2630.0,159,7671.0,36.87980769230769,1.5015536419567928,159,78350.0,0.04756025223368753,159,78350.0,3.919999999999959
2635.0,157,7138.0,33.99047619047619,1.513788670945429,157,78012.0,0.0443383382888064,157,78012.0,3.3799999999999955
2640.0,153,6560.0,31.38755980861244,1.5760111609371767,153,76701.0,0.04728462630608044,153,76701.0,13.110000000000014
2645.0,148,5960.0,28.38095238095238,1.7910255578653194,148,75385.0,0.056163549549339324,148,75385.0,13.159999999999968
2650.0,144,5362.0,25.903381642512077,1.8160225013726399,144,73118.0,0.05873127563962717,144,73118.0,22.670000000000073
2655.0,140,4819.0,23.393203883495147,1.7735111959462189,140,73137.0,0.05899351579858682,140,73137.0,-0.19000000000005457
2660.0,141,4623.0,22.55121951219512,1.7503607455067198,141,72645.0,0.0608889157159031,141,72645.0,4.919999999999959
2665.0,141,4427.0,21.490291262135923,1.8201863379898329,141,72205.0,0.06614173964377248,141,72205.0,4.400000000000091
2670.0,140,4096.0,19.78743961352657,1.8492471081992465,139,72660.0,0.05934498959188833,139,72660.0,-4.550000000000068
2675.0,143,3974.0,19.10576923076923,1.7249180980864887,143,73204.0,0.05210275703981819,143,73204.0,-5.439999999999941
2680.0,147,4051.0,19.29047619047619,1.7923736800895977,147,73645.0,0.05676933765839932,147,73645.0,-4.410000000000082
2685.0,150,4330.0,20.42452830188679,1.7242062800282267,150,73713.0,0.052555426878624155,150,73713.0,-0.67999999999995
2690.0,156,4846.0,22.858490566037737,1.650834806833818,156,73333.0,0.04949929535389297,156,73333.0,3.7999999999999545
2695.0,155,5375.0,25.473933649289098,1.7472484578366578,155,73008.0,0.056966896244521746,155,73008.0,3.25
2700.0,155,5932.0,27.9811320754717,1.8180522111235145,155,72273.0,0.054855965544244684,155,72273.0,7.350000000000023
2705.0,155,6530.0,30.80188679245283,1.894128521388217,155,71612.0,0.061609838010815376,155,71612.0,6.610000000000014
2710.0,158,7140.0,33.679245283018865,1.8906426401607257,158,71035.0,0.058042452543545474,158,71035.0,5.769999999999982
2715.0,156,7748.0,36.720379146919434,1.78094653765318,156,70903.0,0.0588712609122833,156,70903.0,1.32000000000005
2720.0,157,8290.0,39.665071770334926,1.6767095502580271,156,71470.0,0.05490584414252135,156,71470.0,-5.670000000000073
2725.0,162,8842.0,42.10476190476191,1.507805096515033,161,72127.0,0.04839841331278749,161,72127.0,-6.569999999999936
2730.0,170,9548.0,44.82629107981221,1.526413704891444,169,72797.0,0.046559255898089014,169,72797.0,-6.7000000000000455
2735.0,170,10267.0,47.753488372093024,1.4889741502716984,170,73395.0,0.042566578208258335,170,73395.0,-5.980000000000018
2740.0,167,10581.0,48.986111111111114,1.6268982071634586,167,73468.0,0.046483067403520956,167,73468.0,-0.7299999999999045
2745.0,167,10667.0,49.38425925925926,1.663954865734927,167,72993.0,0.05021751336870927,167,72993.0,4.75
2750.0,166,10788.0,50.647887323943664,1.7524460702777533,166,72519.0,0.05563537232367866,166,72519.0,4.739999999999895
2755.0,167,10899.0,51.410377358490564,1.5536984751336202,167,73078.0,0.04832374905191122,167,73078.0,-5.589999999999918
2760.0,167,10984.0,52.056872037914694,1.5194030682561268,167,73580.0,0.046542806167488855,167,73580.0,-5.019999999999982
2765.0,168,11091.0,52.56398104265403,1.3834540605262902,168,74106.0,0.04248662935585257,168,74106.0,-5.259999999999991
2770.0,171,10921.0,51.758293838862556,1.3699987092137287,171,73828.0,0.03742703391111482,171,73828.0,2.7799999999999727
2775.0,173,10529.0,50.13809523809524,1.1455542125433122,173,73562.0,0.02622741143229063,173,73562.0,2.659999999999968
2780.0,170,10131.0,48.70673076923077,1.1625276032324678,170,73301.0,0.031530640626705034,170,73301.0,2.6100000000000136
2785.0,166,9517.0,45.319047619047616,1.2519086292669754,166,73527.0,0.03387081512624229,166,73527.0,-2.259999999999991
2790.0,163,8754.0,41.68571428571428,1.3537105329523236,163,73306.0,0.03573460890070384,163,73306.0,2.2100000000000364
2795.0,158,7969.0,37.94761904761905,1.4407719865662243,158,73088.0,0.042488053484401024,158,73088.0,2.17999999999995
2800.0,155,7080.0,34.03846153846154,1.4361473806725173,155,73622.0,0.03951221140884323,155,73622.0,-5.340000000000032
2805.0,151,6264.0,29.971291866028707,1.458180178949757,151,74140.0,0.03868207261879751,151,74140.0,-5.17999999999995
2810.0,154,6057.0,29.120192307692307,1.5337864294670747,154,74613.0,0.045630636817186716,154,74613.0,-4.730000000000018
2815.0,160,5891.0,28.1866028708134,1.2664101795926286,160,74807.0,0.03506281522777763,160,74807.0,-1.9400000000000546
2820.0,161,5710.0,27.451923076923077,1.3008743236518032,161,74618.0,0.0401938242248144,161,74618.0,1.8900000000001
2825.0,159,5521.0,26.29047619047619,1.4160154108937786,159,74450.0,0.04316647224419588,159,74450.0,1.67999999999995
2830.0,156,5346.0,25.457142857142856,1.5878487817913949,156,73925.0,0.04801398246399713,156,73925.0,5.25
2835.0,154,5315.0,25.18957345971564,1.69199179303454,154,73457.0,0.05505492302153658,154,73457.0,4.67999999999995
2840.0,154,5802.0,27.62857142857143,1.8403441291750284,154,73051.0,0.05953910745032628,154,73051.0,4.060000000000059
2845.0,159,6386.0,30.409523809523808,1.525166591046076,159,73658.0,0.04797077742227716,159,73658.0,-6.07000000000005
2850.0,163,6951.0,33.1,1.5098141115396315,162,74208.0,0.04769466695204807,162,74208.0,-5.5
2855.0,163,7590.0,35.801886792452834,1.474111344388761,163,74776.0,0.04144179288705262,163,74776.0,-5.67999999999995
2860.0,161,8309.0,39.193396226415096,1.6818953632676015,161,75276.0,0.04810948782848216,161,75276.0,-5.0
2865.0,161,8704.0,40.67289719626168,1.7555456000873884,161,75250.0,0.04885143033224788,161,75250.0,0.2599999999999909
2870.0,161,8896.0,41.9622641509434,1.7663322725020911,161,74578.0,0.05035970438813712,161,74578.0,6.720000000000027
2875.0,163,9160.0,43.41232227488152,1.7336732737259515,163,73916.0,0.0493944756805867,163,73916.0,6.6200000000000045
2880.0,164,9430.0,45.119617224880386,1.7845512218006017,164,72781.0,0.04846248472509669,164,72781.0,11.350000000000023
2885.0,165,9641.0,46.35096153846154,1.5220961066817937,165,73348.0,0.03812914255432541,165,73348.0,-5.670000000000073
2890.0,163,9813.0,47.86829268292683,1.4970712089179237,163,73862.0,0.04103421440247039,163,73862.0,-5.139999999999986
2895.0,160,10002.0,48.55339805825243,1.624022750670849,160,74381.0,0.04553152758195141,160,74381.0,-5.189999999999941
2900.0,160,10252.0,50.009756097560974,1.7735180045952075,160,74889.0,0.04775155301959398,160,74889.0,-5.080000000000041
2905.0,161,10506.0,51.75369458128079,1.6552337864844913,161,75462.0,0.046956838068908845,161,75462.0,-5.730000000000018
2910.0,161,10761.0,53.00985221674877,1.658741172321013,161,76088.0,0.04145254219965755,161,76088.0,-6.259999999999991
2915.0,163,11023.0,54.30049261083744,1.4855048486202502,163,76732.0,0.03483100285793628,163,76732.0,-6.440000000000055
2920.0,164,11284.0,56.13930348258707,1.346951942504414,164,77374.0,0.0317997370696473,164,77374.0,-6.419999999999959
2925.0,162,11268.0,56.059701492537314,1.4323927966931087,162,77088.0,0.03753839383621138,162,77088.0,2.8600000000000136
2930.0,159,10942.0,54.71,1.4113563794833488,159,77701.0,0.03296171812521263,159,77701.0,-6.1299999999999955
2935.0,164,11037.0,54.63861386138614,1.4495252739843636,164,78343.0,0.03798122197124677,164,78343.0,-6.419999999999959
2940.0,170,11158.0,55.51243781094527,1.1855543748455792,170,79018.0,0.030090159210175955,170,79018.0,-6.75
2945.0,173,11299.0,55.66009852216749,1.1522853679843985,173,79714.0,0.024819731642149928,173,79714.0,-6.960000000000036
2950.0,175,11449.0,56.399014778325125,1.0996206075730022,175,80414.0,0.020036368398678783,175,80414.0,-7.0
2955.0,173,11393.0,56.4009900990099,1.070544935114677,173,80458.0,0.020522260440550767,173,80458.0,-0.44000000000005457
2960.0,170,11182.0,55.6318407960199,1.1067984127461337,170,79835.0,0.028371069341547643,170,79835.0,6.230000000000018
2965.0,166,10953.0,53.95566502463054,1.237757724942989,166,79199.0,0.036813165249899756,166,79199.0,6.360000000000014
2970.0,167,10716.0,52.78817733990148,1.130426847037434,167,79862.0,0.030513207439681157,167,79862.0,-6.6299999999999955
2975.0,167,10486.0,51.15121951219512,1.2786920484545714,167,80533.0,0.03386521092295458,167,80533.0,-6.710000000000036
2980.0,168,10260.0,50.79207920792079,1.148121123361908,168,81206.0,0.03433262785356076,168,81206.0,-6.7299999999999045
2985.0,168,10035.0,49.92537313432836,1.0895602885480022,168,81891.0,0.031298987595010215,168,81891.0,-6.850000000000023
2990.0,169,9823.0,49.115,1.0628574130638615,169,82605.0,0.029471025727192315,169,82605.0,-7.139999999999986
2995.0,170,9874.0,49.124378109452735,0.9805693227888232,170,82871.0,0.02975536669832017,170,82871.0,-2.660000000000082
3000.0,169,9629.0,48.145,0.9995181688160116,169,82690.0,0.029284757563249903,169,82690.0,1.8100000000000591
3005.0,165,9365.0,46.36138613861386,1.2136599944586512,165,82518.0,0.03868240844551969,165,82518.0,1.7200000000000273
3010.0,160,9080.0,45.17412935323383,1.3620664787601262,160,81937.0,0.04327362553553918,160,81937.0,5.809999999999945
3015.0,157,8801.0,43.78606965174129,1.5440212550049681,157,81402.0,0.05573359941715234,157,81402.0,5.350000000000023
3020.0,153,8468.0,42.34,1.4759542267317989,153,81336.0,0.04803177719390769,153,81336.0,0.6599999999999682
3025.0,154,8240.0,40.79207920792079,1.4609261390114299,154,80553.0,0.048146277354646494,154,80553.0,7.830000000000041
3030.0,155,8017.0,39.299019607843135,1.6526313712930873,155,79817.0,0.05598597374431757,155,79817.0,7.360000000000014
3035.0,152,7714.0,37.265700483091784,1.7623447807496233,152,80366.0,0.05261662757887594,152,80366.0,-5.490000000000009
3040.0,153,7506.0,36.43689320388349,1.8006390706665811,153,80900.0,0.05104807209428753,153,80900.0,-5.340000000000032
3045.0,155,7513.0,36.470873786407765,1.7637572461178932,155,81473.0,0.052669242453956565,155,81473.0,-5.730000000000018
3050.0,153,7682.0,37.65686274509804,1.6406681274923136,153,81374.0,0.04831281272701991,153,81374.0,0.9900000000000091
3055.0,149,8012.0,38.89320388349515,1.8251577505983467,149,80585.0,0.05382260707303022,149,80585.0,7.889999999999986
3060.0,149,8432.0,41.13170731707317,1.94183635950562,149,79833.0,0.05973199587362926,149,79833.0,7.519999999999982
3065.0,150,8460.0,41.470588235294116,1.703446474463582,150,79454.0,0.04660389071022814,150,79454.0,3.7900000000000773
3070.0,151,8228.0,40.532019704433495,1.6354262096745042,151,78140.0,0.04140575822664293,151,78140.0,13.139999999999986
3075.0,147,7988.0,39.15686274509804,1.843216299386509,147,76845.0,0.05336113230834746,147,76845.0,12.949999999999932
3080.0,144,7672.0,38.169154228855724,1.7381640041183546,144,77376.0,0.05060428993571907,144,77376.0,-5.309999999999945
3085.0,144,7475.0,37.375,1.7769651393146841,144,77915.0,0.05163166932500703,144,77915.0,-5.389999999999986
3090.0,150,7479.0,37.395,1.7182148195707054,150,78486.0,0.04682879060831665,150,78486.0,-5.710000000000036
3095.0,155,7508.0,37.16831683168317,1.5911719471300045,155,79085.0,0.040638405838272065,155,79085.0,-5.990000000000009
3100.0,157,7552.0,37.57213930348259,1.5447241997602532,157,79699.0,0.036935371157512775,157,79699.0,-6.139999999999986
3105.0,159,7606.0,37.840796019900495,1.4282188311259967,159,80323.0,0.03902324485034573,159,80323.0,-6.240000000000009
3110.0,161,7675.0,38.5678391959799,1.309807395509379,161,80960.0,0.03356631486792819,161,80960.0,-6.3700000000000045
3115.0,163,7789.0,38.75124378109453,1.3379366534169397,163,81602.0,0.03389895621685832,163,81602.0,-6.419999999999959
3120.0,165,7788.0,38.94,1.2195200234154764,165,81557.0,0.03163482290332,165,81557.0,0.4499999999999318
3125.0,167,7682.0,38.21890547263681,1.1076676728467327,167,80817.0,0.034962781010334,167,80817.0,7.400000000000091
3130.0,164,7700.0,38.308457711442784,1.2150827890753437,164,80098.0,0.04129316208960138,164,80098.0,7.189999999999941
3135.0,168,8091.0,39.857142857142854,1.0356854754320293,168,79837.0,0.03462090255416355,168,79837.0,2.6100000000000136
3140.0,170,8388.0,40.917073170731705,1.1343444814190906,170,78662.0,0.03418029195615257,170,78662.0,11.75
3145.0,167,8674.0,42.31219512195122,1.2036317335156952,167,77503.0,0.04167769183382957,167,77503.0,11.590000000000032
3150.0,165,8895.0,43.390243902439025,1.1743498929186489,165,78164.0,0.03757560332172493,165,78164.0,-6.610000000000014
3155.0,166,9172.0,44.74146341463415,1.200630922896237,166,78840.0,0.03827534734638799,166,78840.0,-6.759999999999991
3160.0,166,9452.0,46.107317073170734,1.3009372419515275,166,79526.0,0.043950702489268724,166,79526.0,-6.860000000000014
3165.0,165,9643.0,46.58454106280193,1.3079361217113485,165,79504.0,0.037502776781287286,165,79504.0,0.22000000000002728
3170.0,162,9755.0,47.1256038647343,1.3989987224491471,162,78762.0,0.0388151998825277,162,78762.0,7.419999999999959
3175.0,157,9850.0,47.81553398058252,1.504983297729897,157,78009.0,0.0486973424987465,157,78009.0,7.529999999999973
3180.0,154,9927.0,48.42439024390244,1.5307130994235456,154,76577.0,0.052300449755231695,154,76577.0,14.32000000000005
3185.0,151,9570.0,46.45631067961165,1.5436808692697082,150,76642.0,0.053109971518310976,150,76642.0,-0.6499999999999773
3190.0,157,9094.0,43.932367149758456,1.4833430521871687,157,77274.0,0.04536324825858545,157,77274.0,-6.32000000000005
3195.0,158,8612.0,41.00952380952381,1.4942773102287723,158,77378.0,0.04182228474700227,158,77378.0,-1.0399999999999636
3200.0,156,8115.0,39.01442307692308,1.4231240490318156,156,77976.0,0.042565122005104206,156,77976.0,-5.980000000000018
3205.0,163,7899.0,37.614285714285714,1.3465358760689303,163,78604.0,0.0443401054513159,163,78604.0,-6.279999999999973
3210.0,168,7726.0,36.61611374407583,1.3118227619007556,168,79293.0,0.04259382592112979,168,79293.0,-6.889999999999986
3215.0,168,7565.0,35.85308056872038,1.2433286840914863,168,79952.0,0.036773193500991806,168,79952.0,-6.590000000000032
3220.0,170,7415.0,35.30952380952381,1.192471273784404,170,80647.0,0.04258600194868789,170,80647.0,-6.9500000000000455
3225.0,169,7200.0,34.285714285714285,1.2162853843753987,169,80795.0,0.03854585623408044,169,80795.0,-1.4800000000000182
3230.0,166,6965.0,33.32535885167464,1.2576125002010488,166,80373.0,0.03957287170614008,166,80373.0,4.220000000000027
3235.0,166,6825.0,32.5,1.3876521659803362,166,79978.0,0.0434656633035198,166,79978.0,3.9500000000000455
3240.0,168,6800.0,32.38095238095238,1.3195623709545203,168,79102.0,0.03762499351388507,168,79102.0,8.759999999999991
3245.0,164,6979.0,33.233333333333334,1.4925848445122638,164,78366.0,0.049124279240353334,164,78366.0,7.360000000000014
3250.0,163,7322.0,34.70142180094787,1.438272855580136,161,79008.0,0.040090095658826964,161,79008.0,-6.420000000000073
3255.0,167,7990.0,37.68867924528302,1.3719740596823597,166,79695.0,0.0378019296336223,166,79695.0,-6.8700000000000045
3260.0,170,8681.0,40.56542056074766,1.3419032747750992,170,80394.0,0.03596604947214177,170,80394.0,-6.990000000000009
3265.0,176,9083.0,42.050925925925924,1.4022972256038826,176,80201.0,0.03339632213305087,176,80201.0,1.9300000000000637
3270.0,172,9249.0,43.2196261682243,1.409525731054604,172,79090.0,0.03791989267157384,172,79090.0,11.110000000000014
3275.0,167,9394.0,43.89719626168224,1.5668792410088008,167,78901.0,0.04964531546086318,167,78901.0,1.8899999999999864
3280.0,165,9437.0,44.514150943396224,1.472624604737653,165,79139.0,0.04236441768413787,165,79139.0,-2.3799999999999955
3285.0,160,9402.0,44.77142857142857,1.5091932385576283,160,78876.0,0.045918547380305895,160,78876.0,2.6299999999999955
3290.0,157,9374.0,45.06730769230769,1.6183531678509906,157,78613.0,0.05615224955081055,157,78613.0,2.6299999999999955
3295.0,157,9439.0,45.37980769230769,1.622133843777058,157,77894.0,0.05532753180090853,157,77894.0,7.189999999999941
3300.0,159,9442.0,44.96190476190476,1.6211214398495788,159,77654.0,0.05132441290110483,159,77654.0,2.400000000000091
3305.0,157,9401.0,44.98086124401914,1.5939226062231733,157,76504.0,0.04644778009204983,157,76504.0,11.5
3310.0,155,9349.0,44.94711538461539,1.6601654893913955,155,75365.0,0.05564683989699975,155,75365.0,11.389999999999986
3315.0,151,9125.0,43.45238095238095,1.6522445842282607,151,75956.0,0.05092498795305514,151,75956.0,-5.909999999999968
3320.0,150,8853.0,42.15714285714286,1.6829928963705139,150,76506.0,0.05281463180880824,150,76506.0,-5.5
3325.0,148,8745.0,41.25,1.836532121297478,148,77048.0,0.059619713119049615,148,77048.0,-5.420000000000073
3330.0,151,8711.0,41.089622641509436,1.7665435890290568,151,77219.0,0.05255066851521975,151,77219.0,-1.7100000000000364
3335.0,156,9086.0,42.85849056603774,1.6161155187504415,156,76948.0,0.04813823303206038,156,76948.0,2.7100000000000364
3340.0,157,9522.0,44.91509433962264,1.701009026588761,157,76712.0,0.052399837165983204,157,76712.0,2.3600000000000136
3345.0,154,9515.0,44.46261682242991,1.7028274135652972,154,76550.0,0.04720346313746066,154,76550.0,1.6200000000000045
3350.0,157,9238.0,43.370892018779344,1.7548316914729467,157,75565.0,0.04781615547451557,157,75565.0,9.850000000000023
3355.0,158,8963.0,42.47867298578199,1.5660453874093794,158,74598.0,0.04841364962418024,158,74598.0,9.669999999999959
3360.0,155,8683.0,41.15165876777251,1.7503255484406206,155,72812.0,0.052567910336497284,155,72812.0,17.860000000000014
3365.0,152,8426.0,39.93364928909953,1.7796122259139768,152,71052.0,0.05604890939021879,152,71052.0,17.600000000000023
3370.0,156,8171.0,38.54245283018868,1.6687259745502128,156,71728.0,0.05172085185336858,156,71728.0,-6.759999999999991
3375.0,160,7890.0,37.04225352112676,1.529235671396272,160,72428.0,0.04259500729055832,160,72428.0,-7.0
3380.0,163,7616.0,35.924528301886795,1.519679379118185,163,72658.0,0.04573180780715592,163,72658.0,-2.300000000000068
3385.0,158,7078.0,33.386792452830186,1.489649290370588,158,72469.0,0.04280371850068473,158,72469.0,1.8899999999999864
3390.0,155,6407.0,30.364928909952607,1.5767661019787835,155,71354.0,0.0513680045682877,155,71354.0,11.150000000000091
3395.0,155,5834.0,27.5188679245283,1.633306767103783,155,70259.0,0.05289823944743512,155,70259.0,10.949999999999932
3400.0,155,5279.0,25.018957345971565,1.7272075079894662,155,68294.0,0.055347050928039876,155,68294.0,19.649999999999977
3405.0,154,4521.0,21.32547169811321,1.6867127924642853,154,68894.0,0.053017605224098374,154,68894.0,-6.0
3410.0,150,3797.0,18.080952380952382,1.8021054238620435,150,69398.0,0.0607547017427317,150,69398.0,-5.039999999999964
3415.0,152,3837.0,18.18483412322275,1.8130373670542947,152,69942.0,0.05840076025431071,152,69942.0,-5.439999999999941
3420.0,156,4015.0,19.028436018957347,1.6836611682579663,156,69766.0,0.04882908515899725,156,69766.0,1.759999999999991
3425.0,161,4205.0,19.741784037558684,1.5305407854203676,161,69623.0,0.038774904252276476,161,69623.0,1.42999999999995
3430.0,162,4427.0,20.784037558685448,1.553551325737487,162,69499.0,0.041965605136227595,162,69499.0,1.240000000000009
3435.0,160,4602.0,21.6056338028169,1.4421664775080287,160,69747.0,0.039478896794468976,160,69747.0,-2.480000000000018
3440.0,160,4673.0,22.04245283018868,1.3822012092690552,160,69484.0,0.043396669440087944,160,69484.0,2.6299999999999955
3445.0,156,4750.0,22.19626168224299,1.5061173870766669,156,69226.0,0.04998033545451884,156,69226.0,2.580000000000041
3450.0,159,4876.0,22.67906976744186,1.5115097885411737,159,69872.0,0.04499820800595208,159,69872.0,-6.460000000000036
3455.0,162,5209.0,24.004608294930875,1.4538012966014826,162,70536.0,0.041202355733950084,162,70536.0,-6.639999999999986
3460.0,165,5582.0,25.723502304147466,1.398771075076893,165,71127.0,0.03966498542056944,165,71127.0,-5.909999999999968
3465.0,167,5992.0,27.612903225806452,1.212916097021698,167,71027.0,0.03540456917563355,167,71027.0,1.0
3470.0,169,6356.0,29.155963302752294,1.2011940006501718,169,70942.0,0.033153528724596835,169,70942.0,0.8500000000000227
3475.0,168,6722.0,30.834862385321102,1.2370348671734883,168,70871.0,0.03626609789250875,168,70871.0,0.7099999999999227
3480.0,168,7057.0,32.07727272727273,1.2823948916117982,168,71587.0,0.03676678498811489,168,71587.0,-7.159999999999968
3485.0,166,7392.0,33.75342465753425,1.2686015195290088,166,72236.0,0.03412927543622567,166,72236.0,-6.490000000000009
3490.0,165,7751.0,35.555045871559635,1.3802724964710842,165,72905.0,0.043564009387942096,165,72905.0,-6.689999999999941
3495.0,170,7819.0,36.03225806451613,1.1240951963413974,170,72824.0,0.03349263079371045,170,72824.0,0.8099999999999454
3500.0,173,7726.0,35.6036866359447,1.1384688560300167,173,71901.0,0.032756981367468054,173,71901.0,9.230000000000018
3505.0,175,7821.0,35.71232876712329,1.2808767065381845,175,71049.0,0.0372794304209646,175,71049.0,8.519999999999982
3510.0,176,7918.0,35.99090909090909,1.3457194105708903,176,69366.0,0.03557825399443326,176,69366.0,16.83000000000004
3515.0,172,8003.0,36.377272727272725,1.4391030332650496,172,67768.0,0.041671373158574235,172,67768.0,15.980000000000018
3520.0,171,8077.0,36.881278538812786,1.4793040381931835,171,66367.0,0.04740727312229491,171,66367.0,14.009999999999991
3525.0,165,7994.0,36.50228310502283,1.4233542306853346,165,66311.0,0.0413091991278881,165,66311.0,0.5599999999999454
3530.0,162,7835.0,35.77625570776256,1.6328453367777715,162,65369.0,0.051648022701225184,162,65369.0,9.419999999999959
3535.0,162,7791.0,35.413636363636364,1.739610001095891,162,64446.0,0.05436214325920678,162,64446.0,9.230000000000018
3540.0,162,7749.0,35.54587155963303,1.856438800754741,162,62720.0,0.05877548718824957,162,62720.0,17.25999999999999
3545.0,161,7555.0,34.65596330275229,1.825294083066418,161,63433.0,0.05650286874362986,161,63433.0,-7.1299999999999955
3550.0,156,7251.0,33.414746543778804,1.9643130607516033,156,64039.0,0.06240160281956997,156,64039.0,-6.059999999999945
3555.0,152,7046.0,32.47004608294931,2.1243507306544305,152,64654.0,0.06639501902855328,152,64654.0,-6.149999999999977
3560.0,151,7133.0,33.17674418604651,2.23453281983114,151,65223.0,0.07066568649287315,151,65223.0,-5.690000000000055
3565.0,156,7673.0,35.523148148148145,2.206885179013817,156,65864.0,0.06926101979823528,156,65864.0,-6.409999999999968
3570.0,162,8238.0,38.31627906976744,1.9396883278865333,162,66602.0,0.05847688739203358,162,66602.0,-7.3799999999999955
3575.0,166,8828.0,40.870370370370374,1.6750315201708856,166,67414.0,0.041915179589078616,166,67414.0,-8.120000000000005
3580.0,166,9041.0,42.24766355140187,1.5297870473105437,166,67613.0,0.03699804455932212,166,67613.0,-1.990000000000009
3585.0,163,8980.0,41.574074074074076,1.726490209543481,163,67180.0,0.041935792181072094,163,67180.0,4.330000000000041
3590.0,162,8951.0,42.02347417840375,1.6995727504722749,162,66755.0,0.04890488053181618,162,66755.0,4.25
3595.0,163,9111.0,42.37674418604651,1.7855966280308975,163,65809.0,0.049274986507123704,163,65809.0,9.459999999999923
3600.0,168,9254.0,42.842592592592595,1.7102304395045334,168,66601.0,0.04147294184063785,168,66601.0,-7.919999999999959
3605.0,169,9437.0,44.098130841121495,1.5931028999925863,169,67393.0,0.03552285693234806,169,67393.0,-7.919999999999959
3610.0,172,9638.0,44.620370370370374,1.5693828982406852,172,68205.0,0.034341707890425774,172,68205.0,-8.120000000000005
3615.0,174,9588.0,44.184331797235025,1.5399505240422293,174,68231.0,0.03674290712174413,174,68231.0,-0.2599999999999909
3620.0,174,9359.0,42.7351598173516,1.5822874680776673,174,67698.0,0.036932713994240515,174,67698.0,5.329999999999927
3625.0,170,9121.0,41.8394495412844,1.7063039464887346,170,67152.0,0.04300125276158626,170,67152.0,5.460000000000036
3630.0,166,8863.0,40.65596330275229,1.8529643082750262,166,66090.0,0.04564112762261387,166,66090.0,10.620000000000005
3635.0,161,8583.0,40.10747663551402,1.9030955941876693,161,65117.0,0.05566368164887341,161,65117.0,9.730000000000018
3640.0,156,8280.0,39.61722488038278,1.8088455149159137,156,64143.0,0.06051455761711502,156,64143.0,9.740000000000009
3645.0,153,8111.0,38.99519230769231,1.834762656207394,153,63829.0,0.06417003071993262,153,63829.0,3.1399999999999864
3650.0,155,8436.0,40.95145631067961,1.7818720361019977,155,63008.0,0.06432877634158923,155,63008.0,8.209999999999923
3655.0,156,8761.0,42.12019230769231,1.7221417312106373,156,62794.0,0.05856601987457443,156,62794.0,2.1399999999999864
3660.0,152,9078.0,43.43540669856459,1.8069977165343998,152,63040.0,0.05960772766165006,152,63040.0,-2.4599999999999227
3665.0,151,9256.0,44.28708133971292,1.7108743585045414,151,63719.0,0.05843650410104343,151,63719.0,-6.790000000000077
3670.0,150,9533.0,45.61244019138756,1.8676272972347794,148,64377.0,0.06630722340680487,148,64377.0,-6.579999999999927
3675.0,151,9919.0,47.00947867298578,1.9582995313053024,151,65051.0,0.06892900151745122,151,65051.0,-6.740000000000009
3680.0,154,10426.0,50.125,1.9570311243802878,153,65765.0,0.06717795983748026,153,65765.0,-7.139999999999986
3685.0,158,11205.0,53.87019230769231,1.8928331433888614,158,66493.0,0.06148525642515646,158,66493.0,-7.279999999999973
3690.0,164,12010.0,57.19047619047619,1.7904925908895415,164,67250.0,0.04583255932919012,164,67250.0,-7.57000000000005
3695.0,165,12549.0,59.75714285714286,1.6164718104947944,165,67387.0,0.03538353625996504,165,67387.0,-1.3700000000000045
3700.0,166,12901.0,61.14218009478673,1.599699249933586,166,66916.0,0.03289573578387067,166,66916.0,4.710000000000036
3705.0,166,13256.0,63.12380952380953,1.68170520594058,166,66458.0,0.041887268583481616,166,66458.0,4.579999999999927
3710.0,165,13608.0,65.11004784688996,1.6815127322327483,165,65410.0,0.04074224604675797,165,65410.0,10.480000000000018
3715.0,162,13949.0,66.1090047393365,1.9598221068773038,162,64409.0,0.053023344339152755,162,64409.0,10.009999999999991
3720.0,158,14273.0,67.3254716981132,2.0201118458915857,158,63446.0,0.05102017389714091,158,63446.0,9.629999999999995
3725.0,157,14585.0,69.45238095238095,1.9795298031105664,156,63063.0,0.05730050525678702,156,63063.0,3.830000000000041
3730.0,157,14832.0,71.3076923076923,1.7865168795491835,157,63748.0,0.05339937747015675,157,63748.0,-6.850000000000023
3735.0,160,15147.0,72.82211538461539,1.7440249899774463,160,64437.0,0.05010135169157456,160,64437.0,-6.889999999999986
3740.0,163,15473.0,75.84803921568627,1.5729558186643826,163,65130.0,0.0480635866536349,163,65130.0,-6.92999999999995
3745.0,159,15745.0,77.5615763546798,1.527011569740623,159,65777.0,0.04671484348001118,159,65777.0,-6.470000000000027
3750.0,158,15437.0,75.67156862745098,1.639300043845204,158,65554.0,0.05047914575549432,158,65554.0,2.230000000000018
3755.0,156,14747.0,72.64532019704434,1.6967691017410158,156,64428.0,0.06066241507466503,156,64428.0,11.259999999999991
3760.0,157,14166.0,69.44117647058823,1.6648361674713519,157,64217.0,0.0604999215646936,157,64217.0,2.1100000000000136
3765.0,157,13919.0,67.56796116504854,1.6271815318445944,157,64023.0,0.05066186950182769,157,64023.0,1.9399999999999409
3770.0,161,13624.0,66.13592233009709,1.440739477995263,161,64687.0,0.044790259028508334,161,64687.0,-6.639999999999986
3775.0,164,13344.0,63.84688995215311,1.3219411088417539,164,65343.0,0.03734180467711366,164,65343.0,-6.559999999999945
3780.0,167,13144.0,62.889952153110045,1.4032410688735615,167,66038.0,0.04043125551713846,167,66038.0,-6.9500000000000455
3785.0,168,12951.0,62.26442307692308,1.2993063693432565,168,66771.0,0.035262545977094426,168,66771.0,-7.330000000000041
3790.0,169,12384.0,59.25358851674641,1.2098530136715098,169,66937.0,0.032237764015120525,169,66937.0,-1.6599999999999682
3795.0,164,11551.0,55.53365384615385,1.1867257046848467,164,66509.0,0.03662398291366293,164,66509.0,4.279999999999973
3800.0,162,10703.0,51.21052631578947,1.3574291543744277,162,66074.0,0.040272365811330674,162,66074.0,4.350000000000023
3805.0,158,9840.0,47.08133971291866,1.4954621563463815,158,65104.0,0.04617544812892178,158,65104.0,9.700000000000045
3810.0,157,8865.0,42.014218009478675,1.5293460599040007,157,64915.0,0.04406142350542526,157,64915.0,1.8899999999999864
3815.0,153,8030.0,37.69953051643193,1.617433928414023,153,63829.0,0.0458552791663824,153,63829.0,10.860000000000014
3820.0,156,7970.0,37.06976744186046,1.7627259212689042,156,62780.0,0.050658433256904334,156,62780.0,10.490000000000009
3825.0,159,7922.0,36.3394495412844,1.87439440224832,159,60881.0,0.05219601831411411,159,60881.0,18.99000000000001
3830.0,159,7824.0,36.22222222222222,1.8457994877942572,159,61100.0,0.0482132490192236,159,61100.0,-2.1900000000000546
3835.0,157,7686.0,35.583333333333336,1.7757615172071257,157,61332.0,0.047555973310840834,157,61332.0,-2.32000000000005
3840.0,154,7579.0,35.582159624413144,1.8125004346873703,154,61020.0,0.05201502099145864,154,61020.0,3.1200000000000045
3845.0,149,7464.0,35.37440758293839,1.766965347323468,149,60857.0,0.055366046534640306,149,60857.0,1.6299999999999955
3850.0,145,7382.0,35.66183574879227,1.721406776033441,145,59774.0,0.06159134122951179,145,59774.0,10.830000000000041
3855.0,141,7397.0,35.5625,1.9323055197413221,141,58686.0,0.06779515977280272,141,58686.0,10.879999999999995
3860.0,142,7552.0,36.66019417475728,1.82483584084116,142,59302.0,0.05893884991955432,142,59302.0,-6.159999999999968
3865.0,143,7761.0,37.492753623188406,1.7037594266294036,143,59874.0,0.05474758927626179,143,59874.0,-5.720000000000027
3870.0,144,8102.0,39.33009708737864,1.794694386709828,144,60477.0,0.06098335568528612,144,60477.0,-6.029999999999973
3875.0,146,8405.0,40.40865384615385,1.719844727524556,146,60619.0,0.05579812090833425,146,60619.0,-1.4200000000000728
3880.0,150,8823.0,42.41826923076923,1.6905494559214378,150,60244.0,0.04948510782357914,150,60244.0,3.75
3885.0,154,9254.0,43.65094339622642,1.684859192373616,154,59885.0,0.049699491687588554,154,59885.0,3.590000000000032
3890.0,152,9624.0,45.39622641509434,1.6489798337396193,152,59738.0,0.04491300417727395,152,59738.0,1.4700000000000273
3895.0,149,9969.0,47.24644549763033,1.6180641332138597,149,58705.0,0.046477788115348945,149,58705.0,10.330000000000041
3900.0,152,10350.0,48.820754716981135,1.7349261667954412,152,57707.0,0.0532906289262664,152,57707.0,9.979999999999905
3905.0,155,10675.0,49.651162790697676,1.6239633905100779,155,58417.0,0.04491400471999464,155,58417.0,-7.099999999999909
3910.0,155,11048.0,51.86854460093897,1.5902481003760758,155,59104.0,0.04717828157404761,155,59104.0,-6.8700000000000045
3915.0,161,11540.0,53.674418604651166,1.6065109026595872,161,59828.0,0.04811707630238365,161,59828.0,-7.240000000000009
3920.0,168,12019.0,55.64351851851852,1.4544505116983635,167,59778.0,0.033599930647692726,167,59778.0,0.5
3925.0,166,12471.0,58.27570093457944,1.3639473303133611,166,60601.0,0.03286385289488458,166,60601.0,-8.230000000000018
3930.0,164,12909.0,60.322429906542055,1.4347083219583419,164,59768.0,0.03839008342305706,164,59768.0,8.330000000000041
3935.0,160,13334.0,62.89622641509434,1.4365885277437693,160,58596.0,0.04449744331154487,160,58596.0,11.719999999999914
3940.0,157,13783.0,65.01415094339623,1.6192450264432166,157,58075.0,0.050239124494291465,157,58075.0,5.210000000000036
3945.0,157,14258.0,66.93896713615024,1.5270320974707399,157,58816.0,0.04637291523472689,157,58816.0,-7.409999999999968
3950.0,159,14759.0,69.61792452830188,1.4708642267651715,159,59542.0,0.045812211418676294,159,59542.0,-7.259999999999991
3955.0,161,15373.0,72.17370892018779,1.5704854269771271,161,60292.0,0.047656764852363,161,60292.0,-7.5
3960.0,169,16069.0,75.79716981132076,1.3301720935456103,168,60495.0,0.03337986277488696,168,60495.0,-2.0300000000000864
3965.0,171,16755.0,77.93023255813954,1.3644265026344842,171,61352.0,0.032114621878850426,171,61352.0,-8.569999999999936
3970.0,168,17427.0,81.8169014084507,1.3531562945397009,168,60947.0,0.03592529552312518,168,60947.0,4.0499999999999545
3975.0,165,18087.0,84.12558139534883,1.4518086206234688,165,60029.0,0.040904830908053066,165,60029.0,9.180000000000064
3980.0,162,17985.0,84.04205607476635,1.538567972467879,162,60066.0,0.0434469427639994,162,60066.0,-0.37000000000000455
3985.0,158,17394.0,81.2803738317757,1.5902853733286595,158,59326.0,0.04481266383779895,158,59326.0,7.399999999999977
3990.0,158,16835.0,79.41037735849056,1.6745110343126055,158,58607.0,0.05150998064360299,158,58607.0,7.189999999999941
3995.0,157,16279.0,76.42723004694835,1.7514342679664328,157,57193.0,0.05164477211571121,157,57193.0,14.1400000000001
4000.0,158,15728.0,74.18867924528301,1.8541067426570155,158,55850.0,0.057379811406215155,158,55850.0,13.42999999999995
4005.0,156,15036.0,71.260663507109,1.6416426065614522,156,56633.0,0.047200277590781964,156,56633.0,-7.830000000000041
4010.0,160,14385.0,68.5,1.5511971345006919,160,57426.0,0.04827452425854834,160,57426.0,-7.92999999999995
4015.0,159,13817.0,65.1745283018868,1.580425648464834,159,58161.0,0.0470861848720181,159,58161.0,-7.350000000000023
4020.0,157,12847.0,60.31455399061033,1.6807053324896453,157,58284.0,0.049637458547602126,157,58284.0,-1.2300000000000182
4025.0,158,11697.0,55.43601895734597,1.577516376654258,158,57740.0,0.05184991849947756,158,57740.0,5.440000000000055
4030.0,158,10581.0,50.385714285714286,1.673595718958165,158,57493.0,0.05934872604525732,158,57493.0,2.4700000000000273
4035.0,157,9431.0,44.90952380952381,1.6035464226977292,157,57606.0,0.05532030523036278,157,57606.0,-1.1299999999999955
4040.0,158,8280.0,39.80769230769231,1.4443862461125858,158,57723.0,0.045182183513737144,158,57723.0,-1.1700000000000728
4045.0,155,7377.0,35.128571428571426,1.5755189267326943,155,57851.0,0.05175393726649258,155,57851.0,-1.2799999999999727
4050.0,157,7358.0,34.70754716981132,1.6700674901449277,157,56705.0,0.05389290651875463,157,56705.0,11.460000000000036
4055.0,160,7350.0,34.345794392523366,1.5871405009969755,160,55589.0,0.050306521002060824,160,55589.0,11.159999999999968
4060.0,161,7355.0,34.53051643192488,1.609281940793407,160,55132.0,0.052641917088082864,160,55132.0,4.569999999999936
4065.0,158,7208.0,34.0,1.4933477614187955,158,55294.0,0.048244500912626505,158,55294.0,-1.6200000000000045
4070.0,160,6976.0,33.06161137440758,1.4163390409147252,160,56090.0,0.04762347462662668,160,56090.0,-7.959999999999923
4075.0,161,6817.0,31.85514018691589,1.443549068115022,161,56777.0,0.045498004428719215,161,56777.0,-6.8700000000000045
4080.0,160,6771.0,31.788732394366196,1.456971899176492,159,57568.0,0.047205865873730234,159,57568.0,-7.909999999999968
4085.0,160,6726.0,31.577464788732396,1.4084215176436417,160,57805.0,0.04521905604227097,160,57805.0,-2.3700000000000045
4090.0,166,7130.0,33.3177570093458,1.4260083272436688,166,57499.0,0.048455760465082466,166,57499.0,3.0599999999999454
4095.0,169,7621.0,35.282407407407405,1.4405744130522695,169,57224.0,0.04871565423119951,169,57224.0,2.75
4100.0,166,8156.0,37.93488372093023,1.537598368049531,166,56403.0,0.0526045796458608,166,56403.0,8.210000000000036
4105.0,168,8737.0,40.07798165137615,1.6392112396569363,168,55805.0,0.05638440240808353,168,55805.0,5.980000000000018
4110.0,168,9245.0,42.408256880733944,1.577574605389445,168,56512.0,0.054604966684055796,168,56512.0,-7.07000000000005
4115.0,169,9695.0,44.06818181818182,1.4862690168588266,169,57106.0,0.04687599689638981,169,57106.0,-5.939999999999941
4120.0,168,10149.0,46.342465753424655,1.5961639324453956,168,57733.0,0.05359286147885385,168,57733.0,-6.2700000000000955
4125.0,166,10213.0,46.63470319634703,1.5571911308181174,166,57912.0,0.043525027559928736,166,57912.0,-1.7899999999999636
4130.0,167,10070.0,46.19266055045872,1.5625034121847674,167,58095.0,0.04398682415558567,167,58095.0,-1.830000000000041
4135.0,170,9935.0,45.15909090909091,1.5230669863824204,170,57650.0,0.04281281709134657,170,57650.0,4.4500000000000455
4140.0,167,9757.0,44.14932126696833,1.5767159366004633,167,58383.0,0.04623948833898642,167,58383.0,-7.330000000000041
4145.0,165,9538.0,43.158371040723985,1.5427863920628233,165,59018.0,0.04466678439520275,165,59018.0,-6.349999999999909
4150.0,164,9380.0,42.44343891402715,1.692164257216281,164,59672.0,0.053862892636542946,164,59672.0,-6.540000000000077
4155.0,168,9411.0,42.2017937219731,1.6324614116173763,167,59852.0,0.04420559266422365,167,59852.0,-1.7999999999999545
4160.0,175,9458.0,42.412556053811656,1.4400897874489584,175,60715.0,0.03215687066126265,175,60715.0,-8.629999999999995
4165.0,177,9525.0,42.9054054054054,1.3001037780883846,177,60299.0,0.029039758807107206,177,60299.0,4.159999999999968
4170.0,174,9585.0,44.375,1.186414545049983,174,59377.0,0.033853789417130416,174,59377.0,9.220000000000027
4175.0,171,9300.0,42.857142857142854,1.150803450644276,171,59497.0,0.033112154032723905,171,59497.0,-1.2000000000000455
4180.0,167,8784.0,40.293577981651374,1.2905318773771643,167,58892.0,0.038913093408781976,167,58892.0,6.050000000000068
4185.0,163,8253.0,37.513636363636365,1.4713054240932528,163,58273.0,0.043596511785435964,163,58273.0,6.189999999999941
4190.0,162,7891.0,35.86818181818182,1.6682210079075275,162,56974.0,0.05006846080951885,162,56974.0,12.990000000000009
4195.0,166,7955.0,36.15909090909091,1.5651800172580186,166,57794.0,0.04904238742411413,166,57794.0,-8.200000000000045
4200.0,168,7948.0,35.963800904977376,1.4461570647304582,168,58520.0,0.04090578432510516,168,58520.0,-7.259999999999991
4205.0,166,7949.0,35.806306306306304,1.4778868088440735,166,59155.0,0.041249497067018415,166,59155.0,-6.349999999999909
4210.0,164,7799.0,35.130630630630634,1.5661882442782071,164,59444.0,0.04438113335262798,164,59444.0,-2.8900000000001
4215.0,163,7482.0,33.7027027027027,1.587110984975522,163,59193.0,0.046718313607508666,163,59193.0,2.5100000000001046
4220.0,164,7195.0,32.853881278538815,1.6501350660487673,164,58949.0,0.051287995222914745,164,58949.0,2.439999999999941
4225.0,165,6924.0,31.472727272727273,1.6169511109029175,165,59665.0,0.04940012592652463,165,59665.0,-7.159999999999968
4230.0,164,6634.0,30.712962962962962,1.5523377193272319,164,60297.0,0.046731517649125955,164,60297.0,-6.32000000000005
4235.0,163,6393.0,29.73488372093023,1.4855116146393679,163,60961.0,0.047571955186173354,163,60961.0,-6.639999999999986
4240.0,164,6121.0,28.337962962962962,1.4935461274191495,163,61130.0,0.04726021973349722,163,61130.0,-1.6899999999999409
4245.0,171,6133.0,28.004566210045663,1.3889099980609672,171,61974.0,0.036755823265224315,171,61974.0,-8.440000000000055
4250.0,178,6177.0,28.077272727272728,1.267738420895799,178,61566.0,0.0315170806525007,178,61566.0,4.080000000000041
4255.0,176,6229.0,28.18552036199095,1.2934077308939838,176,60541.0,0.033413456973793956,176,60541.0,10.25
4260.0,172,6072.0,27.6,1.3189570507180521,172,60653.0,0.03640632595307501,172,60653.0,-1.1200000000000045
4265.0,170,5776.0,26.254545454545454,1.3449741151644583,170,60020.0,0.040449641987197756,170,60020.0,6.329999999999927
4270.0,168,5526.0,25.004524886877828,1.5191557372051794,168,59398.0,0.04633902723177358,168,59398.0,6.220000000000027
4275.0,165,5388.0,24.490909090909092,1.578994564688661,165,58111.0,0.04798384111861733,165,58111.0,12.870000000000005
4280.0,168,5441.0,24.73181818181818,1.5752109559007759,168,58944.0,0.047693904610885865,168,58944.0,-8.330000000000041
4285.0,168,5412.0,24.71232876712329,1.387568066390571,168,59671.0,0.038715683273806506,168,59671.0,-7.269999999999982
4290.0,164,5376.0,24.54794520547945,1.4843885209282521,164,60294.0,0.043495067220702385,164,60294.0,-6.230000000000018
4295.0,164,5364.0,24.381818181818183,1.4158437390764889,164,60438.0,0.0449391719990337,164,60438.0,-1.4399999999999409
4300.0,164,5348.0,24.30909090909091,1.4551063137929914,164,60589.0,0.04423214576321482,164,60589.0,-1.509999999999991
4305.0,165,5437.0,24.713636363636365,1.5104473604631234,165,60742.0,0.04571210894554875,165,60742.0,-1.5299999999999727
4310.0,167,5667.0,25.995412844036696,1.3821586392156773,167,60866.0,0.043412042196146715,167,60866.0,-1.240000000000009
4315.0,167,5843.0,26.680365296803654,1.341668806917675,167,60292.0,0.04350480619407804,167,60292.0,5.740000000000009
4320.0,165,6044.0,27.724770642201836,1.477035526135086,165,59843.0,0.049812650425899975,165,59843.0,4.490000000000009
4325.0,165,6235.0,28.732718894009217,1.3449545888914238,164,60534.0,0.04073033383683494,164,60534.0,-6.910000000000082
4330.0,167,6577.0,29.895454545454545,1.3641516859696505,167,61368.0,0.038801959199614294,167,61368.0,-8.339999999999918
4335.0,171,6927.0,31.34389140271493,1.1924012727896658,171,61973.0,0.035162638900715686,171,61973.0,-6.050000000000068
4340.0,168,7328.0,33.158371040723985,1.2904681426567128,168,62532.0,0.0403872445020416,168,62532.0,-5.590000000000032
4345.0,167,7828.0,35.58181818181818,1.2761429031288976,167,63207.0,0.040550471923073865,167,63207.0,-6.75
4350.0,169,8265.0,37.39819004524887,1.2980066856554464,169,63449.0,0.038605415765889585,169,63449.0,-2.419999999999959
4355.0,171,8667.0,38.865470852017935,1.3247944396538833,171,63108.0,0.03777367036726859,171,63108.0,3.409999999999968
4360.0,172,9154.0,41.42081447963801,1.3386413796795802,172,62778.0,0.03941585686883574,172,62778.0,3.300000000000068
4365.0,173,9738.0,43.66816143497758,1.45162250974248,173,61951.0,0.037784518915428465,173,61951.0,8.269999999999982
4370.0,175,10295.0,45.95982142857143,1.548350253044897,175,62819.0,0.04210346591124817,175,62819.0,-8.680000000000064
4375.0,175,10866.0,48.50892857142857,1.4708345618513725,175,63503.0,0.03483837691688257,175,63503.0,-6.839999999999918
4380.0,175,11511.0,52.085972850678736,1.4195385655595503,175,64226.0,0.039597192087127,175,64226.0,-7.230000000000018
4385.0,176,12203.0,54.47767857142857,1.3498136073147151,176,64581.0,0.03588160693671267,176,64581.0,-3.5499999999999545
4390.0,177,12883.0,57.257777777777775,1.442789079026265,177,64429.0,0.03877854869004079,177,64429.0,1.5199999999999818
4395.0,178,13572.0,60.32,1.4631003628393724,178,64292.0,0.04015905751432541,178,64292.0,1.3700000000000045
4400.0,175,14257.0,64.80454545454545,1.4603855559530998,175,63658.0,0.0446999568241722,175,63658.0,6.339999999999918
4405.0,171,14378.0,65.35454545454546,1.4828370440989174,171,63813.0,0.0448008078406496,171,63813.0,-1.5499999999999545
4410.0,166,14120.0,64.18181818181819,1.6577265330021285,166,63249.0,0.049895984948703016,166,63249.0,5.639999999999986
4415.0,162,13884.0,63.68807339449541,1.7183169126153484,162,62664.0,0.05549030757925874,162,62664.0,5.850000000000023
4420.0,163,13724.0,62.666666666666664,1.8411029099457465,163,61451.0,0.05774178730017643,163,61451.0,12.129999999999995
4425.0,165,13217.0,60.07727272727273,1.643978838709131,165,61514.0,0.04844333594427651,165,61514.0,-0.6299999999999955
4430.0,161,12473.0,56.954337899543376,1.7202638915572743,161,60824.0,0.053549607632946986,161,60824.0,6.899999999999977
4435.0,158,11712.0,53.236363636363635,1.840776037862114,158,60208.0,0.05691790213875209,158,60208.0,6.159999999999968
4440.0,155,10777.0,49.43577981651376,1.8220858033281637,155,60871.0,0.05765777975126917,155,60871.0,-6.6299999999999955
4445.0,154,9743.0,44.89861751152074,1.707266977594785,154,61423.0,0.056774280414502436,154,61423.0,-5.519999999999982
4450.0,151,8752.0,40.51851851851852,1.8515154846757613,151,61985.0,0.06594389416717465,151,61985.0,-5.6200000000000045
4455.0,152,7849.0,36.1705069124424,1.7775040464602292,152,62078.0,0.06039504245725557,152,62078.0,-0.92999999999995
4460.0,158,6994.0,32.23041474654378,1.6577058433812923,158,61531.0,0.05138952763048737,158,61531.0,5.470000000000027
4465.0,159,6157.0,28.114155251141554,1.7135248559361342,159,61005.0,0.05261936795465113,159,61005.0,5.259999999999991
4470.0,157,5482.0,25.031963470319635,1.7224854676809727,157,61695.0,0.04839574311150385,157,61695.0,-6.900000000000091
4475.0,160,5470.0,24.977168949771688,1.631823485719324,160,62308.0,0.04575295908957661,160,62308.0,-6.1299999999999955
4480.0,164,5471.0,24.644144144144143,1.6452021865807271,164,62949.0,0.0475020236190196,164,62949.0,-6.409999999999968
4485.0,165,5399.0,24.31981981981982,1.5259736932991137,164,63018.0,0.03971932198411051,164,63018.0,-0.6899999999999409
4490.0,168,5389.0,24.384615384615383,1.4292117077214663,168,63855.0,0.0359016056017448,168,63855.0,-8.370000000000005
4495.0,173,5863.0,26.65,1.2685003171440457,173,63223.0,0.03298985399556197,173,63223.0,6.319999999999936
4500.0,177,6072.0,27.475113122171944,1.1744495903460395,177,63505.0,0.029570543169726415,177,63505.0,-2.8199999999999363
4505.0,174,6084.0,27.405405405405407,1.1973776874162025,174,63191.0,0.03323052229490515,174,63191.0,3.1399999999999864
4510.0,173,6092.0,27.44144144144144,1.3184898650693717,173,62876.0,0.040662767194247655,173,62876.0,3.1499999999999773
4515.0,169,6111.0,27.527027027027028,1.4256344408146835,169,62187.0,0.04243261522198545,169,62187.0,6.889999999999986
4520.0,166,6172.0,27.8018018018018,1.6981793784051649,166,61935.0,0.055114677511927314,166,61935.0,2.519999999999982
4525.0,167,6293.0,28.219730941704036,1.6735275655833735,167,61699.0,0.04818042982748803,167,61699.0,2.3600000000000136
4530.0,166,6235.0,28.34090909090909,1.5178997825791414,165,61820.0,0.045363660973921124,165,61820.0,-1.2100000000000364
4535.0,163,6041.0,27.334841628959275,1.5599507831625095,163,61219.0,0.04911817533525706,163,61219.0,6.009999999999991
4540.0,160,5834.0,26.639269406392692,1.6860960862419831,160,60610.0,0.056999403540572514,160,60610.0,6.090000000000032
4545.0,156,5428.0,24.672727272727272,1.642392082614058,156,61265.0,0.05264537072380793,156,61265.0,-6.5499999999999545
4550.0,153,4957.0,22.738532110091743,1.7256632041438602,153,61908.0,0.05748453844024617,153,61908.0,-6.430000000000064
4555.0,153,4653.0,21.246575342465754,1.8813090967510393,153,62433.0,0.06408877098470218,153,62433.0,-5.25
4560.0,153,4461.0,20.557603686635943,1.8443286082037376,153,62816.0,0.061786880862985394,153,62816.0,-3.8299999999999272
4565.0,155,4457.0,20.44495412844037,1.8619683279655936,155,62830.0,0.05857266429187604,155,62830.0,-0.13999999999998636
4570.0,162,4807.0,21.949771689497716,1.8850118205583677,162,62876.0,0.0575155651315601,162,62876.0,-0.4600000000000364
4575.0,165,5088.0,23.12727272727273,1.6568217616377492,165,62961.0,0.04305016594766924,165,62961.0,-0.8500000000000227
4580.0,164,5313.0,24.26027397260274,1.6278528413880882,164,62333.0,0.040489545005401535,164,62333.0,6.279999999999973
4585.0,162,5532.0,25.26027397260274,1.699187220434305,162,61709.0,0.046878687973941596,162,61709.0,6.240000000000009
4590.0,158,5645.0,25.894495412844037,1.6289056941224986,158,62375.0,0.0440548325821233,158,62375.0,-6.659999999999968
4595.0,158,5776.0,26.254545454545454,1.7115451810144235,158,62924.0,0.048332286394507235,158,62924.0,-5.490000000000009
4600.0,158,6115.0,28.179723502304146,1.6329818082324679,158,63499.0,0.052598120861666126,158,63499.0,-5.75
4605.0,161,6497.0,29.53181818181818,1.670354224868015,161,64020.0,0.05204706425101181,161,64020.0,-5.210000000000036
4610.0,163,6899.0,31.35909090909091,1.599302809834357,163,64424.0,0.046235156829175145,163,64424.0,-4.039999999999964
4615.0,167,7285.0,32.66816143497758,1.5205819078338192,167,64454.0,0.04244152195436638,167,64454.0,-0.2999999999999545
4620.0,168,7747.0,34.8963963963964,1.5285842961065308,168,64506.0,0.04402722297725395,168,64506.0,-0.5199999999999818
4625.0,167,8200.0,37.10407239819005,1.4797706632940215,167,65237.0,0.037975312358106014,167,65237.0,-7.310000000000059
4630.0,167,8635.0,39.42922374429224,1.4528839850035176,167,65975.0,0.03867986287059631,167,65975.0,-7.3799999999999955
4635.0,168,9077.0,41.07239819004525,1.4590084486450159,168,66645.0,0.039886363301243746,168,66645.0,-6.7000000000000455
4640.0,170,9221.0,41.723981900452486,1.411204633176924,170,66609.0,0.03789712166613596,170,66609.0,0.36000000000001364
4645.0,178,9212.0,41.309417040358746,1.267932893866399,178,66608.0,0.030172169071000034,178,66608.0,0.009999999999990905
4650.0,181,9229.0,41.200892857142854,1.2891780390060141,181,66644.0,0.030195575552711986,181,66644.0,-0.36000000000001364
4655.0,177,9234.0,41.408071748878925,1.3228695684866252,177,65467.0,0.036064984957522445,177,65467.0,11.770000000000095
4660.0,174,9120.0,41.45454545454545,1.2288879455023074,174,65923.0,0.034939370450128356,174,65923.0,-4.560000000000059
4665.0,168,8910.0,40.5,1.2569667170945875,168,65937.0,0.036633010567436584,168,65937.0,-0.13999999999998636
4670.0,166,8691.0,39.86697247706422,1.431579176946207,166,65935.0,0.04656314118107283,166,65935.0,0.01999999999998181
4675.0,162,8463.0,38.821100917431195,1.4116956017818247,162,66049.0,0.040478780472150165,162,66049.0,-1.1399999999999864
4680.0,163,8323.0,38.178899082568805,1.4727347252341894,163,65503.0,0.04306529117249322,163,65503.0,5.460000000000036
4685.0,164,8183.0,37.36529680365297,1.4744076479793287,164,65000.0,0.04669337331846401,164,65000.0,5.029999999999973
4690.0,160,7988.0,36.30909090909091,1.5254089966038291,160,65372.0,0.044273081140234365,160,65372.0,-3.7200000000000273
4695.0,158,7750.0,35.22727272727273,1.522324280010156,158,65485.0,0.0458418620220682,158,65485.0,-1.1299999999999955
4700.0,154,7500.0,34.24657534246575,1.674756892801519,154,65591.0,0.054900167530469245,154,65591.0,-1.0599999999999454
4705.0,151,7337.0,33.65596330275229,1.5940550962067195,151,65679.0,0.04912054242985125,151,65679.0,-0.8799999999999955
4710.0,150,7691.0,35.118721461187214,1.7732893120838389,150,65100.0,0.05493191477508583,150,65100.0,5.789999999999964
4715.0,150,8046.0,36.57272727272727,1.866823035041312,150,64518.0,0.060433490110478924,150,64518.0,5.82000000000005
4720.0,151,8164.0,37.44954128440367,1.7013028311708438,151,65130.0,0.05130082055935457,151,65130.0,-6.1200000000000045
4725.0,150,8171.0,37.654377880184335,1.6884534403495752,150,65620.0,0.05298340940703211,150,65620.0,-4.900000000000091
4730.0,151,8325.0,38.36405529953917,1.7310242336025012,151,66132.0,0.057235288122101574,151,66132.0,-5.1200000000000045
4735.0,153,8679.0,39.63013698630137,1.7636896748269915,153,66591.0,0.056487078866924945,153,66591.0,-4.589999999999918
4740.0,154,9138.0,41.34841628959276,1.7753005779997908,154,66984.0,0.05498728010605468,154,66984.0,-3.9300000000000637
4745.0,160,9601.0,43.64090909090909,1.61814030508438,160,67043.0,0.050412118218992406,160,67043.0,-0.5899999999999181
4750.0,166,10099.0,46.114155251141554,1.5282278520874233,166,67184.0,0.0463584050435736,166,67184.0,-1.4100000000000819
4755.0,164,10533.0,48.0958904109589,1.4760338719213388,164,67306.0,0.040458055628489864,164,67306.0,-1.2199999999999136
4760.0,165,10932.0,49.69090909090909,1.5303463587516881,165,66743.0,0.04356014200599846,165,66743.0,5.6299999999999955
4765.0,169,11343.0,50.865470852017935,1.534520050457087,169,66187.0,0.044607297883774585,169,66187.0,5.559999999999945
4770.0,166,11711.0,52.51569506726457,1.5330449419249277,166,66885.0,0.0418810227103862,166,66885.0,-6.980000000000018
4775.0,169,12048.0,53.54666666666667,1.4998152871666752,169,67480.0,0.038389080725085685,169,67480.0,-5.949999999999932
4780.0,170,12396.0,55.339285714285715,1.5392555263058854,170,68099.0,0.04446374253296172,170,68099.0,-6.190000000000055
4785.0,169,12788.0,56.83555555555556,1.4734167446937045,168,68224.0,0.0382922277106764,168,68224.0,-1.25
4790.0,172,13210.0,59.5045045045045,1.339482005747695,172,69052.0,0.03542284515575302,172,69052.0,-8.279999999999973
4795.0,172,13639.0,61.16143497757847,1.368787871685979,172,68519.0,0.034798592487055156,172,68519.0,5.329999999999927
4800.0,169,14015.0,63.130630630630634,1.379723675156416,169,69243.0,0.03625240502245588,169,69243.0,-7.239999999999895
4805.0,166,14396.0,65.43636363636364,1.3777367140173566,166,69871.0,0.038577935168132294,166,69871.0,-6.280000000000086
4810.0,166,14892.0,68.0,1.443162639959963,166,70532.0,0.044360007927424575,166,70532.0,-6.610000000000014
4815.0,170,14792.0,66.93212669683258,1.3172729104399672,170,70454.0,0.034445180490434824,170,70454.0,0.7800000000000864
4820.0,173,14316.0,65.07272727272728,1.2816153877620702,173,69500.0,0.03412626182211121,173,69500.0,9.539999999999964
4825.0,176,13979.0,63.54090909090909,1.2107840700583188,176,68596.0,0.03464269733988481,176,68596.0,9.039999999999964
4830.0,178,13656.0,61.79185520361991,1.2957810058942745,178,66905.0,0.036975528163798274,178,66905.0,16.910000000000082
4835.0,174,13321.0,60.276018099547514,1.3809095273736443,174,65250.0,0.04301918464568093,174,65250.0,16.549999999999955
4840.0,172,12976.0,58.71493212669683,1.4971345267831602,172,63599.0,0.04958804805327464,172,63599.0,16.50999999999999
4845.0,168,12618.0,56.83783783783784,1.5795065210902337,168,62783.0,0.050863506870702575,168,62783.0,8.159999999999968
4850.0,166,12279.0,55.310810810810814,1.7639361648210297,166,61161.0,0.05560028213188449,166,61161.0,16.220000000000027
4855.0,166,11848.0,53.61085972850679,1.6734172162649514,166,61885.0,0.05126872212716097,166,61885.0,-7.240000000000009
4860.0,164,11340.0,51.78082191780822,1.6702271505908717,164,62528.0,0.054677306968899934,164,62528.0,-6.42999999999995
4865.0,163,10863.0,49.377272727272725,1.7842764247373701,163,63189.0,0.05934470353374889,163,63189.0,-6.610000000000014
4870.0,162,10488.0,47.89041095890411,1.8507967856882588,161,63182.0,0.06030097840104666,161,63182.0,0.06999999999993634
4875.0,161,10092.0,46.293577981651374,1.879011277346336,161,62354.0,0.05679525157723247,161,62354.0,8.280000000000086
4880.0,161,9956.0,45.88018433179724,2.0444029096381247,161,61659.0,0.062042829860607523,161,61659.0,6.949999999999932
4885.0,161,10636.0,49.24074074074074,1.820556636189597,161,62378.0,0.05348029135649913,161,62378.0,-7.189999999999941
4890.0,162,11290.0,52.02764976958525,1.7935049067251658,162,63044.0,0.053146020476506454,162,63044.0,-6.660000000000082
4895.0,162,11968.0,54.89908256880734,1.7740250905683617,162,63733.0,0.04849212685634383,162,63733.0,-6.889999999999986
4900.0,168,12416.0,57.21658986175115,1.6452865125787306,167,63777.0,0.038215289969319534,167,63777.0,-0.4399999999999409
4905.0,171,12678.0,58.423963133640555,1.5297832851343875,171,64630.0,0.0321375170128764,171,64630.0,-8.529999999999973
4910.0,169,12934.0,59.6036866359447,1.5999274889491235,169,63918.0,0.03740076235686701,169,63918.0,7.1200000000000045
4915.0,164,13173.0,61.269767441860466,1.5822876728316624,164,62446.0,0.03940659806987935,164,62446.0,14.719999999999914
4920.0,163,13368.0,62.467289719626166,1.5284242537625137,163,63190.0,0.03961032837302462,163,63190.0,-7.439999999999941
4925.0,161,13556.0,63.345794392523366,1.5689842016847562,161,63880.0,0.043300860382791136,161,63880.0,-6.899999999999977
4930.0,164,13823.0,64.29302325581395,1.7535995738147148,164,64607.0,0.04650936801841823,164,64607.0,-7.2700000000000955
4935.0,168,14142.0,65.77674418604651,1.681527182353925,168,65358.0,0.04185959455783427,168,65358.0,-7.509999999999991
4940.0,169,14470.0,67.61682242990655,1.647371516434111,169,66171.0,0.039667431499052365,169,66171.0,-8.129999999999995
4945.0,171,14807.0,69.84433962264151,1.4793355775073853,171,67023.0,0.03629524505069535,171,67023.0,-8.519999999999982
4950.0,173,15152.0,72.49760765550239,1.236381192821934,173,67885.0,0.03270822663391507,173,67885.0,-8.620000000000005
4955.0,174,15500.0,73.80952380952381,1.1935072905395119,174,68749.0,0.028727907377642203,174,68749.0,-8.639999999999986
4960.0,173,15730.0,74.9047619047619,1.1943659744932027,173,68809.0,0.03008420122674948,173,68809.0,-0.6000000000000227
4965.0,170,15974.0,75.70616113744076,1.3629529829065996,170,68059.0,0.035895235266535985,170,68059.0,7.5
4970.0,170,16615.0,78.00469483568075,1.4726746002897992,170,67310.0,0.040564697476336224,170,67310.0,7.490000000000009
4975.0,173,17256.0,80.6355140186916,1.37417749720555,173,68155.0,0.036043278135965015,173,68155.0,-8.449999999999932
4980.0,178,17937.0,83.8177570093458,1.2723317755211125,178,69035.0,0.030087193342043402,178,69035.0,-8.800000000000068
4985.0,180,18634.0,86.66976744186047,1.1987453055045174,180,69930.0,0.03345950670190446,180,69930.0,-8.949999999999932
4990.0,183,18639.0,86.29166666666667,1.1099299597881485,183,70296.0,0.02512659505631749,183,70296.0,-3.660000000000082
4995.0,179,18166.0,84.88785046728972,1.1351953447362315,179,70118.0,0.03009519074751836,179,70118.0,1.7800000000000864
5000.0,174,17671.0,82.96244131455398,1.2352576456699869,174,69921.0,0.03618847115586631,174,69921.0,1.9699999999999136
5005.0,170,16796.0,78.85446009389672,1.2836742042049596,170,69976.0,0.035610495805449484,170,69976.0,-0.5499999999999545
5010.0,165,15656.0,74.55238095238096,1.319095995442615,165,69207.0,0.03928637724192214,165,69207.0,7.689999999999941
5015.0,161,14495.0,68.69668246445498,1.525498972055176,161,68459.0,0.04703135057610171,161,68459.0,7.480000000000018
5020.0,157,13318.0,63.11848341232228,1.6734804257067344,157,66994.0,0.04951078081325313,157,66994.0,14.649999999999977
5025.0,153,12185.0,58.301435406698566,1.7828784767659003,153,65536.0,0.05730952032797234,153,65536.0,14.580000000000041
5030.0,154,11178.0,53.74038461538461,1.7633155150826592,154,64092.0,0.059481650535593185,154,64092.0,14.440000000000055
5035.0,154,10172.0,48.66985645933014,1.7852980468186643,154,63471.0,0.06139637068737364,154,63471.0,6.209999999999923
5040.0,152,9156.0,43.80861244019139,1.8478948925568124,152,62274.0,0.06215400678444303,152,62274.0,11.970000000000027
5045.0,149,8126.0,38.880382775119614,1.861593089011681,149,61890.0,0.06431709793177155,149,61890.0,3.840000000000032
5050.0,143,6934.0,33.4975845410628,1.8776471431254873,143,62547.0,0.0667282797327268,143,62547.0,-6.57000000000005
5055.0,141,6050.0,29.08653846153846,1.9759667676164374,141,63154.0,0.07174639955296108,141,63154.0,-6.069999999999936
5060.0,147,6219.0,29.89903846153846,2.0634654380032256,145,63788.0,0.07541021759736849,145,63788.0,-6.340000000000032
5065.0,150,6478.0,31.14423076923077,2.0569989260054538,150,64473.0,0.06705882043185751,150,64473.0,-6.850000000000023
5070.0,150,6831.0,33.0,1.9588978930810752,149,64707.0,0.06146098267767007,149,64707.0,-2.340000000000032
5075.0,153,7495.0,36.207729468599034,1.8986614016972125,153,64456.0,0.05809322254638438,153,64456.0,2.5100000000001046
5080.0,155,8172.0,39.100478468899524,1.9877850396277625,155,64219.0,0.054041486491301347,155,64219.0,2.369999999999891
5085.0,155,8613.0,41.21052631578947,1.7711736764856765,154,64349.0,0.04086712847619743,154,64349.0,-1.2999999999999545
5090.0,157,8898.0,42.57416267942584,1.7136052941577764,157,65110.0,0.0354169198108774,157,65110.0,-7.610000000000014
5095.0,157,9183.0,43.52132701421801,1.883973542975707,157,64653.0,0.04445149104437404,157,64653.0,4.57000000000005
5100.0,156,9463.0,44.84834123222749,1.9513800327613708,156,63621.0,0.05278045308931328,156,63621.0,10.319999999999936
5105.0,151,9652.0,45.74407582938389,1.898896923963106,151,64327.0,0.04868882792676084,151,64327.0,-7.059999999999945
5110.0,154,9913.0,47.2047619047619,1.866004779547941,154,65042.0,0.047655850056624004,154,65042.0,-7.149999999999977
5115.0,154,10179.0,48.70334928229665,1.745316154528699,154,65764.0,0.04527680338230102,154,65764.0,-7.220000000000027
5120.0,156,10488.0,50.666666666666664,1.691930701564394,156,66512.0,0.047650591885955086,156,66512.0,-7.480000000000018
5125.0,159,10858.0,53.22549019607843,1.4882943289578698,159,67273.0,0.04294249449789891,159,67273.0,-7.610000000000014
5130.0,165,11258.0,56.00995024875622,1.1429947006080443,165,68058.0,0.034899854649559504,165,68058.0,-7.850000000000023
5135.0,167,11198.0,55.43564356435643,1.1527355090812021,167,68004.0,0.03461655307218499,167,68004.0,0.5400000000000773
5140.0,164,10806.0,53.23152709359606,1.2376662701426342,164,67944.0,0.0331477443960707,164,67944.0,0.599999999999909
5145.0,160,10402.0,50.990196078431374,1.39435216534545,160,67025.0,0.0434510763635719,160,67025.0,9.190000000000055
5150.0,162,10082.0,48.94174757281554,1.358899045797656,162,67817.0,0.04098778565226171,162,67817.0,-7.919999999999959
5155.0,166,10089.0,48.73913043478261,1.3291308675511686,166,68642.0,0.03997052951055692,166,68642.0,-8.25
5160.0,172,10130.0,48.4688995215311,1.2994608656456006,172,69482.0,0.03853348490077368,172,69482.0,-8.400000000000091
5165.0,174,10016.0,47.46919431279621,1.1804676990816614,174,69694.0,0.028049054708329746,174,69694.0,-2.1200000000000045
5170.0,173,9778.0,46.34123222748815,1.1920463281322113,173,69293.0,0.029832860955796747,173,69293.0,4.010000000000105
5175.0,173,9537.0,44.985849056603776,1.2680870960043622,173,68894.0,0.038680613605294976,173,68894.0,3.9899999999998954
5180.0,171,9287.0,43.806603773584904,1.3519183972057331,171,67873.0,0.038340845919195926,171,67873.0,10.210000000000036
5185.0,167,9027.0,42.98571428571429,1.469692388463035,167,66856.0,0.049527757756874555,167,66856.0,10.170000000000073
5190.0,163,8745.0,41.8421052631579,1.5039951082643286,163,65840.0,0.048783223764515396,163,65840.0,10.159999999999968
5195.0,159,8443.0,40.2047619047619,1.603319996647992,158,65427.0,0.054573067974904264,158,65427.0,4.1299999999999955
5200.0,156,8300.0,39.71291866028708,1.6958115080687923,156,64550.0,0.06074864596108886,156,64550.0,8.769999999999982
5205.0,155,8409.0,40.42788461538461,1.6489673023963576,155,64706.0,0.06094962665998669,155,64706.0,-1.5599999999999454
5210.0,155,8280.0,39.80769230769231,1.6628325580074872,155,64269.0,0.060517034433708615,155,64269.0,4.369999999999891
5215.0,152,8140.0,38.76190476190476,1.8604447989754784,152,63839.0,0.0693911304453603,152,63839.0,4.300000000000068
5220.0,152,7949.0,37.852380952380955,1.8102868746323044,152,64579.0,0.06365094913530821,152,64579.0,-7.399999999999977
5225.0,147,7710.0,36.540284360189574,1.8693470496009692,147,64784.0,0.06158092372904781,147,64784.0,-2.050000000000068
5230.0,144,7535.0,35.71090047393365,2.0424800036187083,144,64968.0,0.06410368905760164,144,64968.0,-1.8399999999999181
5235.0,143,7517.0,35.7952380952381,2.0603867644409295,143,65064.0,0.05924429512819192,143,65064.0,-0.9600000000000364
5240.0,145,7471.0,35.74641148325359,1.9684613239072355,145,64622.0,0.058769103205790756,145,64622.0,4.419999999999959
5245.0,144,7426.0,35.70192307692308,1.8357199800482205,144,64228.0,0.05485592054121604,144,64228.0,3.9400000000000546
5250.0,145,7177.0,34.671497584541065,1.7205248374031263,145,64829.0,0.04831292841440361,145,64829.0,-6.009999999999991
5255.0,142,6953.0,33.26794258373206,1.8008925234082473,142,65361.0,0.05045611533216803,142,65361.0,-5.32000000000005
5260.0,143,6923.0,33.1244019138756,1.906642947449017,143,65917.0,0.056666535223046204,143,65917.0,-5.559999999999945
5265.0,143,6967.0,33.018957345971565,1.9540224725263553,143,66497.0,0.05484427299080129,143,66497.0,-5.800000000000068
5270.0,146,7187.0,34.38755980861244,1.8591683838465725,146,67154.0,0.05169885096524838,146,67154.0,-6.569999999999936
5275.0,153,7847.0,38.092233009708735,1.4631688641053233,153,67853.0,0.04259381518547639,153,67853.0,-6.990000000000009
5280.0,163,8560.0,40.95693779904306,1.38925772883607,163,68592.0,0.0372621237951915,163,68592.0,-7.389999999999986
5285.0,166,9200.0,43.80952380952381,1.303811501080315,166,68785.0,0.03268687761369231,166,68785.0,-1.9300000000000637
5290.0,168,9780.0,46.132075471698116,1.391342626550825,168,68444.0,0.034208420849816075,168,68444.0,3.409999999999968
5295.0,166,10369.0,48.910377358490564,1.561246491218313,166,68139.0,0.04286277560092751,166,68139.0,3.050000000000068
5300.0,166,10526.0,49.88625592417062,1.4377199868394066,166,68045.0,0.037893309211279924,166,68045.0,0.9399999999999409
5305.0,166,10424.0,49.16981132075472,1.4341171009266418,166,67103.0,0.035944927778564985,166,67103.0,9.420000000000073
5310.0,167,10330.0,48.271028037383175,1.5611449253706395,167,66176.0,0.03976754913251029,167,66176.0,9.269999999999982
5315.0,167,10235.0,47.604651162790695,1.5760588076287456,167,64375.0,0.04025746711492369,167,64375.0,18.00999999999999
5320.0,165,10135.0,47.35981308411215,1.7106084962098183,165,62559.0,0.048045331039967054,165,62559.0,18.159999999999968
5325.0,162,10020.0,47.04225352112676,1.7434786477643778,162,60758.0,0.05642800247271424,162,60758.0,18.00999999999999
5330.0,158,9887.0,46.85781990521327,1.7572914953951453,158,59833.0,0.05812996084667773,158,59833.0,9.25
5335.0,154,9734.0,45.91509433962264,1.9173811077252467,154,58041.0,0.06292056227288338,154,58041.0,17.920000000000073
5340.0,150,9246.0,43.81990521327014,1.9943896406464718,150,58173.0,0.06372712361949806,150,58173.0,-1.32000000000005
5345.0,145,8527.0,41.193236714975846,1.892764370120494,145,57647.0,0.06762584208091751,145,57647.0,5.259999999999991
5350.0,142,7854.0,38.12621359223301,2.042737238497153,142,57071.0,0.07534940551565904,142,57071.0,5.759999999999991
5355.0,142,7126.0,34.592233009708735,2.0280412218789476,141,57731.0,0.07264469456821777,141,57731.0,-6.599999999999909
5360.0,142,6455.0,31.183574879227052,2.055256948829663,142,58408.0,0.06605816581262348,142,58408.0,-6.7700000000000955
5365.0,144,6057.0,29.402912621359224,2.116550591619942,144,59042.0,0.07225805385001562,144,59042.0,-6.339999999999918
5370.0,152,6071.0,29.1875,1.958275492476074,152,59178.0,0.05973158776475928,152,59178.0,-1.3600000000000136
5375.0,155,5971.0,28.56937799043062,1.8939446325245324,155,58951.0,0.057538933309305984,155,58951.0,2.269999999999982
5380.0,154,5871.0,27.957142857142856,1.924038112813552,154,58937.0,0.05592798357905628,154,58937.0,0.13999999999998636
5385.0,155,5684.0,27.066666666666666,1.7848817613372734,155,59049.0,0.04926011543453436,155,59049.0,-1.1200000000000045
5390.0,154,5431.0,25.985645933014354,1.7207562252193866,154,59162.0,0.041706602230608014,154,59162.0,-1.1299999999999955
5395.0,151,5163.0,24.585714285714285,1.774050737227499,151,59258.0,0.049711045762697206,151,59258.0,-0.9600000000000364
5400.0,148,4820.0,22.952380952380953,1.7202864038832686,148,59938.0,0.04656710082169806,148,59938.0,-6.7999999999999545
5405.0,146,4585.0,21.833333333333332,1.6738623369918697,146,60616.0,0.04747876602295019,146,60616.0,-6.779999999999973
5410.0,152,4829.0,22.995238095238093,1.616236373375551,152,61285.0,0.04375736522234804,152,61285.0,-6.690000000000055
5415.0,160,5105.0,24.425837320574164,1.4833733727052427,160,62010.0,0.04815207019173632,160,62010.0,-7.25
5420.0,161,5159.0,24.68421052631579,1.2771426230705762,161,61931.0,0.03643831638441103,161,61931.0,0.7900000000000773
5425.0,161,5061.0,23.98578199052133,1.3154279355497893,161,61926.0,0.038250241715298686,161,61926.0,0.049999999999954525
5430.0,160,4961.0,23.736842105263158,1.2781251368313964,160,61132.0,0.044124325716959754,160,61132.0,7.939999999999941
5435.0,159,4897.0,23.208530805687204,1.2447225093149246,159,61902.0,0.04017710791176318,159,61902.0,-7.699999999999932
5440.0,163,5122.0,24.160377358490567,1.2646356482671568,163,62671.0,0.03665674182490299,163,62671.0,-7.690000000000055
5445.0,170,5407.0,25.266355140186917,1.271993249692534,170,63483.0,0.038783977666221034,170,63483.0,-8.120000000000005
5450.0,171,5559.0,26.098591549295776,1.128586857840509,171,63882.0,0.028478761946340116,171,63882.0,-3.990000000000009
5455.0,172,5688.0,26.333333333333332,1.2347028581005388,172,63851.0,0.031980427316371386,172,63851.0,0.3100000000000591
5460.0,174,5830.0,27.11627906976744,1.2291080596821105,174,63830.0,0.03480741403704999,174,63830.0,0.21000000000003638
5465.0,172,5876.0,27.078341013824886,1.3153122244732642,172,63865.0,0.03466006803158123,172,63865.0,-0.35000000000002274
5470.0,167,5870.0,27.175925925925927,1.365552842780707,167,63094.0,0.034840852781219005,167,63094.0,7.709999999999923
5475.0,163,5903.0,27.328703703703702,1.5156586881415222,163,62351.0,0.04421546283765955,163,62351.0,7.430000000000064
5480.0,159,5971.0,27.901869158878505,1.605947042557623,159,61216.0,0.04807341654668049,159,61216.0,11.350000000000023
5485.0,155,6099.0,28.5,1.7662434417452604,155,60079.0,0.05297300799305668,155,60079.0,11.370000000000005
5490.0,155,6121.0,28.602803738317757,1.7175992486593263,155,60112.0,0.049543875207335004,155,60112.0,-0.3300000000000409
5495.0,156,5962.0,27.730232558139534,1.6655104187656753,156,59409.0,0.05179130934424139,156,59409.0,7.029999999999973
5500.0,152,5791.0,27.187793427230048,1.7636772006629249,152,58698.0,0.05943407676160296,152,58698.0,7.110000000000014
5505.0,149,5455.0,25.610328638497652,1.828195785330857,149,59395.0,0.05507950304931878,149,59395.0,-6.970000000000027
5510.0,146,5159.0,24.450236966824644,1.8942243700902444,146,60079.0,0.055766760753237776,146,60079.0,-6.839999999999918
5515.0,147,5038.0,23.764150943396228,1.9456543079953084,147,60761.0,0.05445161203494447,147,60761.0,-6.82000000000005
5520.0,151,5172.0,24.62857142857143,1.9213787316497348,151,61440.0,0.05782493853141681,151,61440.0,-6.789999999999964
5525.0,157,5275.0,25.239234449760765,1.6628332193692106,157,61459.0,0.051001721168676066,157,61459.0,-0.19000000000005457
5530.0,155,5380.0,25.61904761904762,1.7615210546374016,155,60755.0,0.053470420472295034,155,60755.0,7.040000000000077
5535.0,157,5605.0,26.43867924528302,1.8217887961243056,157,60091.0,0.05469411091690532,157,60091.0,6.639999999999986
5540.0,160,5843.0,27.691943127962084,1.7264499146264103,160,58756.0,0.05026773517649102,160,58756.0,13.350000000000023
5545.0,160,6022.0,28.8133971291866,1.6380737775299443,159,59509.0,0.051142583857316765,159,59509.0,-7.530000000000086
5550.0,159,6201.0,30.101941747572816,1.474020565632112,159,60272.0,0.04147957940663186,159,60272.0,-7.6299999999999955
5555.0,159,6525.0,31.370192307692307,1.5696075698962986,159,61008.0,0.04499828260297028,159,61008.0,-7.360000000000014
5560.0,165,7028.0,33.308056872037916,1.5023436664899377,165,61118.0,0.04110859602325277,165,61118.0,-1.099999999999909
5565.0,167,7413.0,34.80281690140845,1.4424993069543963,167,61256.0,0.03694519404862955,167,61256.0,-1.3799999999999955
5570.0,166,7795.0,36.943127962085306,1.365963344157392,166,61392.0,0.036746427277728574,166,61392.0,-1.3600000000000136
5575.0,167,8087.0,37.61395348837209,1.3720510095650547,167,61507.0,0.03730537279631465,167,61507.0,-1.150000000000091
5580.0,164,8314.0,38.850467289719624,1.406958450520462,164,60908.0,0.04214187424656997,164,60908.0,5.990000000000009
5585.0,161,8529.0,39.85514018691589,1.5609356022770122,161,60305.0,0.04676362396928479,161,60305.0,6.030000000000086
5590.0,158,8763.0,41.53080568720379,1.6284667560145116,158,58998.0,0.05085519117450909,158,58998.0,13.069999999999936
5595.0,158,9053.0,43.10952380952381,1.6598296135161072,158,57754.0,0.057908339316932685,158,57754.0,12.440000000000055
5600.0,160,9347.0,44.29857819905213,1.637668008027389,160,57219.0,0.05173559428178119,160,57219.0,5.349999999999909
5605.0,157,9634.0,45.443396226415096,1.6997394124632037,156,56476.0,0.0561229509543294,156,56476.0,7.430000000000064
5610.0,155,9756.0,46.457142857142856,1.6813694170118516,154,56819.0,0.05655515440039979,154,56819.0,-3.4300000000000637
5615.0,156,9864.0,46.528301886792455,1.693331163847089,156,57597.0,0.05325128524784432,156,57597.0,-7.779999999999973
5620.0,157,10190.0,48.29383886255924,1.648307013173952,157,58305.0,0.05235437669230331,157,58305.0,-7.079999999999927
5625.0,155,10593.0,49.732394366197184,1.8270653486589217,155,58947.0,0.059976748136919666,155,58947.0,-6.420000000000073
5630.0,157,11143.0,52.31455399061033,1.7758491256689528,157,59277.0,0.05977236027627152,157,59277.0,-3.2999999999999545
5635.0,162,11722.0,54.520930232558136,1.7383563597837683,162,59259.0,0.05429096142247322,162,59259.0,0.17999999999994998
5640.0,162,12369.0,57.53023255813954,1.885307688181111,162,59330.0,0.060265165792815274,162,59330.0,-0.7099999999999227
5645.0,162,13084.0,61.14018691588785,1.888384503875585,162,59047.0,0.058657552888469626,162,59047.0,2.8299999999999272
5650.0,164,13803.0,64.80281690140845,1.9011024373931686,164,58931.0,0.06002500325761632,164,58931.0,1.1600000000000819
5655.0,162,13950.0,66.11374407582939,1.5760889369841034,162,59111.0,0.04757868084499523,162,59111.0,-1.8000000000000682
5660.0,161,13717.0,65.00947867298578,1.5897550675725407,161,58670.0,0.04921935538373648,161,58670.0,4.409999999999968
5665.0,158,13469.0,63.533018867924525,1.763872341690775,158,58213.0,0.05628331157322538,158,58213.0,4.57000000000005
5670.0,156,13087.0,62.023696682464454,1.7625426450276307,156,58896.0,0.05415192931952467,156,58896.0,-6.830000000000041
5675.0,153,12610.0,59.4811320754717,1.815418076708166,153,59489.0,0.05365290639576851,153,59489.0,-5.92999999999995
5680.0,149,12223.0,57.92890995260664,1.9345364916756858,149,60097.0,0.0631980131678361,149,60097.0,-6.080000000000041
5685.0,151,11998.0,56.594339622641506,2.037919350787209,151,60702.0,0.06461837616519175,151,60702.0,-6.0499999999999545
5690.0,157,11818.0,55.74528301886792,1.9739909810044969,157,61382.0,0.06330216105818738,157,61382.0,-6.800000000000068
5695.0,161,11663.0,55.274881516587676,1.7340902438098071,161,62160.0,0.052816055073091416,161,62160.0,-7.779999999999973
5700.0,164,11150.0,53.095238095238095,1.3949505524000085,164,62976.0,0.03326392839749141,164,62976.0,-8.159999999999968
5705.0,168,10403.0,49.070754716981135,1.4498591215843548,168,63811.0,0.03477124101621289,168,63811.0,-8.350000000000023
5710.0,169,9642.0,45.267605633802816,1.4065848547816977,169,63826.0,0.030916223600896915,169,63826.0,-0.14999999999997726
5715.0,164,8833.0,41.27570093457944,1.4522399368249819,164,64637.0,0.03266734533647677,164,64637.0,-8.110000000000014
5720.0,166,8245.0,39.44976076555024,1.2973922050204187,166,65463.0,0.03630051239530284,166,65463.0,-8.259999999999991
5725.0,173,8420.0,40.095238095238095,1.196548786837884,173,66304.0,0.03442797376365305,173,66304.0,-8.409999999999968
5730.0,176,8441.0,39.629107981220656,1.1122507366367473,176,66500.0,0.020772373344129295,176,66500.0,-1.9600000000000364
5735.0,175,8341.0,39.159624413145536,1.1270418828739277,175,66027.0,0.02639035517386377,175,66027.0,4.730000000000018
5740.0,173,8231.0,38.46261682242991,1.1584372661188405,173,65552.0,0.03244077171243818,173,65552.0,4.75
5745.0,172,8038.0,37.38604651162791,1.1031649293250805,172,65561.0,0.030432077927646555,172,65561.0,-0.09000000000003183
5750.0,171,7782.0,35.86175115207373,1.2050447152131347,171,64722.0,0.02971005204009211,171,64722.0,8.389999999999986
5755.0,167,7514.0,34.46788990825688,1.4322269316455747,167,63874.0,0.03911132787499433,167,63874.0,8.480000000000018
5760.0,163,7225.0,33.449074074074076,1.5148744740697662,163,62227.0,0.041214339728816614,163,62227.0,16.470000000000027
5765.0,159,7044.0,32.91588785046729,1.6083785443823575,159,60602.0,0.04789565888126699,159,60602.0,16.25
5770.0,158,7282.0,34.34905660377358,1.526634620411993,158,61396.0,0.04663184090990221,158,61396.0,-7.940000000000055
5775.0,159,7475.0,35.093896713615024,1.5437971871299898,159,62188.0,0.042122956575899796,159,62188.0,-7.919999999999959
5780.0,162,7704.0,36.51184834123223,1.497091675010562,162,62295.0,0.044428871595841704,162,62295.0,-1.07000000000005
5785.0,157,7501.0,35.889952153110045,1.4722594288457889,157,62663.0,0.04428462153261928,157,62663.0,-3.67999999999995
5790.0,153,7017.0,33.73557692307692,1.565156743557071,153,62575.0,0.05226716177581424,153,62575.0,0.8799999999999955
5795.0,149,6597.0,31.716346153846153,1.5969391420836274,149,62472.0,0.05484446264957553,149,62472.0,1.0299999999999727
5800.0,150,6207.0,29.841346153846153,1.58869172768563,150,63219.0,0.0560707807637073,150,63219.0,-7.470000000000027
5805.0,153,5866.0,27.80094786729858,1.528364064455202,153,63905.0,0.050125409145101704,153,63905.0,-6.8599999999999
5810.0,154,5672.0,27.138755980861244,1.5051513568546164,153,64608.0,0.04822217978231351,153,64608.0,-7.030000000000086
5815.0,158,5611.0,26.71904761904762,1.3785856165522334,158,65330.0,0.04414764001532227,158,65330.0,-7.219999999999914
5820.0,163,5488.0,26.133333333333333,1.2713947617532733,163,65398.0,0.03906389215523864,163,65398.0,-0.6800000000000637
5825.0,166,5322.0,25.34285714285714,1.1942601356354419,166,64764.0,0.035828913984947565,166,64764.0,6.340000000000032
5830.0,164,5157.0,24.44075829383886,1.351281842870213,164,64137.0,0.04183315408084065,164,64137.0,6.269999999999982
5835.0,161,5033.0,23.85308056872038,1.4059102673903272,161,63020.0,0.04394897699469477,161,63020.0,11.169999999999959
5840.0,160,4918.0,23.5311004784689,1.3038672805631182,160,63358.0,0.04486412636059336,160,63358.0,-3.3799999999999955
5845.0,157,4767.0,22.592417061611375,1.3070427571642171,157,64149.0,0.04234689827111401,157,64149.0,-7.909999999999968
5850.0,159,4791.0,22.492957746478872,1.426467001175575,159,64013.0,0.04428313973968861,159,64013.0,1.3600000000000136
5855.0,163,5189.0,24.02314814814815,1.3740663303036007,163,64164.0,0.04081251345141719,163,64164.0,-1.509999999999991
5860.0,166,5571.0,25.791666666666668,1.3476358140750493,166,63690.0,0.04145936322172334,166,63690.0,4.740000000000009
5865.0,163,5951.0,27.298165137614678,1.4928677691561532,163,63215.0,0.045402949381930416,163,63215.0,4.75
5870.0,161,6321.0,28.995412844036696,1.6555138671418548,161,62091.0,0.049902034931760895,161,62091.0,11.240000000000009
5875.0,159,6618.0,30.21917808219178,1.6767445346734107,158,62388.0,0.048148902676482766,158,62388.0,-2.9700000000000273
5880.0,155,6855.0,32.032710280373834,1.5722056705415093,155,63161.0,0.050545971141291314,155,63161.0,-7.730000000000018
5885.0,152,7100.0,33.333333333333336,1.5925069689857811,152,62938.0,0.05306101218515747,152,62938.0,2.230000000000018
5890.0,153,7272.0,33.981308411214954,1.6026229619148362,153,63572.0,0.05018867276418258,153,63572.0,-6.340000000000032
5895.0,157,7313.0,33.85648148148148,1.4148020943124477,157,64220.0,0.04172706724850015,157,64220.0,-6.480000000000018
5900.0,153,7478.0,34.78139534883721,1.4874367463284635,153,64875.0,0.045728384795107005,153,64875.0,-6.5499999999999545
5905.0,153,7873.0,36.78971962616822,1.4834301087184505,153,65436.0,0.05132738815138317,153,65436.0,-5.610000000000014
5910.0,158,8349.0,38.65277777777778,1.4587122440211635,158,65527.0,0.048253152297608015,158,65527.0,-0.9099999999999682
5915.0,165,8819.0,40.45412844036697,1.397800877405635,165,64980.0,0.047768523028151516,165,64980.0,5.470000000000027
5920.0,168,9359.0,43.12903225806452,1.436092359065647,168,64467.0,0.046753423140692446,168,64467.0,5.1299999999999955
5925.0,169,9919.0,45.29223744292238,1.4917316267752876,169,63320.0,0.04466908836671047,169,63320.0,11.469999999999914
5930.0,171,10484.0,48.091743119266056,1.4785495277063962,171,62196.0,0.044177171903898985,171,62196.0,11.240000000000009
5935.0,166,10959.0,50.04109589041096,1.4523238282391793,166,62916.0,0.04134335575727789,166,62916.0,-7.199999999999932
5940.0,165,11394.0,52.02739726027397,1.4812141304695035,165,63538.0,0.044754933586692025,165,63538.0,-6.220000000000027
5945.0,166,11911.0,54.14090909090909,1.5605445772989233,166,64174.0,0.04890248377938609,166,64174.0,-6.360000000000014
5950.0,171,12560.0,56.32286995515695,1.7076546683141847,171,64810.0,0.0483229557555979,171,64810.0,-6.360000000000014
5955.0,174,13247.0,59.403587443946186,1.7122735133223341,174,65550.0,0.049204425519645295,174,65550.0,-7.399999999999977
5960.0,174,13731.0,62.13122171945702,1.5638886834337875,174,65856.0,0.040002709402471276,174,65856.0,-3.0599999999999454
5965.0,173,14070.0,63.665158371040725,1.526025632826068,173,65624.0,0.0395066168234225,173,65624.0,2.3199999999999363
5970.0,168,14411.0,66.10550458715596,1.6561641091769108,168,65376.0,0.04749374979660091,168,65376.0,2.480000000000018
5975.0,164,14793.0,67.54794520547945,1.8643621711629579,164,64664.0,0.05016582610559179,164,64664.0,7.1200000000000045
5980.0,165,15262.0,70.0091743119266,2.009152823202766,165,64134.0,0.058679040185297765,165,64134.0,5.2999999999999545
5985.0,165,15582.0,70.50678733031674,1.8341293570606803,165,64236.0,0.0430739057516142,165,64236.0,-1.0199999999999818
5990.0,164,15804.0,72.16438356164383,1.8435573466434425,164,63642.0,0.04524080003032017,164,63642.0,5.940000000000055
5995.0,162,16014.0,74.13888888888889,1.8136851866368413,162,63113.0,0.05119992274976271,162,63113.0,5.289999999999964
6000.0,158,16093.0,75.20093457943925,1.8106394221711941,158,63799.0,0.04753008287111526,158,63799.0,-6.860000000000014
6005.0,153,16110.0,75.63380281690141,1.8064522834531822,153,64424.0,0.050282272126396736,153,64424.0,-6.25
6010.0,153,16264.0,76.0,1.9850549535586979,153,65061.0,0.05866202515640948,153,65061.0,-6.3700000000000045
6015.0,157,15704.0,74.0754716981132,1.7352911598876957,156,64888.0,0.05021410640852489,156,64888.0,1.7300000000000182
6020.0,156,14660.0,69.47867298578198,1.6260004581156053,156,65640.0,0.04711146812146703,156,65640.0,-7.519999999999982
6025.0,153,13676.0,64.20657276995306,1.7902254887591018,153,64601.0,0.05421831812734512,153,64601.0,10.389999999999986
6030.0,158,12936.0,60.16744186046512,1.6943867250746407,158,65324.0,0.04505177970589143,158,65324.0,-7.230000000000018
6035.0,160,12202.0,56.23041474654378,1.6703220841423734,160,66023.0,0.04228856019960818,160,66023.0,-6.990000000000009
6040.0,163,11542.0,53.93457943925234,1.6144874625554422,163,66755.0,0.044064148805568595,163,66755.0,-7.319999999999936
6045.0,165,10833.0,51.09905660377358,1.3781988072865607,165,66886.0,0.03381733000079764,165,66886.0,-1.3100000000000591
6050.0,163,10113.0,48.62019230769231,1.2938811604959126,163,66366.0,0.03757430129052311,163,66366.0,5.2000000000000455
6055.0,166,9478.0,44.70754716981132,1.422152511225465,166,65859.0,0.04271153333057848,166,65859.0,5.069999999999936
6060.0,166,8852.0,41.55868544600939,1.4514088782161765,166,64755.0,0.040466629969348196,166,64755.0,11.040000000000077
6065.0,165,8224.0,38.429906542056074,1.555175837164229,165,63714.0,0.04653136368056379,165,63714.0,10.409999999999968
6070.0,165,7520.0,35.14018691588785,1.3660080066943097,165,64441.0,0.042492358161306365,165,64441.0,-7.269999999999982
6075.0,163,6897.0,32.07906976744186,1.547013741607364,163,65148.0,0.04868197469363111,163,65148.0,-7.07000000000005
6080.0,164,6587.0,30.7803738317757,1.6862631568478734,164,65870.0,0.054256347962766883,164,65870.0,-7.220000000000027
6085.0,167,6887.0,32.333333333333336,1.5245152543328633,167,66097.0,0.03892361383847476,167,66097.0,-2.269999999999982
6090.0,167,6999.0,32.705607476635514,1.6196007291478685,167,65834.0,0.039338371222526036,167,65834.0,2.6299999999999955
6095.0,164,7104.0,33.352112676056336,1.7106805198588042,164,65654.0,0.0493890634236239,164,65654.0,1.8000000000000682
6100.0,161,7196.0,33.78403755868545,1.875267196339632,161,65134.0,0.05194126199549091,161,65134.0,5.199999999999932
6105.0,156,7268.0,34.44549763033175,1.9862250786704652,156,64632.0,0.06357210669580268,156,64632.0,5.019999999999982
6110.0,153,7391.0,35.36363636363637,2.015077274279119,153,64144.0,0.06323031175397648,153,64144.0,4.8799999999999955
6115.0,155,7575.0,36.07142857142857,1.92232679829295,154,64859.0,0.058917215700577105,154,64859.0,-7.149999999999977
6120.0,163,7843.0,37.170616113744074,1.725004530527781,163,65595.0,0.04882242841663184,163,65595.0,-7.360000000000014
6125.0,166,8167.0,38.70616113744076,1.6467153060552646,166,66360.0,0.04632556269631552,166,66360.0,-7.649999999999977
6130.0,165,8455.0,40.45454545454545,1.5681527618162145,165,66720.0,0.04582263255655278,165,66720.0,-3.6000000000000227
6135.0,161,8702.0,41.83653846153846,1.6383851797584223,161,66659.0,0.05456290517046693,161,66659.0,0.6100000000000136
6140.0,159,8940.0,43.18840579710145,1.696638529611939,159,66611.0,0.05717654267192155,159,66611.0,0.4800000000000182
6145.0,156,9212.0,44.28846153846154,1.8145525963798204,156,66183.0,0.06100601014262987,156,66183.0,4.279999999999973
6150.0,156,9523.0,46.00483091787439,1.7574046076437342,155,66830.0,0.059550852807045536,155,66830.0,-6.469999999999914
6155.0,158,10067.0,48.16746411483253,1.6959858674910497,158,67500.0,0.055464045094937235,158,67500.0,-6.7000000000000455
6160.0,162,10767.0,51.516746411483254,1.618777596704956,162,68126.0,0.050316174016946394,162,68126.0,-6.259999999999991
6165.0,166,11235.0,53.75598086124402,1.414775009903462,166,68203.0,0.04104090027043801,166,68203.0,-0.7699999999999818
6170.0,167,11531.0,55.4375,1.3975767062623095,167,67616.0,0.042469683505983936,167,67616.0,5.8700000000000045
6175.0,163,11815.0,56.26190476190476,1.54393470383312,163,67144.0,0.04606385004191721,163,67144.0,4.719999999999914
6180.0,162,11633.0,55.132701421800945,1.5575015363065885,162,67000.0,0.047861616935402654,162,67000.0,1.4400000000000546
6185.0,157,11165.0,52.91469194312796,1.6222066005317424,157,65938.0,0.0496044621500476,157,65938.0,10.620000000000005
6190.0,158,10728.0,50.60377358490566,1.7621170608880565,158,64899.0,0.05393971608359856,158,64899.0,10.389999999999986
6195.0,158,10293.0,48.78199052132702,1.7396464012595028,158,62989.0,0.05329209073325562,158,62989.0,19.100000000000023
6200.0,160,9757.0,46.46190476190476,1.5689204838024147,160,63696.0,0.047267012501009585,160,63696.0,-7.07000000000005
6205.0,156,9151.0,43.16509433962264,1.6673891600202935,156,64358.0,0.04971827369715894,156,64358.0,-6.6200000000000045
6210.0,155,8672.0,40.905660377358494,1.8422421428610647,155,65027.0,0.056269381068184104,155,65027.0,-6.689999999999941
6215.0,157,8034.0,37.71830985915493,1.763959124008869,157,65343.0,0.04686356786616174,157,65343.0,-3.159999999999968
6220.0,158,7277.0,34.325471698113205,1.7052655756585997,158,65216.0,0.04611869964813125,158,65216.0,1.2699999999999818
6225.0,154,6561.0,31.242857142857144,1.7085008723060149,154,65076.0,0.05332759128199164,154,65076.0,1.3999999999999773
6230.0,153,5904.0,28.114285714285714,1.6819688669452926,153,65754.0,0.05033094967099163,153,65754.0,-6.779999999999973
6235.0,155,5525.0,26.06132075471698,1.6630645883390438,155,66441.0,0.046237580046744546,155,66441.0,-6.8700000000000045
6240.0,162,5239.0,24.481308411214954,1.674017164169105,162,67122.0,0.047920173495554594,162,67122.0,-6.810000000000059
6245.0,165,4937.0,23.178403755868544,1.4513248341501641,165,67220.0,0.04071451125207877,165,67220.0,-0.9800000000000182
6250.0,169,5125.0,24.061032863849764,1.394896286354679,169,66666.0,0.039738918190330874,169,66666.0,5.540000000000077
6255.0,171,5325.0,24.767441860465116,1.445812849832903,171,66240.0,0.04062947439664334,171,66240.0,4.259999999999991
6260.0,168,5518.0,25.785046728971963,1.5080585447673884,168,65201.0,0.04501973337392979,168,65201.0,10.389999999999986
6265.0,164,5696.0,26.493023255813952,1.6325694974232705,164,64711.0,0.04959536324513852,164,64711.0,4.899999999999977
6270.0,161,5672.0,26.50467289719626,1.5778304699247476,161,64593.0,0.04850210846619655,161,64593.0,1.1800000000000637
6275.0,158,5548.0,26.169811320754718,1.523706187164976,158,63560.0,0.04883963508927937,158,63560.0,10.329999999999927
6280.0,156,5488.0,25.76525821596244,1.7596934087437979,156,62536.0,0.059116720491246874,156,62536.0,10.240000000000009
6285.0,157,5433.0,25.38785046728972,1.7300966781440568,157,62816.0,0.04993236058168053,157,62816.0,-2.7999999999999545
6290.0,158,5272.0,24.40740740740741,1.857816746300398,158,62626.0,0.050743924705138,158,62626.0,1.8999999999999773
6295.0,154,5097.0,23.817757009345794,1.8182379588813893,154,62413.0,0.057083137422357516,154,62413.0,2.1299999999999955
6300.0,152,4867.0,22.742990654205606,1.838305473607734,152,62281.0,0.054488727346483426,152,62281.0,1.32000000000005
6305.0,149,4595.0,21.572769953051644,1.8559059980896786,149,61306.0,0.05693207138047881,149,61306.0,9.75
6310.0,145,4389.0,20.702830188679247,2.0451460837094224,145,60399.0,0.06841015722734099,145,60399.0,9.069999999999936
6315.0,146,4283.0,20.107981220657276,1.911270513778059,145,60668.0,0.056813126103795915,145,60668.0,-2.689999999999941
6320.0,149,4095.0,19.135514018691588,1.8351013867403432,149,61411.0,0.05158634396107014,149,61411.0,-7.430000000000064
6325.0,148,3905.0,18.419811320754718,1.7012489442752752,148,61261.0,0.05156416701457085,148,61261.0,1.5
6330.0,145,3729.0,17.672985781990523,1.7622109210778694,145,60753.0,0.05647276958546831,145,60753.0,5.080000000000041
6335.0,143,3367.0,16.11004784688995,1.638481026661603,143,61351.0,0.05408219639942283,143,61351.0,-5.980000000000018
6340.0,146,3082.0,14.606635071090047,1.6946315708628685,146,61860.0,0.0576707429562229,146,61860.0,-5.090000000000032
6345.0,145,2997.0,14.13679245283019,1.6885915096519224,145,62395.0,0.05756869607597113,145,62395.0,-5.350000000000023
6350.0,147,3085.0,14.41588785046729,1.7447383030959172,147,62273.0,0.057069068137887084,147,62273.0,1.2200000000000273
6355.0,159,3368.0,15.665116279069768,1.4384968930887814,159,62193.0,0.040939447108871645,159,62193.0,0.8000000000000682
6360.0,161,3688.0,17.153488372093022,1.373848763730784,161,62146.0,0.042104051869936175,161,62146.0,0.4699999999999136
6365.0,161,3872.0,17.84331797235023,1.380850746305679,161,62403.0,0.039587296043570815,161,62403.0,-2.5699999999999363
6370.0,164,3956.0,18.23041474654378,1.34079679011255,164,62127.0,0.04004156201710045,164,62127.0,2.759999999999991
6375.0,167,4101.0,18.64090909090909,1.3797120533788991,167,61867.0,0.0428558860394129,167,61867.0,2.6000000000000227
6380.0,164,4171.0,18.873303167420815,1.4465060673961052,164,62232.0,0.04015414471453993,164,62232.0,-3.650000000000091
6385.0,166,4255.0,19.080717488789237,1.4771809527959892,166,62235.0,0.039855345233987836,166,62235.0,-0.029999999999972715
6390.0,166,4354.0,19.61261261261261,1.538032413422711,166,62287.0,0.04429574457905197,166,62287.0,-0.5199999999999818
6395.0,165,4408.0,20.036363636363635,1.375852327679146,165,62563.0,0.0388326665183955,165,62563.0,-2.759999999999991
6400.0,163,4421.0,20.279816513761467,1.3428015404886813,163,62835.0,0.03746071534375934,163,62835.0,-2.7200000000000273
6405.0,159,4413.0,20.15068493150685,1.3960783081267314,159,63085.0,0.04152488218641115,159,63085.0,-2.5
6410.0,158,4216.0,19.251141552511417,1.353406814479369,158,63721.0,0.04231575001968112,158,63721.0,-6.360000000000014
6415.0,156,3944.0,18.009132420091323,1.33767940425182,156,64351.0,0.04003984010064152,156,64351.0,-6.2999999999999545
6420.0,155,3795.0,17.25,1.4742051503105085,155,64853.0,0.04512878416352607,155,64853.0,-5.019999999999982
6425.0,156,3801.0,17.356164383561644,1.4036202117745193,156,65380.0,0.0476951311745789,156,65380.0,-5.269999999999982
6430.0,158,4052.0,18.50228310502283,1.5221437740874213,158,65940.0,0.05347341617429033,158,65940.0,-5.600000000000023
6435.0,164,4477.0,20.35,1.4357966117822225,164,66051.0,0.042975988806879015,164,66051.0,-1.1100000000000136
6440.0,168,4876.0,22.163636363636364,1.326832450870064,168,65688.0,0.042278996463305955,168,65688.0,3.6299999999999955
6445.0,169,5376.0,24.54794520547945,1.2603361750832383,169,65322.0,0.042107902471571826,169,65322.0,3.659999999999968
6450.0,172,6021.0,27.244343891402714,1.4164624532012051,172,64697.0,0.04206698590670111,172,64697.0,6.25
6455.0,175,6623.0,29.699551569506728,1.3804582980848537,175,65499.0,0.03571868427406159,175,65499.0,-8.019999999999982
6460.0,176,7223.0,32.53603603603604,1.2955170634894275,176,66216.0,0.031651252182426204,176,66216.0,-7.169999999999959
6465.0,178,7865.0,34.955555555555556,1.327330712936565,178,66952.0,0.030332513450955202,178,66952.0,-7.360000000000014
6470.0,180,8608.0,38.257777777777775,1.4242941541237142,180,67622.0,0.03725343612037579,180,67622.0,-6.7000000000000455
6475.0,181,9368.0,41.635555555555555,1.4045506726098014,181,68283.0,0.038893205595527995,181,68283.0,-6.610000000000014
6480.0,181,9888.0,44.142857142857146,1.4373791137573804,181,68688.0,0.036501952749057966,181,68688.0,-4.0499999999999545
6485.0,181,10238.0,45.91031390134529,1.3662344280111534,181,68644.0,0.03532735252165243,181,68644.0,0.4399999999999409
6490.0,177,10576.0,48.07272727272727,1.4519071364558644,177,68569.0,0.0388334400065919,177,68569.0,0.75
6495.0,172,10891.0,49.730593607305934,1.5386046910746338,172,68002.0,0.04041289459969506,172,68002.0,5.670000000000073
6500.0,169,11216.0,51.44954128440367,1.7400834078428042,169,67420.0,0.049807536599356064,169,67420.0,5.819999999999936
6505.0,170,11636.0,52.89090909090909,1.7227473942675986,170,66854.0,0.05248187518498555,170,66854.0,5.660000000000082
6510.0,169,11893.0,54.305936073059364,1.5656815529494257,169,67617.0,0.043087482518711626,169,67617.0,-7.6299999999999955
6515.0,171,12045.0,55.0,1.498814495985121,171,68392.0,0.04049338640895555,171,68392.0,-7.75
6520.0,172,12185.0,56.1520737327189,1.4496063617197266,172,68668.0,0.04065461119063727,172,68668.0,-2.759999999999991
6525.0,168,12154.0,55.49771689497717,1.4227557552377983,168,69391.0,0.039508737225257606,168,69391.0,-7.230000000000018
6530.0,164,12012.0,55.10091743119266,1.5302865652928617,164,70062.0,0.04926352186540144,164,70062.0,-6.710000000000036
6535.0,162,11948.0,55.05990783410138,1.5628124683139069,162,70768.0,0.05168715771659681,162,70768.0,-7.059999999999945
6540.0,163,11982.0,55.99065420560748,1.4736642236247326,163,70983.0,0.046086495943595575,163,70983.0,-2.150000000000091
6545.0,164,12101.0,56.283720930232555,1.5243637531481296,164,70706.0,0.045601313114412574,164,70706.0,2.7700000000000955
6550.0,165,12545.0,58.0787037037037,1.6455589551151226,165,70445.0,0.05223591685009208,165,70445.0,2.6099999999999
6555.0,166,12990.0,59.86175115207373,1.5461761591055565,166,69790.0,0.04392804900541028,166,69790.0,6.550000000000068
6560.0,168,13377.0,62.21860465116279,1.3979806927625622,167,70431.0,0.0410796500522035,167,70431.0,-6.409999999999968
6565.0,165,13709.0,63.76279069767442,1.3013640015073433,165,71162.0,0.033041130541927435,165,71162.0,-7.310000000000059
6570.0,162,14076.0,65.46976744186047,1.366650996672676,162,71711.0,0.038496586075190596,162,71711.0,-5.490000000000009
6575.0,164,14411.0,66.7175925925926,1.331866758760972,164,71909.0,0.0396523510181912,164,71909.0,-1.9800000000000182
6580.0,166,14814.0,68.26728110599079,1.405193304497102,166,71647.0,0.04087205705870534,166,71647.0,2.6200000000000045
6585.0,167,15231.0,70.51388888888889,1.4911924482945862,167,71392.0,0.046493358544806004,167,71392.0,2.550000000000068
6590.0,168,15681.0,72.59722222222223,1.52019453765468,168,70690.0,0.044399308921896384,168,70690.0,7.019999999999982
6595.0,166,16075.0,73.73853211009174,1.5272210050645825,166,71295.0,0.045817115605141914,166,71295.0,-6.050000000000068
6600.0,163,16414.0,75.29357798165138,1.5776157559212074,163,71820.0,0.04970980577154778,163,71820.0,-5.25
6605.0,162,16769.0,76.57077625570776,1.696415563561815,162,72381.0,0.05320450535437554,162,72381.0,-5.6099999999999
6610.0,167,17228.0,79.39170506912443,1.579510848965348,167,72638.0,0.04446812622139903,167,72638.0,-2.57000000000005
6615.0,173,17683.0,81.48847926267281,1.3495555229734268,173,72464.0,0.035477500842906,173,72464.0,1.740000000000009
6620.0,171,18148.0,83.63133640552995,1.5011894261016105,171,72324.0,0.043947909719674466,171,72324.0,1.3999999999999773
6625.0,167,18596.0,84.91324200913242,1.5940907369095005,167,71763.0,0.044671811231804255,167,71763.0,5.610000000000014
6630.0,166,18857.0,86.10502283105023,1.629427919350902,165,72004.0,0.0471022942039375,165,72004.0,-2.409999999999968
6635.0,165,19024.0,86.47272727272727,1.5596829108288075,165,72703.0,0.04502413833721701,165,72703.0,-6.990000000000009
6640.0,163,19269.0,87.58636363636364,1.7185899136193166,163,72406.0,0.04930857129531113,163,72406.0,2.9700000000000273
6645.0,165,18811.0,85.50454545454545,1.5564805261715213,165,72149.0,0.042097207531170716,165,72149.0,2.5699999999999363
6650.0,166,17796.0,81.26027397260275,1.4782883127103876,166,70972.0,0.04317353609659729,166,70972.0,11.769999999999982
6655.0,162,16772.0,76.58447488584476,1.5574127087731375,162,69808.0,0.04936259693610451,162,69808.0,11.639999999999986
6660.0,159,15585.0,72.48837209302326,1.488338678051664,159,70377.0,0.046077619917684436,159,70377.0,-5.689999999999941
6665.0,158,14284.0,65.82488479262673,1.5273617814598863,158,70860.0,0.04751822139252344,158,70860.0,-4.830000000000041
6670.0,153,13040.0,60.09216589861751,1.7180284911099455,153,71348.0,0.05528497934523227,153,71348.0,-4.8799999999999955
6675.0,155,11882.0,55.00925925925926,1.5585056890333429,155,71529.0,0.050300040906223316,155,71529.0,-1.8099999999999454
6680.0,160,10682.0,49.4537037037037,1.551064853239362,160,71289.0,0.045589927216064606,160,71289.0,2.3999999999999773
6685.0,164,9504.0,43.79723502304147,1.4558137647049685,164,71076.0,0.043057622668122075,164,71076.0,2.1299999999999955
6690.0,161,8302.0,38.25806451612903,1.463057667149052,161,71670.0,0.04186893413198765,161,71670.0,-5.940000000000055
6695.0,159,7153.0,32.662100456621005,1.5488099641757775,159,72183.0,0.04030751126952076,159,72183.0,-5.1299999999999955
6700.0,160,6251.0,28.413636363636364,1.7203032665015583,160,72716.0,0.04986602745364338,160,72716.0,-5.329999999999927
6705.0,168,5302.0,24.1,1.4638609310480029,167,72489.0,0.040360654351381205,167,72489.0,2.269999999999982
6710.0,173,4578.0,20.714932126696834,1.3706693642303867,173,73210.0,0.03197229131252209,173,73210.0,-7.210000000000036
6715.0,176,4993.0,22.695454545454545,1.3134825709194815,176,72143.0,0.036465020840215696,176,72143.0,10.670000000000073
6720.0,176,5322.0,24.301369863013697,1.1696537337822848,176,72439.0,0.02838619171739024,176,72439.0,-2.9600000000000364
6725.0,173,5584.0,25.49771689497717,1.1338059968832248,173,72732.0,0.02828091306509798,173,72732.0,-2.9300000000000637
6730.0,172,5837.0,26.775229357798164,1.1902084816601999,172,72540.0,0.034681687843332594,172,72540.0,1.9200000000000728
6735.0,168,6098.0,27.84474885844749,1.2937072455177465,168,72409.0,0.0414815822588394,168,72409.0,1.3099999999999454
6740.0,164,6410.0,29.269406392694062,1.5205539385499314,164,71951.0,0.047578366873868995,164,71951.0,4.580000000000041
6745.0,165,6846.0,31.40366972477064,1.4411907997110338,165,71950.0,0.04634378078638159,165,71950.0,0.009999999999990905
6750.0,165,7148.0,32.788990825688074,1.363587554683368,165,72246.0,0.04330867905495975,165,72246.0,-2.9600000000000364
6755.0,163,7345.0,33.8479262672811,1.337231067085507,162,72790.0,0.046793178828013364,162,72790.0,-5.439999999999941
6760.0,157,7599.0,35.0184331797235,1.5650338842078186,157,73358.0,0.05642902170508029,157,73358.0,-5.680000000000064
6765.0,158,7998.0,36.68807339449541,1.7346214004905471,158,73903.0,0.055959165167526886,158,73903.0,-5.449999999999932
6770.0,159,8468.0,39.2037037037037,1.805806154225195,159,74488.0,0.05731107876294414,159,74488.0,-5.850000000000023
6775.0,162,8720.0,40.184331797235025,1.5943164613057306,162,74591.0,0.04584392067010761,162,74591.0,-1.0299999999999727
6780.0,163,8730.0,40.23041474654378,1.636971189116902,163,74091.0,0.04471649884007926,163,74091.0,5.0
6785.0,162,8790.0,40.321100917431195,1.7416003765465786,162,73576.0,0.05027072813916532,162,73576.0,5.149999999999977
6790.0,164,8912.0,40.88073394495413,1.7590954627956248,164,74252.0,0.04228033510073096,164,74252.0,-6.759999999999991
6795.0,167,9050.0,40.95022624434389,1.7520461606901563,167,74968.0,0.03885514561790489,167,74968.0,-7.159999999999968
6800.0,171,9240.0,42.38532110091743,1.646942923390483,171,75722.0,0.03709208253942854,171,75722.0,-7.540000000000077
6805.0,176,9454.0,43.1689497716895,1.5355762057937234,176,76530.0,0.03814414203677216,176,76530.0,-8.079999999999927
6810.0,176,9617.0,44.31797235023041,1.3443841314362523,175,76743.0,0.02472717385514866,175,76743.0,-2.1299999999999955
6815.0,171,9722.0,45.21860465116279,1.3490701144636326,171,76385.0,0.03400352624241649,171,76385.0,3.5799999999999272
6820.0,168,9812.0,45.63720930232558,1.4968523449573023,168,76067.0,0.04046849814841859,168,76067.0,3.1800000000000637
6825.0,165,9889.0,45.9953488372093,1.6282456462514145,165,75197.0,0.04384216690882219,165,75197.0,8.699999999999932
6830.0,162,9618.0,44.734883720930235,1.7227334677510968,162,74962.0,0.0464168229611924,162,74962.0,2.3500000000000227
6835.0,159,9107.0,42.35813953488372,1.762416150714423,159,73774.0,0.045701588643226446,159,73774.0,11.879999999999995
6840.0,158,8722.0,40.757009345794394,1.8179496822322163,158,72593.0,0.05125183217892665,158,72593.0,11.81000000000006
6845.0,158,8575.0,40.448113207547166,1.6955876530288936,158,72844.0,0.04657124342720818,158,72844.0,-2.5100000000001046
6850.0,160,8242.0,38.87735849056604,1.5746179356128078,160,73113.0,0.04001583271327134,160,73113.0,-2.689999999999941
6855.0,156,7897.0,37.075117370892016,1.6031006520340418,156,73344.0,0.04451130161800936,156,73344.0,-2.310000000000059
6860.0,155,7500.0,35.046728971962615,1.64402203135855,155,73057.0,0.044286020319709705,155,73057.0,2.8700000000000045
6865.0,151,7060.0,33.14553990610329,1.6439811450481974,151,71837.0,0.04741016798332432,151,71837.0,12.200000000000045
6870.0,147,6601.0,31.13679245283019,1.8439228726444439,147,70623.0,0.057869287596181575,147,70623.0,12.139999999999986
6875.0,143,5995.0,28.96135265700483,1.6171836119241045,143,71166.0,0.053962786862213806,143,71166.0,-5.42999999999995
6880.0,144,5508.0,26.608695652173914,1.6831229620971597,144,71666.0,0.055511139654104535,144,71666.0,-5.0
6885.0,150,5138.0,24.82125603864734,1.537548001343839,150,72209.0,0.051691145950708124,150,72209.0,-5.430000000000064
6890.0,151,4739.0,22.783653846153847,1.4801378077509508,151,71928.0,0.047164710082965994,151,71928.0,2.810000000000059
6895.0,150,4427.0,21.080952380952382,1.5217424525457524,150,71650.0,0.041789889594973685,150,71650.0,2.7799999999999727
6900.0,153,4561.0,21.71904761904762,1.4975918382842652,153,71389.0,0.04325238961069258,153,71389.0,2.6100000000000136
6905.0,156,4626.0,21.924170616113745,1.359369586971382,156,71603.0,0.03915751992406632,156,71603.0,-2.1399999999999864
6910.0,156,4722.0,22.27358490566038,1.2905922686249918,156,71816.0,0.0352699277158048,156,71816.0,-2.1299999999999955
6915.0,158,5116.0,24.018779342723004,1.3128924359192413,158,72038.0,0.040217658882155415,158,72038.0,-2.2200000000000273
6920.0,161,5482.0,25.61682242990654,1.277312275535705,161,71832.0,0.037094835574951746,161,71832.0,2.0599999999999454
6925.0,160,5850.0,27.083333333333332,1.3643755641839188,160,70727.0,0.03662093265260793,160,70727.0,11.050000000000068
6930.0,161,6259.0,29.247663551401867,1.4005668735482462,161,69649.0,0.045462471156849496,161,69649.0,10.779999999999973
6935.0,161,6353.0,29.686915887850468,1.251237724009229,161,69737.0,0.038294760702524744,161,69737.0,-0.8799999999999955
6940.0,158,6227.0,29.23474178403756,1.3128225617889426,158,69206.0,0.03943431347042817,158,69206.0,5.310000000000059
6945.0,155,6087.0,28.577464788732396,1.3723047676806992,155,68644.0,0.045996214600300636,155,68644.0,5.619999999999891
6950.0,152,5938.0,28.00943396226415,1.5067149895046867,152,67463.0,0.04991631696273534,152,67463.0,11.81000000000006
6955.0,150,5610.0,26.462264150943398,1.5118263600010724,150,68127.0,0.05092172067959102,150,68127.0,-6.639999999999986
6960.0,150,5263.0,24.708920187793428,1.555115265941723,150,68708.0,0.045324691272771736,150,68708.0,-5.810000000000059
6965.0,151,5119.0,24.03286384976526,1.474558258017609,151,69226.0,0.04456219884421128,151,69226.0,-5.17999999999995
6970.0,154,4933.0,23.15962441314554,1.5076949644616553,154,69397.0,0.04792552254490286,154,69397.0,-1.7100000000000364
6975.0,158,4852.0,22.672897196261683,1.441747736664928,158,69091.0,0.04496060673087213,158,69091.0,3.060000000000059
6980.0,160,4791.0,22.38785046728972,1.5843924554049729,160,68854.0,0.048891293848765456,160,68854.0,2.3700000000000045
6985.0,159,4746.0,22.074418604651164,1.6725831160355302,159,68170.0,0.04954509408459162,159,68170.0,6.839999999999918
6990.0,161,4766.0,21.963133640552996,1.8592655726156917,161,67563.0,0.05763429852189968,161,67563.0,6.07000000000005
6995.0,159,4809.0,22.059633027522935,1.881603825921806,159,67001.0,0.059313823268044616,159,67001.0,5.6200000000000045
7000.0,159,4984.0,22.862385321100916,1.9573344986997983,159,67021.0,0.06266207380913479,159,67021.0,-0.20000000000004547
7005.0,164,5428.0,25.12962962962963,1.6969815973107094,164,67642.0,0.052441863310778034,164,67642.0,-6.209999999999923
7010.0,165,5813.0,27.16355140186916,1.5862852331859847,165,68192.0,0.051252336060596405,165,68192.0,-5.5
7015.0,161,6239.0,29.01860465116279,1.6948692408933772,161,68761.0,0.05883825576904731,161,68761.0,-5.690000000000055
7020.0,162,6739.0,31.344186046511627,1.708464425125288,162,69128.0,0.05620065177122548,162,69128.0,-3.669999999999959
7025.0,163,7215.0,33.24884792626728,1.778761488736262,163,69146.0,0.049741722175933895,163,69146.0,-0.18000000000006366
7030.0,163,7695.0,35.46082949308756,1.8912192707873612,163,69175.0,0.05648838891065483,163,69175.0,-0.2899999999999636
7035.0,161,8171.0,38.0046511627907,1.7893724270334945,161,69817.0,0.05227619263070789,161,69817.0,-6.419999999999959
7040.0,161,8820.0,41.02325581395349,1.833079202676475,161,70413.0,0.052249737764111535,161,70413.0,-5.960000000000036
7045.0,164,9512.0,43.83410138248848,1.7952766242100815,164,71033.0,0.049611314456675416,164,71033.0,-6.2000000000000455
7050.0,169,9918.0,45.4954128440367,1.5866322902456411,168,70891.0,0.03393779037553889,168,70891.0,1.4200000000000728
7055.0,172,10114.0,45.972727272727276,1.5281953207579755,172,71663.0,0.027823825071083982,172,71663.0,-7.720000000000027
7060.0,170,10300.0,47.24770642201835,1.5488516036016369,170,70669.0,0.03477503721842666,170,70669.0,9.93999999999994
7065.0,166,10470.0,48.24884792626728,1.6078830233267531,166,68797.0,0.03988347784597788,166,68797.0,18.720000000000027
7070.0,162,10284.0,47.83255813953488,1.5460353330651229,162,68833.0,0.038308493646660204,162,68833.0,-0.36000000000001364
7075.0,160,9907.0,46.51173708920188,1.5502208489862825,160,68150.0,0.044173573510349354,160,68150.0,6.830000000000041
7080.0,161,9551.0,45.2654028436019,1.604397850073562,161,67486.0,0.04869608149098847,161,67486.0,6.639999999999986
7085.0,162,9196.0,43.58293838862559,1.5296050281307683,162,66102.0,0.043435581449013126,162,66102.0,13.840000000000032
7090.0,159,8838.0,41.68867924528302,1.8432762558460487,159,64826.0,0.057715248657291184,159,64826.0,12.759999999999991
7095.0,155,8461.0,39.910377358490564,1.8079906305490931,155,63576.0,0.053038665143422675,155,63576.0,12.5
7100.0,154,8074.0,38.08490566037736,1.8641643282307323,153,63045.0,0.059376594478460575,153,63045.0,5.309999999999945
7105.0,151,7668.0,36.16981132075472,1.8733404894170673,151,61938.0,0.06338647525275597,151,61938.0,11.07000000000005
7110.0,149,7129.0,33.62735849056604,1.8698393704736591,149,61725.0,0.06434418984786462,149,61725.0,2.1299999999999955
7115.0,145,6627.0,31.112676056338028,1.9187211137007993,145,60612.0,0.0668835636892701,145,60612.0,11.129999999999995
7120.0,146,6569.0,30.985849056603772,2.036474532621639,146,59524.0,0.0768075450579274,146,59524.0,10.879999999999995
7125.0,149,6483.0,30.153488372093022,1.9905815985963404,149,59640.0,0.06720528936849939,149,59640.0,-1.1599999999999682
7130.0,147,6399.0,29.901869158878505,2.095083141438859,147,59215.0,0.06932710517506029,147,59215.0,4.25
7135.0,147,6445.0,30.11682242990654,2.168993153849659,147,58764.0,0.07166534394307929,147,58764.0,4.509999999999991
7140.0,151,6638.0,31.018691588785046,2.0203986621115515,151,59454.0,0.06158601296380225,151,59454.0,-6.899999999999977
7145.0,155,6661.0,30.695852534562214,1.852773597345443,154,60029.0,0.054806880098310015,154,60029.0,-5.75
7150.0,154,6836.0,31.357798165137616,1.7646471020101737,154,60631.0,0.04592755637693422,154,60631.0,-6.019999999999982
7155.0,154,6866.0,31.35159817351598,1.7614033800100855,154,60890.0,0.04117105166338178,154,60890.0,-2.590000000000032
7160.0,154,6748.0,31.096774193548388,1.7652365962757952,154,60694.0,0.04809414762070707,154,60694.0,1.9599999999999227
7165.0,155,6639.0,30.59447004608295,1.7712954824205345,155,60507.0,0.050920594724593427,155,60507.0,1.8700000000000045
7170.0,155,6502.0,30.38317757009346,1.6654305204898465,155,61104.0,0.05001197026262831,155,61104.0,-5.969999999999914
7175.0,154,6429.0,30.32547169811321,1.5800555451090759,154,61585.0,0.04966226971975329,154,61585.0,-4.810000000000059
7180.0,158,6537.0,30.83490566037736,1.5712173837401635,158,62099.0,0.05106812758807845,158,62099.0,-5.139999999999986
7185.0,163,6498.0,30.22325581395349,1.4787919532616471,163,61987.0,0.04485998159336238,163,61987.0,1.1200000000000045
7190.0,170,6425.0,29.74537037037037,1.3292576669071947,170,61902.0,0.03559971453824723,170,61902.0,0.8500000000000227
7195.0,171,6370.0,29.08675799086758,1.347959298604376,171,61843.0,0.036086234765154206,171,61843.0,0.5900000000000318
7200.0,172,6283.0,28.953917050691246,1.2301371655855369,172,62565.0,0.032443999439208865,172,62565.0,-7.220000000000027
7205.0,171,6156.0,28.238532110091743,1.197300840502887,171,63186.0,0.03386105354767617,171,63186.0,-6.210000000000036
7210.0,168,6042.0,27.463636363636365,1.4135518195248553,168,63818.0,0.044166698071511905,168,63818.0,-6.319999999999936
7215.0,166,5963.0,26.86036036036036,1.3827288321391835,166,63752.0,0.03776454929299198,166,63752.0,0.6599999999999682
7220.0,170,6034.0,27.427272727272726,1.3231433234696102,169,63694.0,0.0383891574288379,169,63694.0,0.5799999999999272
7225.0,176,6510.0,29.59090909090909,1.0814637949576167,176,63683.0,0.028566710579929145,176,63683.0,0.11000000000001364
7230.0,180,6964.0,31.511312217194572,1.0236445498095823,180,64478.0,0.025944687025212163,180,64478.0,-7.949999999999932
7235.0,179,7386.0,33.270270270270274,0.9864690521592782,179,65193.0,0.02751103438821247,179,65193.0,-7.149999999999977
7240.0,175,7800.0,34.97757847533632,1.1978557924180224,175,65952.0,0.035115769243732484,175,65952.0,-7.590000000000032
7245.0,176,8055.0,35.95982142857143,1.1833892110746977,176,66298.0,0.02896206084791784,176,66298.0,-3.4600000000000364
7250.0,177,8265.0,36.89732142857143,1.2572135121326389,177,66161.0,0.028585254604520705,177,66161.0,1.3700000000000045
7255.0,178,8688.0,39.13513513513514,1.2828943534658857,178,66073.0,0.036738392965986764,178,66073.0,0.8799999999999955
7260.0,179,9115.0,41.244343891402714,1.2502199064667734,179,65505.0,0.03500591355931926,179,65505.0,5.680000000000064
7265.0,177,9539.0,43.16289592760181,1.3411379405043122,177,64938.0,0.03908799005021875,177,64938.0,5.669999999999959
7270.0,173,9949.0,45.222727272727276,1.4816433662254305,173,64366.0,0.046641093676510544,173,64366.0,5.720000000000027
7275.0,168,10194.0,46.126696832579185,1.4521208915625041,168,64307.0,0.040007629442425974,168,64307.0,0.5899999999999181
7280.0,164,10344.0,47.23287671232877,1.5833927521334452,164,63354.0,0.05123147873490838,164,63354.0,9.530000000000086
7285.0,165,10550.0,47.737556561085974,1.7151961552140986,165,62412.0,0.053349985337951676,165,62412.0,9.419999999999959
7290.0,163,10621.0,48.277272727272724,1.7881966237606906,163,63100.0,0.05238162731889727,163,63100.0,-6.8799999999999955
7295.0,162,10603.0,48.195454545454545,1.8278511392872836,162,63725.0,0.049991771612096836,162,63725.0,-6.25
7300.0,157,10606.0,48.87557603686636,1.9384708963437445,157,64332.0,0.060593207455779646,157,64332.0,-6.07000000000005
7305.0,155,10712.0,49.592592592592595,1.884225361320219,155,64221.0,0.05906576407428003,155,64221.0,1.1100000000000136
7310.0,157,10911.0,50.74883720930232,1.8608775714861012,157,64115.0,0.053211412876392424,157,64115.0,1.0600000000000591
7315.0,160,11398.0,52.76851851851852,1.7838011190331022,160,64036.0,0.05055671093437863,160,64036.0,0.7899999999999636
7320.0,162,11893.0,55.06018518518518,1.7588857759752305,162,62284.0,0.051031539298066524,162,62284.0,17.519999999999982
7325.0,162,12329.0,56.815668202764975,1.5650430826535464,162,62997.0,0.04135359781826218,162,62997.0,-7.1299999999999955
7330.0,159,12721.0,58.89351851851852,1.6621108285230912,159,63657.0,0.047118391258027296,159,63657.0,-6.600000000000023
7335.0,156,13108.0,61.539906103286384,1.599436051100402,156,64309.0,0.050498946787768485,156,64309.0,-6.519999999999982
7340.0,160,13583.0,63.76995305164319,1.5473070239751867,159,64243.0,0.04569309322696846,159,64243.0,0.6600000000000819
7345.0,166,14239.0,66.53738317757009,1.2890961820683497,166,65065.0,0.034671710398106896,166,65065.0,-8.220000000000027
7350.0,170,14919.0,69.06944444444444,1.3327836285133314,170,64218.0,0.037321682129966394,170,64218.0,8.470000000000027
7355.0,169,15361.0,70.14155251141553,1.2549518175561605,169,64512.0,0.030907895992118142,169,64512.0,-2.9400000000000546
7360.0,168,15644.0,71.76146788990826,1.2241542276862518,168,64814.0,0.0321204880233274,168,64814.0,-3.019999999999982
7365.0,167,15923.0,72.37727272727273,1.2922946860686233,167,64557.0,0.03682078423003757,167,64557.0,2.5699999999999363
7370.0,165,16138.0,73.68949771689498,1.3031800760272396,165,65294.0,0.03786645115203925,165,65294.0,-7.3700000000000045
7375.0,164,16327.0,74.89449541284404,1.2654774605924786,164,65957.0,0.04007434530624517,164,65957.0,-6.6299999999999955
7380.0,165,16574.0,76.02752293577981,1.3826268492390983,165,66643.0,0.044335334391980556,165,66643.0,-6.8599999999999
7385.0,170,16888.0,76.41628959276018,1.278690589496479,170,66930.0,0.03333148455205915,170,66930.0,-2.8700000000000045
7390.0,171,17183.0,78.46118721461187,1.1901236538060436,171,66700.0,0.03199153659853508,171,66700.0,2.2999999999999545
7395.0,169,17478.0,79.8082191780822,1.295253452925139,169,66473.0,0.03946982199855821,169,66473.0,2.269999999999982
7400.0,166,17763.0,81.10958904109589,1.44198343257943,166,65785.0,0.04193411859849004,166,65785.0,6.8799999999999955
7405.0,162,18062.0,82.1,1.643634702237874,162,65102.0,0.04666070694204749,162,65102.0,6.830000000000041
7410.0,162,18427.0,84.91705069124424,1.6705498306799411,162,64438.0,0.052233937605664076,162,64438.0,6.639999999999986
7415.0,162,18853.0,86.48165137614679,1.5876734249959341,162,64286.0,0.04942918806734467,162,64286.0,1.5199999999999818
7420.0,162,19267.0,88.78801843317973,1.5317653804648348,162,65001.0,0.04825972274004172,162,65001.0,-7.149999999999977
7425.0,163,19827.0,90.53424657534246,1.6649485109587032,162,65628.0,0.05284910447092468,162,65628.0,-6.269999999999982
7430.0,163,20464.0,93.01818181818182,1.8898157546316028,163,66272.0,0.05998917047306179,163,66272.0,-6.440000000000055
7435.0,165,20327.0,92.81735159817352,1.815821181995664,165,66191.0,0.05438694437190983,165,66191.0,0.8100000000000591
7440.0,167,19605.0,90.34562211981567,1.7900191584437997,167,65284.0,0.04891190905212057,167,65284.0,9.069999999999936
7445.0,163,18880.0,87.81395348837209,1.8854150812486217,163,64409.0,0.05693003152924359,163,64409.0,8.75
7450.0,160,18117.0,84.26511627906977,1.920887361395693,160,65091.0,0.051590263886774235,160,65091.0,-6.819999999999936
7455.0,160,17367.0,80.77674418604651,1.8359122982559681,160,65782.0,0.048758388365731015,160,65782.0,-6.910000000000082
7460.0,164,16674.0,77.19444444444444,1.833704721890849,164,66434.0,0.049259379571656756,164,66434.0,-6.519999999999982
7465.0,169,16029.0,74.55348837209303,1.5366999174296518,169,67106.0,0.042888896176283255,169,67106.0,-6.719999999999914
7470.0,171,15404.0,71.98130841121495,1.5243341534554977,171,67872.0,0.04165559628582832,171,67872.0,-7.660000000000082
7475.0,172,14786.0,68.77209302325582,1.4445714108351195,172,68669.0,0.03731699657924314,172,68669.0,-7.970000000000027
7480.0,177,14180.0,66.26168224299066,1.253651208194363,176,69488.0,0.03296178580689237,176,69488.0,-8.18999999999994
7485.0,175,13575.0,64.03301886792453,1.134952760895694,175,70314.0,0.028519163786576807,175,70314.0,-8.259999999999991
7490.0,176,12612.0,59.77251184834123,1.0704007418031303,176,71137.0,0.027901292355155125,176,71137.0,-8.230000000000018
7495.0,177,11439.0,53.95754716981132,1.1007032183757939,177,71971.0,0.028794349278832346,177,71971.0,-8.340000000000032
7500.0,178,10548.0,49.28971962616822,1.2092352161132758,178,71936.0,0.029097003970497432,178,71936.0,0.35000000000002274
7505.0,181,10717.0,49.38709677419355,1.2249805880436215,181,72777.0,0.027326703373741778,181,72777.0,-8.409999999999968
7510.0,188,10918.0,49.853881278538815,1.1213683354677226,188,73661.0,0.026243589714796896,188,73661.0,-8.840000000000032
7515.0,192,11141.0,50.64090909090909,1.0542798711623,192,74569.0,0.019858569086820918,192,74569.0,-9.080000000000041
7520.0,191,11330.0,51.972477064220186,0.9368773107043984,191,74623.0,0.014588383879265483,191,74623.0,-0.5399999999999636
7525.0,188,11479.0,52.65596330275229,0.9932649945262292,188,73803.0,0.020474314930462423,188,73803.0,8.200000000000045
7530.0,184,11606.0,53.98139534883721,1.0324953500157588,184,72978.0,0.02784850211530334,184,72978.0,8.25
7535.0,179,11456.0,53.532710280373834,1.0058237790725972,179,72946.0,0.02737911064958374,179,72946.0,0.31999999999993634
7540.0,175,11114.0,51.93457943925234,1.1540394860565795,175,72012.0,0.02820938526732105,175,72012.0,9.340000000000032
7545.0,170,10749.0,50.70283018867924,1.2545102053190513,170,71067.0,0.03765237575968548,170,71067.0,9.450000000000045
7550.0,166,10361.0,49.57416267942584,1.2793145051175479,166,69373.0,0.040075799868631384,166,69373.0,16.93999999999994
7555.0,162,10095.0,48.07142857142857,1.577565613802637,162,67687.0,0.0519801024238346,162,67687.0,16.860000000000014
7560.0,158,10348.0,49.51196172248804,1.6455607673940027,158,65991.0,0.0513645676508674,158,65991.0,16.960000000000036
7565.0,155,10589.0,50.423809523809524,1.7606489137765258,154,65222.0,0.05873417231463708,154,65222.0,7.689999999999941
7570.0,155,10861.0,51.71904761904762,1.841486442219481,155,63947.0,0.06371642389694607,155,63947.0,12.75
7575.0,150,11116.0,52.93333333333333,1.8762533746933652,150,63425.0,0.06511719911266657,150,63425.0,5.220000000000027
7580.0,147,11351.0,54.57211538461539,1.9088763527111134,147,62901.0,0.06779958185841276,147,62901.0,5.240000000000009
7585.0,141,11077.0,53.51207729468599,1.997244129032373,141,62953.0,0.07478642284384875,141,62953.0,-0.5199999999999818
7590.0,144,10533.0,51.13106796116505,1.9355800294556131,143,62503.0,0.07206456418964947,143,62503.0,4.5
7595.0,144,9989.0,48.256038647343,2.0925713313419214,143,62097.0,0.07728798547141448,143,62097.0,4.059999999999945
7600.0,142,9539.0,46.759803921568626,2.0712252994069695,140,61270.0,0.08142174413072155,140,61270.0,8.269999999999982
7605.0,144,9183.0,44.577669902912625,1.9196662999773366,143,61949.0,0.07613947236591762,143,61949.0,-6.789999999999964
7610.0,150,8873.0,42.65865384615385,1.8037984209419249,149,62584.0,0.06796009217961702,149,62584.0,-6.350000000000023
7615.0,151,8748.0,41.65714285714286,1.7639302950051186,150,63149.0,0.06008032710683683,150,63149.0,-5.649999999999977
7620.0,152,8395.0,40.16746411483253,1.7786984293129824,152,63020.0,0.058549128694852334,152,63020.0,1.2899999999999636
7625.0,158,7916.0,37.695238095238096,1.7029545957671195,158,62930.0,0.04922255077941396,158,62930.0,0.900000000000091
7630.0,158,7446.0,35.28909952606635,1.8026822022337559,158,62847.0,0.046262945432301514,158,62847.0,0.8299999999999272
7635.0,155,6929.0,32.838862559241704,1.8192047947469454,155,63551.0,0.04804127780577352,155,63551.0,-7.039999999999964
7640.0,152,6418.0,30.561904761904763,1.8222397392007403,152,64192.0,0.049922009440355124,152,64192.0,-6.409999999999968
7645.0,152,6013.0,28.36320754716981,1.9639502559235131,152,64856.0,0.05438850565651036,152,64856.0,-6.639999999999986
7650.0,155,5611.0,26.2196261682243,1.908294873437694,155,64940.0,0.04445837342925424,155,64940.0,-0.8400000000000318
7655.0,159,5643.0,26.369158878504674,1.8292848008304012,159,64381.0,0.04466221066967364,159,64381.0,5.590000000000032
7660.0,162,5688.0,26.57943925233645,1.7073703667889353,162,63838.0,0.04268727580784216,162,63838.0,5.42999999999995
7665.0,160,5734.0,27.175355450236967,1.6026626041818408,160,62734.0,0.04391344496723835,160,62734.0,11.039999999999964
7670.0,161,5717.0,27.354066985645932,1.4536668239211232,161,63527.0,0.04427653336337439,161,63527.0,-7.92999999999995
7675.0,159,5664.0,26.71698113207547,1.4776796437129467,159,64265.0,0.04234046622437968,159,64265.0,-7.3799999999999955
7680.0,159,5698.0,26.626168224299064,1.5252571193939568,159,64966.0,0.043196305972432056,159,64966.0,-7.009999999999991
7685.0,164,5644.0,26.251162790697673,1.4466177655375596,164,65223.0,0.04112599564713046,164,65223.0,-2.57000000000005
7690.0,170,5757.0,26.77674418604651,1.3483979541699644,170,64977.0,0.03842147226355527,170,64977.0,2.4600000000000364
7695.0,172,5893.0,27.15668202764977,1.4218573738364326,172,64751.0,0.0418613897738243,172,64751.0,2.259999999999991
7700.0,171,6086.0,28.175925925925927,1.5008936606532535,171,64002.0,0.045805593778805276,171,64002.0,7.490000000000009
7705.0,166,6319.0,29.25462962962963,1.6365149271182649,166,63253.0,0.051557882821671445,166,63253.0,7.490000000000009
7710.0,161,6358.0,29.710280373831775,1.592927631378485,161,63226.0,0.052742065565817425,161,63226.0,0.2699999999999818
7715.0,157,6283.0,29.63679245283019,1.5958740658866002,157,62337.0,0.054695480055255735,157,62337.0,8.889999999999986
7720.0,158,6293.0,29.683962264150942,1.757989040563176,158,61452.0,0.061765669434923676,158,61452.0,8.850000000000023
7725.0,159,6138.0,28.816901408450704,1.61172003643162,159,61618.0,0.04739886824572398,159,61618.0,-1.6599999999999682
7730.0,156,5869.0,27.425233644859812,1.7690149243110838,156,61161.0,0.05155157842449782,156,61161.0,4.569999999999936
7735.0,153,5583.0,25.84722222222222,1.875173215724767,153,60686.0,0.056462865302149015,153,60686.0,4.75
7740.0,150,5120.0,23.703703703703702,1.9094823765775109,150,61348.0,0.05423412008806603,150,61348.0,-6.6200000000000045
7745.0,148,4565.0,21.13425925925926,1.8345518301909343,148,62005.0,0.05394592699391433,148,62005.0,-6.569999999999936
7750.0,146,4275.0,20.070422535211268,1.9086110568844663,146,62582.0,0.06276972883000358,146,62582.0,-5.7700000000000955
7755.0,152,4237.0,19.892018779342724,1.6939743027101233,152,62760.0,0.05370230185971738,152,62760.0,-1.7799999999999727
7760.0,158,4137.0,19.24186046511628,1.6236974521967187,158,62406.0,0.048842138924986435,158,62406.0,3.5400000000000773
7765.0,157,4051.0,18.668202764976957,1.6961955067523693,157,62070.0,0.049284270869861216,157,62070.0,3.3599999999999
7770.0,155,3908.0,18.176744186046513,1.6716866470046656,155,62766.0,0.04627643669499351,155,62766.0,-6.959999999999923
7775.0,153,3795.0,17.900943396226417,1.5648092153005009,153,63387.0,0.04823271115647581,153,63387.0,-6.210000000000036
7780.0,157,4023.0,18.887323943661972,1.6187825395685749,157,64036.0,0.05420202138469941,157,64036.0,-6.490000000000009
7785.0,162,4170.0,19.3953488372093,1.4961228221313057,161,63974.0,0.04254071356588967,161,63974.0,0.6200000000000045
7790.0,167,4300.0,20.187793427230048,1.2818226529923684,167,64779.0,0.03412493530390412,167,64779.0,-8.049999999999955
7795.0,172,4618.0,21.28110599078341,1.2740099840439667,172,63924.0,0.03397566822611267,172,63924.0,8.549999999999955
7800.0,173,4949.0,22.495454545454546,1.3422537231181624,173,62454.0,0.0349647062581582,173,62454.0,14.700000000000045
7805.0,171,5278.0,23.88235294117647,1.4337992027939106,171,61838.0,0.03809834101830884,171,61838.0,6.159999999999968
7810.0,169,5393.0,24.513636363636362,1.4300046846092125,169,62006.0,0.038523686080730035,169,62006.0,-1.67999999999995
7815.0,165,5403.0,24.78440366972477,1.420703678983747,165,61572.0,0.04319974474725421,165,61572.0,4.339999999999918
7820.0,162,5458.0,25.152073732718893,1.6172552793344201,162,61225.0,0.04995663711897187,162,61225.0,3.4700000000000273
7825.0,162,5608.0,25.84331797235023,1.6439154829213396,162,60313.0,0.0474128484829196,162,60313.0,9.120000000000005
7830.0,163,5762.0,26.431192660550458,1.7984269093926721,163,59417.0,0.05735736558615743,163,59417.0,8.960000000000036
7835.0,159,5705.0,26.050228310502284,1.6720926243158323,159,59594.0,0.04514267948521666,159,59594.0,-1.7700000000000955
7840.0,156,5505.0,25.368663594470046,1.6906554331479224,156,59145.0,0.05528599304892633,156,59145.0,4.490000000000009
7845.0,153,5292.0,24.387096774193548,1.8216283544770218,153,58772.0,0.06264195669279628,153,58772.0,3.730000000000018
7850.0,149,4964.0,23.088372093023256,1.8702119479314139,149,59409.0,0.06107308911229796,149,59409.0,-6.3700000000000045
7855.0,149,4699.0,21.855813953488372,1.8781123252256933,149,59953.0,0.059784065052216014,149,59953.0,-5.439999999999941
7860.0,148,4554.0,21.2803738317757,1.9272514433846946,148,60525.0,0.06506747394740199,148,60525.0,-5.720000000000027
7865.0,151,4437.0,20.63720930232558,1.7645357463960383,151,60477.0,0.057023759103029946,151,60477.0,0.4800000000000182
7870.0,154,4253.0,19.781395348837208,1.7107612191871615,154,60461.0,0.049105562982466516,154,60461.0,0.15999999999996817
7875.0,156,4166.0,19.110091743119266,1.741381722459506,156,60451.0,0.05152749598635295,156,60451.0,0.10000000000002274
7880.0,159,4305.0,19.568181818181817,1.7162002769510363,159,61148.0,0.04684337647798842,159,61148.0,-6.970000000000027
7885.0,163,4426.0,19.936936936936938,1.5760613824156446,163,61788.0,0.04086936563812237,163,61788.0,-6.399999999999977
7890.0,162,4572.0,20.876712328767123,1.6267241503636127,162,62461.0,0.046300330737078864,162,62461.0,-6.730000000000018
7895.0,164,4649.0,21.52314814814815,1.3507801579279228,164,62712.0,0.03712924180411758,164,62712.0,-2.509999999999991
7900.0,166,4731.0,21.80184331797235,1.402891595527946,166,62413.0,0.03665190580426972,166,62413.0,2.990000000000009
7905.0,170,5066.0,23.1324200913242,1.4689277011836739,170,62198.0,0.042183319791696046,170,62198.0,2.1499999999999773
7910.0,170,5409.0,24.81192660550459,1.4053094128548513,170,61584.0,0.04238517454095442,170,61584.0,6.139999999999986
7915.0,168,5690.0,26.22119815668203,1.2832456013702418,168,62353.0,0.03614250730996687,168,62353.0,-7.689999999999941
7920.0,169,5927.0,27.06392694063927,1.394279483460258,169,63069.0,0.04017826989379187,169,63069.0,-7.160000000000082
7925.0,168,6238.0,28.484018264840184,1.4895364089692635,168,63812.0,0.04497540688343881,168,63812.0,-7.42999999999995
7930.0,169,6627.0,30.26027397260274,1.4891406326871515,169,64155.0,0.0388269610571881,169,64155.0,-3.42999999999995
7935.0,172,7180.0,32.78538812785388,1.4300067670045506,172,64027.0,0.03577275479909454,172,64027.0,1.2799999999999727
7940.0,173,7744.0,35.36073059360731,1.5373453855035766,173,63909.0,0.04146685899380367,173,63909.0,1.17999999999995
7945.0,171,8303.0,37.74090909090909,1.659367617551884,171,63308.0,0.04536321153971366,171,63308.0,6.009999999999991
7950.0,167,8786.0,40.675925925925924,1.589858956910489,167,64081.0,0.04433019163478313,167,64081.0,-7.7299999999999045
7955.0,162,9210.0,42.44239631336406,1.67518605488799,162,64798.0,0.04777730640179873,162,64798.0,-7.170000000000073
7960.0,162,9787.0,45.31018518518518,1.8477349318624474,162,65527.0,0.0552279537664545,162,65527.0,-7.289999999999964
7965.0,167,10492.0,48.8,1.6305359560659523,167,65851.0,0.043401844058634384,167,65851.0,-3.240000000000009
7970.0,171,11188.0,51.7962962962963,1.5523148939588485,171,65733.0,0.03832967895069077,171,65733.0,1.17999999999995
7975.0,168,11879.0,55.50934579439252,1.557710441548319,168,65659.0,0.045048167874961687,168,65659.0,0.7400000000000091
7980.0,164,12555.0,59.221698113207545,1.5545168673502974,164,65165.0,0.04657733794529654,164,65165.0,4.940000000000055
7985.0,162,12770.0,59.95305164319249,1.6308966278533101,161,65253.0,0.04908407378447995,161,65253.0,-0.8799999999999955
7990.0,161,12698.0,59.33644859813084,1.6200987332710142,161,66059.0,0.04570105001413974,161,66059.0,-8.06000000000006
7995.0,159,12659.0,58.87906976744186,1.711200542030059,159,65395.0,0.05061174324074412,159,65395.0,6.639999999999986
8000.0,160,12628.0,59.00934579439252,1.7354327561650877,160,64028.0,0.05426781884767793,160,64028.0,13.670000000000073
8005.0,163,12481.0,58.322429906542055,1.4939664995273054,163,64717.0,0.04509156320571378,163,64717.0,-6.889999999999986
8010.0,162,12277.0,57.910377358490564,1.4114122440851107,160,65460.0,0.04580107512253722,160,65460.0,-7.430000000000064
8015.0,162,12214.0,57.34272300469483,1.3593777056073402,162,66143.0,0.041771213447846296,162,66143.0,-6.829999999999927
8020.0,158,12062.0,56.629107981220656,1.4172782071285932,158,66426.0,0.042310753366236915,158,66426.0,-2.830000000000041
8025.0,158,11860.0,55.68075117370892,1.517128674073597,158,66249.0,0.051416551707831576,158,66249.0,1.7699999999999818
8030.0,161,11722.0,55.29245283018868,1.5521875836608547,161,66088.0,0.0546036806799553,161,66088.0,1.6100000000000136
8035.0,162,11508.0,54.028169014084504,1.4274769245922543,161,66103.0,0.042246531315131404,161,66103.0,-0.14999999999997726
8040.0,165,11246.0,53.04716981132076,1.276900864822224,165,66871.0,0.037548099263269706,165,66871.0,-7.680000000000064
8045.0,161,11021.0,51.74178403755869,1.365608470259004,161,66154.0,0.04289405298871078,161,66154.0,7.170000000000073
8050.0,160,10444.0,48.80373831775701,1.3880716267357023,160,66037.0,0.04110905777144199,160,66037.0,1.169999999999959
8055.0,161,10049.0,46.523148148148145,1.4465166243203216,161,65054.0,0.043994894981103476,161,65054.0,9.830000000000041
8060.0,164,9668.0,44.34862385321101,1.4837873989407093,164,64102.0,0.048382726105387755,164,64102.0,9.519999999999982
8065.0,164,9172.0,42.26728110599078,1.2653321648624951,164,64788.0,0.03752707893597613,164,64788.0,-6.860000000000014
8070.0,161,8584.0,39.37614678899082,1.4408494826694946,161,65401.0,0.04562258484032083,161,65401.0,-6.1299999999999955
8075.0,160,8025.0,36.47727272727273,1.521910159805194,160,66014.0,0.04861335110390117,160,66014.0,-6.1299999999999955
8080.0,159,7505.0,34.42660550458716,1.5164890685481234,159,66286.0,0.0474114528775421,159,66286.0,-2.7200000000000273
8085.0,160,6972.0,32.12903225806452,1.4823114654134766,160,66078.0,0.04248165044367566,160,66078.0,2.080000000000041
8090.0,163,6544.0,30.296296296296298,1.499239777463971,163,65891.0,0.04611773042687578,163,65891.0,1.8700000000000045
8095.0,163,6124.0,28.091743119266056,1.522116990274415,163,65236.0,0.0453395598498104,163,65236.0,6.5499999999999545
8100.0,161,5751.0,26.380733944954127,1.697426833525563,161,64853.0,0.053836894267703314,161,64853.0,3.830000000000041
8105.0,162,5392.0,24.621004566210047,1.5265332716811901,162,65534.0,0.04810190741208495,162,65534.0,-6.810000000000059
8110.0,162,4996.0,22.812785388127853,1.6488794816261765,162,66160.0,0.04925048275034603,162,66160.0,-6.259999999999991
8115.0,159,4787.0,21.759090909090908,1.8205128789097578,159,66804.0,0.05747392414895726,159,66804.0,-6.439999999999941
8120.0,168,5213.0,23.80365296803653,1.6490096593921328,167,66751.0,0.045629317934668144,167,66751.0,0.5299999999999727
8125.0,172,5559.0,25.383561643835616,1.4484904751517371,172,67602.0,0.03427426819119922,172,67602.0,-8.509999999999991
8130.0,171,5910.0,27.110091743119266,1.492937989870768,171,66711.0,0.04139443669876022,171,66711.0,8.909999999999968
8135.0,169,6248.0,28.529680365296805,1.5028936972384674,169,64961.0,0.04273753306393939,169,64961.0,17.5
8140.0,165,6302.0,28.908256880733944,1.5939775876540145,165,64959.0,0.04519978391395484,165,64959.0,0.01999999999998181
8145.0,161,6216.0,28.64516129032258,1.61980642719449,161,64119.0,0.04830851166759805,161,64119.0,8.399999999999977
8150.0,162,6286.0,29.10185185185185,1.7288304259437364,162,63271.0,0.053664938317319964,162,63271.0,8.480000000000018
8155.0,163,6356.0,29.155963302752294,1.7150763257629842,163,62143.0,0.048788647028136164,163,62143.0,11.280000000000086
8160.0,164,6313.0,28.958715596330276,1.744083049888283,164,62930.0,0.048285815853245886,164,62930.0,-7.8700000000000045
8165.0,162,6174.0,28.451612903225808,1.6031073984003021,162,63607.0,0.03921688383872474,162,63607.0,-6.7700000000000955
8170.0,158,6072.0,28.11111111111111,1.6805172960813464,158,64198.0,0.04786885811408027,158,64198.0,-5.909999999999968
8175.0,157,6058.0,28.176744186046513,1.5737813806685481,157,64418.0,0.04929754803786959,157,64418.0,-2.199999999999932
8180.0,159,6031.0,27.921296296296298,1.616291405836893,159,64089.0,0.05194291447370261,159,64089.0,3.2899999999999636
8185.0,160,6085.0,28.04147465437788,1.6632513502231165,160,63899.0,0.05283666437201538,160,63899.0,1.8999999999999773
8190.0,161,6352.0,29.544186046511626,1.7301744993704473,161,63243.0,0.05479736929526262,161,63243.0,6.560000000000059
8195.0,163,6633.0,30.851162790697675,1.689158894160789,163,63077.0,0.05605690529624505,163,63077.0,1.6599999999999682
8200.0,160,6732.0,31.754716981132077,1.609842681630008,160,62510.0,0.05368921438359009,160,62510.0,5.669999999999959
8205.0,159,6797.0,31.910798122065728,1.5502580252691203,159,61520.0,0.05446434481679218,159,61520.0,9.899999999999977
8210.0,158,7212.0,33.544186046511626,1.7510238629857886,158,60554.0,0.060631983938154894,158,60554.0,9.660000000000082
8215.0,162,7515.0,34.31506849315068,1.6434966777508004,162,61204.0,0.04987367443897895,162,61204.0,-6.5
8220.0,160,7743.0,35.518348623853214,1.678466740949773,160,61778.0,0.050202224932486675,160,61778.0,-5.740000000000009
8225.0,158,7964.0,36.2,1.798441642728101,158,62349.0,0.05536272979292142,158,62349.0,-5.710000000000036
8230.0,156,8214.0,37.336363636363636,1.8016563245811643,156,62611.0,0.056603843725674535,156,62611.0,-2.6200000000000045
8235.0,159,8504.0,38.306306306306304,1.7835354176237423,159,62393.0,0.05230177971561538,159,62393.0,2.1800000000000637
8240.0,161,8848.0,39.85585585585586,1.8875519271405272,161,62193.0,0.05628781079179936,161,62193.0,2.0
8245.0,162,9209.0,41.66968325791855,1.865980088023109,162,61541.0,0.05543234850559953,162,61541.0,6.519999999999982
8250.0,163,9574.0,43.518181818181816,1.9167792946969149,163,60928.0,0.05907150953012561,163,60928.0,6.1299999999999955
8255.0,161,9816.0,45.44444444444444,1.6298575207384653,161,60867.0,0.04894018390173067,161,60867.0,0.6100000000000136
8260.0,158,9980.0,46.63551401869159,1.5961905483599612,158,59920.0,0.051527918945686264,158,59920.0,9.469999999999914
8265.0,157,10234.0,47.16129032258065,1.802080821040672,157,58951.0,0.0566222691829681,157,58951.0,9.690000000000055
8270.0,157,10670.0,48.944954128440365,1.9593826848682216,157,57137.0,0.05973304722436248,157,57137.0,18.139999999999986
8275.0,159,11057.0,50.25909090909091,1.8304836016457013,159,57450.0,0.05097063974493575,159,57450.0,-3.1299999999999955
8280.0,157,11404.0,52.31192660550459,1.8012642889515549,157,57263.0,0.05801340177966359,157,57263.0,1.8700000000000045
8285.0,158,11754.0,53.18552036199095,1.8897258655509008,158,57118.0,0.05933651682652252,158,57118.0,1.4500000000000455
8290.0,156,11984.0,54.721461187214615,1.8491038641491317,155,57757.0,0.05575926323065291,155,57757.0,-6.3900000000001
8295.0,154,12126.0,55.62385321100918,1.855975087305971,154,58518.0,0.0558075640519861,154,58518.0,-7.6099999999999
8300.0,154,12291.0,56.12328767123287,1.930845799661364,154,58985.0,0.05900823238614737,154,58985.0,-4.670000000000073
8305.0,157,12525.0,56.67420814479638,1.7759313533872423,157,59270.0,0.0504533134203638,157,59270.0,-2.8500000000000227
8310.0,158,12912.0,59.22935779816514,1.674322129592832,158,59098.0,0.050494980289082364,158,59098.0,1.7200000000000273
8315.0,158,13327.0,60.57727272727273,1.7950141752981161,158,58930.0,0.05590484136790809,158,58930.0,1.6800000000000637
8320.0,159,13812.0,63.94444444444444,1.7745190448586572,159,58355.0,0.05697583042465286,159,58355.0,5.75
8325.0,161,13785.0,64.11627906976744,1.5771661458761845,161,58580.0,0.05383453430056161,161,58580.0,-2.25
8330.0,162,13336.0,62.027906976744184,1.4903410410232072,162,58272.0,0.04774718159007257,162,58272.0,3.0799999999999272
8335.0,162,12945.0,60.2093023255814,1.52812896379412,162,57964.0,0.05278760612343079,162,57964.0,3.080000000000041
8340.0,165,12478.0,57.50230414746544,1.425302628600024,165,58606.0,0.049355693395421445,165,58606.0,-6.419999999999959
8345.0,164,11946.0,54.3,1.4816264245399162,164,59125.0,0.04609121709530578,164,59125.0,-5.190000000000055
8350.0,163,11413.0,51.409909909909906,1.6131764272765665,163,59651.0,0.05072182394795649,163,59651.0,-5.259999999999991
8355.0,163,10876.0,48.55357142857143,1.6949578755570722,163,60079.0,0.052210427075868926,163,60079.0,-4.279999999999973
8360.0,163,10377.0,46.12,1.628235717344083,163,60287.0,0.05021488195975934,163,60287.0,-2.080000000000041
8365.0,164,9945.0,43.81057268722467,1.7123564816843662,164,60074.0,0.05450332727805942,164,60074.0,2.1299999999999955
8370.0,167,9567.0,42.33185840707964,1.7503518804371148,167,59901.0,0.052322693058726895,167,59901.0,1.7300000000000182
8375.0,171,9068.0,40.30222222222222,1.5594363239296205,170,60274.0,0.03951705236686687,170,60274.0,-3.730000000000018
8380.0,173,8481.0,38.03139013452915,1.3603394817140257,173,61117.0,0.03422891569586724,173,61117.0,-8.42999999999995
8385.0,170,7936.0,35.42857142857143,1.4282995084401497,170,60986.0,0.03721836087840213,170,60986.0,1.3099999999999454
8390.0,168,7577.0,33.825892857142854,1.4077794747103016,168,61268.0,0.03726981720787841,168,61268.0,-2.8199999999999363
8395.0,171,7991.0,35.51555555555556,1.3776883087916434,171,61060.0,0.03715132573066803,171,61060.0,2.0799999999999272
8400.0,174,8416.0,37.07488986784141,1.409301996507306,174,60877.0,0.0403951248942065,174,60877.0,1.830000000000041
8405.0,172,8451.0,37.56,1.2893197742930038,172,60813.0,0.034380149291109906,172,60813.0,0.6399999999999864
8410.0,168,8215.0,36.674107142857146,1.3479926412471313,168,59831.0,0.03893831909780132,168,59831.0,9.82000000000005
8415.0,166,7961.0,35.382222222222225,1.4820435214246037,166,58837.0,0.04508146766138404,166,58837.0,9.93999999999994
8420.0,161,7513.0,33.54017857142857,1.5168628676429257,161,59434.0,0.04666673619708623,161,59434.0,-5.970000000000027
8425.0,158,6973.0,31.269058295964125,1.5772607085633412,158,59868.0,0.04664014902176065,158,59868.0,-4.339999999999918
8430.0,158,6478.0,29.312217194570135,1.5896086036083588,158,60311.0,0.050222250999249395,158,60311.0,-4.430000000000064
8435.0,159,5996.0,26.887892376681613,1.5413210818163048,159,60156.0,0.0480549954600256,159,60156.0,1.5500000000000682
8440.0,158,5741.0,25.744394618834082,1.5177628077614262,158,59995.0,0.0417898856257623,158,59995.0,1.6099999999999
8445.0,164,5734.0,25.598214285714285,1.4877522005025905,164,59861.0,0.04349207121749421,164,59861.0,1.3400000000000318
8450.0,170,5724.0,25.668161434977577,1.3254905824756533,170,60516.0,0.03677127172482904,170,60516.0,-6.5499999999999545
8455.0,168,5723.0,25.663677130044842,1.2944379401370945,168,61053.0,0.03794516860557694,168,61053.0,-5.3700000000000045
8460.0,170,5768.0,25.98198198198198,1.322572887507326,170,61624.0,0.041198722256865536,170,61624.0,-5.710000000000036
8465.0,171,5673.0,25.325892857142858,1.2661685604128614,171,61868.0,0.03551871739211069,171,61868.0,-2.439999999999941
8470.0,171,5681.0,25.361607142857142,1.327801945168143,171,61576.0,0.03750179490325145,171,61576.0,2.919999999999959
8475.0,178,6176.0,27.327433628318584,1.3248530813691402,178,61341.0,0.036202621653051666,178,61341.0,2.3500000000000227
8480.0,182,6609.0,29.373333333333335,1.1746815852871997,182,61324.0,0.030931945644366046,182,61324.0,0.16999999999995907
8485.0,178,6969.0,30.836283185840706,1.2324221152126846,178,60422.0,0.03139075088313614,178,60422.0,9.019999999999982
8490.0,176,7319.0,32.242290748898675,1.3946379581844683,176,59532.0,0.04040971480352952,176,59532.0,8.899999999999977
8495.0,173,7568.0,33.635555555555555,1.292364735469067,173,60242.0,0.03504868234415535,173,60242.0,-7.099999999999909
8500.0,169,7772.0,34.69642857142857,1.3941137333965716,169,60841.0,0.03819262015841111,169,60841.0,-5.990000000000009
8505.0,169,8009.0,35.754464285714285,1.4758437859074423,169,61444.0,0.04523237984335743,169,61444.0,-6.030000000000086
8510.0,169,7907.0,35.299107142857146,1.4142514531608632,169,61676.0,0.039029713051830325,169,61676.0,-2.3199999999999363
8515.0,171,7688.0,34.16888888888889,1.4487994785685725,171,61457.0,0.03832744752696129,171,61457.0,2.189999999999941
8520.0,171,7483.0,33.40625,1.5253366719818193,171,61251.0,0.04192849728266108,171,61251.0,2.060000000000059
8525.0,169,7276.0,32.92307692307692,1.517982158523786,169,60541.0,0.04302143674835322,169,60541.0,7.100000000000023
8530.0,165,7130.0,32.40909090909091,1.6850842627483684,165,59827.0,0.054704757208835136,165,59827.0,7.139999999999986
8535.0,167,7122.0,32.2262443438914,1.5244631961062067,167,60630.0,0.044091361962532785,167,60630.0,-8.029999999999973
8540.0,172,7086.0,32.06334841628959,1.4223920654842213,172,61456.0,0.04159303193750396,172,61456.0,-8.259999999999991
8545.0,172,7066.0,31.82882882882883,1.416998807857456,172,62151.0,0.0406690675145553,172,62151.0,-6.9500000000000455
8550.0,175,7143.0,31.888392857142858,1.44021881064119,175,62474.0,0.040559053017075776,175,62474.0,-3.230000000000018
8555.0,175,7302.0,32.598214285714285,1.4174212758098361,175,62561.0,0.045489517887361934,175,62561.0,-0.8700000000000045
8560.0,173,7450.0,33.111111111111114,1.5464055453712804,173,62640.0,0.047630330824277575,173,62640.0,-0.7899999999999636
8565.0,175,7642.0,34.26905829596413,1.493843818485693,175,62385.0,0.04833924523924521,175,62385.0,2.5499999999999545
8570.0,171,7562.0,34.372727272727275,1.4561744115516635,171,62609.0,0.049045850099321844,171,62609.0,-2.240000000000009
8575.0,168,7409.0,33.8310502283105,1.4693138849205845,168,62252.0,0.05156696453726365,168,62252.0,3.57000000000005
8580.0,168,7729.0,35.29223744292238,1.5356926572988663,168,61959.0,0.0522001891502144,168,61959.0,2.92999999999995
8585.0,170,8008.0,36.072072072072075,1.478506290641589,170,62431.0,0.04492120838007359,170,62431.0,-4.719999999999914
8590.0,169,8258.0,37.1981981981982,1.4293134286781068,169,62914.0,0.03971853263901371,169,62914.0,-4.830000000000041
8595.0,167,8497.0,38.27477477477478,1.4744271147710044,167,63448.0,0.04523206008127375,167,63448.0,-5.340000000000032
8600.0,164,8573.0,38.61711711711712,1.4341092675668847,164,64062.0,0.040872157804746755,164,64062.0,-6.139999999999986
8605.0,163,8543.0,38.138392857142854,1.4547402588551266,163,64669.0,0.042829269379476544,163,64669.0,-6.07000000000005
8610.0,159,8546.0,38.32286995515695,1.4549038516962782,159,65109.0,0.04505314898204356,159,65109.0,-4.399999999999977
8615.0,160,8566.0,38.412556053811656,1.5247271667721545,160,65579.0,0.0526253962136894,160,65579.0,-4.699999999999932
8620.0,160,8286.0,36.99107142857143,1.4521132899960674,160,65446.0,0.04401306335094108,160,65446.0,1.3299999999999272
8625.0,164,7930.0,35.08849557522124,1.4529532738357036,164,65319.0,0.04433278453335758,164,65319.0,1.2699999999999818
8630.0,164,7596.0,34.062780269058294,1.3436433573581739,164,64346.0,0.04601344701403766,164,64346.0,9.730000000000018
8635.0,168,7341.0,33.067567567567565,1.1942179069812486,168,65010.0,0.03936930550450796,168,65010.0,-6.639999999999986
8640.0,172,7417.0,33.26008968609865,1.173479142528737,172,65568.0,0.03475739649387706,172,65568.0,-5.579999999999927
8645.0,175,7548.0,33.39823008849557,1.186502157963814,175,66146.0,0.037752775339847715,175,66146.0,-5.780000000000086
8650.0,175,7713.0,33.828947368421055,1.3470567226385657,175,66660.0,0.04110246151532558,175,66660.0,-5.139999999999986
8655.0,178,7924.0,34.303030303030305,1.4738264390384124,178,67235.0,0.043279638021489604,178,67235.0,-5.75
8660.0,185,8210.0,35.54112554112554,1.4365098816217594,185,67921.0,0.040849125377229775,185,67921.0,-6.860000000000014
8665.0,190,8518.0,36.874458874458874,1.3100773263645618,189,68695.0,0.03544017700220495,189,68695.0,-7.740000000000009
8670.0,189,8716.0,38.06113537117904,1.1503460131065772,188,69598.0,0.02685858404450899,188,69598.0,-9.029999999999973
8675.0,194,8869.0,38.7292576419214,1.031729720433669,192,70514.0,0.019488369459082663,192,70514.0,-9.159999999999968
8680.0,194,9025.0,39.41048034934498,1.1274084682175856,194,71456.0,0.02047754409954049,194,71456.0,-9.419999999999959
8685.0,192,9282.0,40.356521739130436,1.2191419561741736,192,72364.0,0.020772729750465273,192,72364.0,-9.080000000000041
8690.0,192,10003.0,43.87280701754386,1.208897963598828,192,73255.0,0.022715131350050276,192,73255.0,-8.909999999999968
8695.0,197,10797.0,47.986666666666665,1.0266601870770558,197,74156.0,0.02174032692170867,197,74156.0,-9.009999999999991
8700.0,198,11605.0,51.349557522123895,1.0845867790237906,198,75071.0,0.02288870520584147,198,75071.0,-9.150000000000091
8705.0,199,12104.0,53.79555555555555,0.9484985843386752,198,75637.0,0.016556690224411343,198,75637.0,-5.659999999999968
8710.0,194,12369.0,55.46636771300449,0.9713550353238517,194,75809.0,0.02074249364421078,194,75809.0,-1.7200000000000273
8715.0,189,12614.0,56.81981981981982,1.159660334718969,189,75965.0,0.03404725023508586,189,75965.0,-1.5599999999999454
8720.0,185,12836.0,58.081447963800905,1.279061259569725,185,75722.0,0.03133416888534755,185,75722.0,2.42999999999995
8725.0,182,12999.0,58.554054054054056,1.4038501604075286,182,76585.0,0.03409085056042183,182,76585.0,-8.629999999999995
8730.0,182,13193.0,59.69683257918552,1.3480214221984197,182,77425.0,0.027929579947302316,182,77425.0,-8.399999999999977
8735.0,181,13424.0,61.018181818181816,1.3895297176632715,181,78260.0,0.031234753060471524,181,78260.0,-8.350000000000023
8740.0,181,13336.0,61.45622119815668,1.329432230769821,181,78410.0,0.030057406020596335,181,78410.0,-1.5
8745.0,176,12921.0,59.81944444444444,1.3421689627430382,176,77881.0,0.03410761155739513,176,77881.0,5.290000000000077
8750.0,172,12484.0,58.33644859813084,1.4384713769557347,172,77371.0,0.04129600135697716,172,77371.0,5.099999999999909
8755.0,167,12024.0,55.925581395348836,1.6497188582518134,167,76194.0,0.04901112238111217,167,76194.0,11.769999999999982
8760.0,162,11539.0,53.92056074766355,1.794680549760094,162,75004.0,0.055507067543129625,162,75004.0,11.900000000000091
8765.0,158,11034.0,52.29383886255924,1.8278447748084194,158,73817.0,0.06193696834676504,158,73817.0,11.870000000000005
8770.0,155,10616.0,51.03846153846154,1.7952175137490174,155,73285.0,0.06191191436079333,155,73285.0,5.319999999999936
8775.0,157,10618.0,50.803827751196174,1.831650549864719,157,72144.0,0.0641333476930509,157,72144.0,11.409999999999968
8780.0,157,10620.0,50.57142857142857,1.802422862119863,157,71636.0,0.05807569927622891,157,71636.0,5.080000000000041
8785.0,153,10433.0,49.91866028708134,1.7194736121171714,153,72357.0,0.05879831283461726,153,72357.0,-7.210000000000036
8790.0,157,10132.0,48.47846889952153,1.6651085807373573,157,73081.0,0.05616684149753365,157,73081.0,-7.239999999999895
8795.0,160,9844.0,46.87619047619047,1.5668362684228327,158,73805.0,0.05309928369232757,158,73805.0,-7.240000000000009
8800.0,160,9563.0,45.75598086124402,1.5432418495221916,160,74530.0,0.051452564063983824,160,74530.0,-7.25
8805.0,161,9417.0,44.84285714285714,1.6150246900174337,160,74619.0,0.05166623478314153,160,74619.0,-0.8900000000001
8810.0,161,9831.0,47.038277511961724,1.6628106708446144,161,74056.0,0.053805657143991346,161,74056.0,5.630000000000109
8815.0,162,10246.0,48.79047619047619,1.603934012402212,162,73495.0,0.05107985200204892,162,73495.0,5.6099999999999
8820.0,162,10564.0,50.06635071090047,1.5095080415059363,162,73768.0,0.04007371861115118,162,73768.0,-2.7299999999999045
8825.0,163,10815.0,50.774647887323944,1.489062673318642,163,74047.0,0.03888325228981343,163,74047.0,-2.7900000000000773
8830.0,164,11069.0,52.2122641509434,1.4589183725200778,164,74335.0,0.03969498792013606,164,74335.0,-2.8799999999999955
8835.0,165,11037.0,52.06132075471698,1.3695565093279771,165,74973.0,0.03568258413615607,165,74973.0,-6.3799999999999955
8840.0,161,10935.0,51.824644549763036,1.3720313045696715,161,75627.0,0.03924673207823354,161,75627.0,-6.539999999999964
8845.0,158,11047.0,52.355450236966824,1.4071344247261692,158,76194.0,0.04548189536974233,158,76194.0,-5.670000000000073
8850.0,159,11376.0,53.660377358490564,1.5733209950649207,159,76760.0,0.05104953422872384,159,76760.0,-5.659999999999968
8855.0,162,11945.0,56.07981220657277,1.531415737038817,162,77411.0,0.04831449104071848,162,77411.0,-6.509999999999991
8860.0,163,12494.0,59.21327014218009,1.2615830720351895,163,77707.0,0.0377434701026314,163,77707.0,-2.9600000000000364
8865.0,166,13016.0,61.98095238095238,1.209799495306839,166,77528.0,0.04122840890930119,166,77528.0,1.7900000000000773
8870.0,167,13542.0,64.18009478672985,1.3232997906951844,167,77329.0,0.03918138513512721,167,77329.0,1.990000000000009
8875.0,165,14020.0,65.82159624413146,1.3912578025195967,165,78024.0,0.03703183397658263,165,78024.0,-6.9500000000000455
8880.0,162,14489.0,68.02347417840376,1.421101989551205,162,78709.0,0.03510684973010415,162,78709.0,-6.850000000000023
8885.0,165,15034.0,70.25233644859813,1.4894312290838565,165,79379.0,0.03780198010633989,165,79379.0,-6.699999999999932
8890.0,172,15306.0,70.86111111111111,1.3279368874859414,172,79208.0,0.03259649513833393,172,79208.0,1.7099999999999227
8895.0,175,14941.0,68.53669724770643,1.3541885472245412,175,79057.0,0.0315460592274581,175,79057.0,1.509999999999991
8900.0,174,14582.0,67.50925925925925,1.2827310993557053,174,78024.0,0.03432619758685653,174,78024.0,10.330000000000041
8905.0,171,14168.0,64.9908256880734,1.3279178905741236,171,78758.0,0.03299790442434598,171,78758.0,-7.340000000000032
8910.0,171,13766.0,62.858447488584474,1.391217354922496,171,79484.0,0.0365134297015792,171,79484.0,-7.259999999999991
8915.0,173,13396.0,61.1689497716895,1.4662548986471955,173,80249.0,0.03954665822846105,173,80249.0,-7.649999999999977
8920.0,172,12729.0,59.481308411214954,1.265700657815174,172,80331.0,0.031181403023167874,172,80331.0,-0.8199999999999363
8925.0,168,11871.0,55.732394366197184,1.3390587496402289,168,79699.0,0.0367446073289534,168,79699.0,6.319999999999936
8930.0,169,11113.0,52.17370892018779,1.3851771953341974,169,79064.0,0.03891847733135172,169,79064.0,6.350000000000023
8935.0,169,10177.0,47.779342723004696,1.3050121972557456,169,79314.0,0.038701886019452056,169,79314.0,-2.5
8940.0,166,9108.0,42.5607476635514,1.3013384653757794,166,79535.0,0.03198128524310475,166,79535.0,-2.2100000000000364
8945.0,164,8028.0,37.51401869158879,1.3452457199433228,164,79730.0,0.03775297215298003,164,79730.0,-1.9499999999999318
8950.0,161,6936.0,32.41121495327103,1.4950201451350071,161,78878.0,0.04353345738830457,161,78878.0,8.519999999999982
8955.0,156,5821.0,27.328638497652584,1.573972925134946,156,78538.0,0.05227532029100918,156,78538.0,3.3999999999999773
8960.0,157,5799.0,27.098130841121495,1.730717309286703,157,77695.0,0.05370838227957796,157,77695.0,8.42999999999995
8965.0,157,5779.0,27.25943396226415,1.625877190022413,157,76871.0,0.050896241564377116,157,76871.0,8.240000000000009
8970.0,155,5640.0,26.729857819905213,1.5035736888284366,154,76820.0,0.050855195141352845,154,76820.0,0.5099999999999909
8975.0,151,5446.0,25.68867924528302,1.6446256011406728,151,76062.0,0.055742636823456426,151,76062.0,7.580000000000041
8980.0,147,5289.0,24.94811320754717,1.9108530856213277,146,75282.0,0.0656595777704006,146,75282.0,7.7999999999999545
8985.0,142,5054.0,23.95260663507109,1.8637762596545735,142,75824.0,0.06028956365016448,142,75824.0,-5.419999999999959
8990.0,143,5141.0,24.598086124401913,1.9202080908902777,143,76307.0,0.06084710306153683,143,76307.0,-4.830000000000041
8995.0,147,5382.0,25.38679245283019,2.0284546943715775,147,76835.0,0.0629222931628208,147,76835.0,-5.279999999999973
9000.0,149,5721.0,27.242857142857144,1.9810059743979802,149,77397.0,0.06100873689753308,149,77397.0,-5.6200000000000045
9005.0,154,6202.0,29.393364928909953,1.83836841586953,154,77520.0,0.05423850063861901,154,77520.0,-1.2300000000000182
9010.0,156,6633.0,31.287735849056602,1.8475253514709804,156,77133.0,0.053934460450243665,156,77133.0,3.8700000000000045
9015.0,157,7068.0,33.02803738317757,1.9356847622402618,157,76750.0,0.05513405315277364,157,76750.0,3.830000000000041
9020.0,156,7503.0,35.225352112676056,1.9055500241487324,156,75866.0,0.04944961129256026,156,75866.0,8.840000000000032
9025.0,155,7577.0,35.57276995305164,1.9365000511935413,155,75635.0,0.05147566137819545,155,75635.0,2.3099999999999454
9030.0,152,7394.0,35.04265402843602,1.9283454754402745,152,74483.0,0.05444215189985657,152,74483.0,11.519999999999982
9035.0,151,7255.0,34.221698113207545,1.961161446243794,151,73346.0,0.05593467059211046,151,73346.0,11.370000000000005
9040.0,153,7073.0,33.680952380952384,1.8009653582418759,153,73266.0,0.05110615546101527,153,73266.0,0.8000000000000682
9045.0,154,6791.0,32.338095238095235,1.6173164724296774,154,73218.0,0.0425815935667536,154,73218.0,0.4800000000000182
9050.0,153,6505.0,30.683962264150942,1.7535699284502495,153,73150.0,0.04949168666577618,153,73150.0,0.67999999999995
9055.0,154,6069.0,28.35981308411215,1.6276892404939216,154,73773.0,0.04392597278030878,154,73773.0,-6.230000000000018
9060.0,153,5697.0,26.87264150943396,1.617193706417322,153,74358.0,0.04738594908300576,153,74358.0,-5.850000000000023
9065.0,153,5475.0,25.9478672985782,1.7345106713584455,153,74974.0,0.05487117285266038,153,74974.0,-6.159999999999968
9070.0,154,5259.0,25.16267942583732,1.6041840289619727,154,74890.0,0.05002754640184096,154,74890.0,0.8400000000000318
9075.0,155,5068.0,24.365384615384617,1.5319510342230678,155,74056.0,0.04504177830950126,155,74056.0,8.340000000000032
9080.0,156,4882.0,23.584541062801932,1.4807676839638038,156,73623.0,0.048404635056322864,156,73623.0,4.329999999999927
9085.0,153,4688.0,22.75728155339806,1.5569136613953245,153,72641.0,0.0495177414832323,153,72641.0,9.82000000000005
9090.0,152,4555.0,22.111650485436893,1.504295970588201,152,73272.0,0.043378367383125734,152,73272.0,-6.310000000000059
9095.0,154,4913.0,23.620192307692307,1.535830018812104,154,73894.0,0.047736906662842,154,73894.0,-6.220000000000027
9100.0,159,5338.0,25.298578199052134,1.6181032169618106,159,74559.0,0.046500304613011724,159,74559.0,-6.649999999999977
9105.0,162,5635.0,26.580188679245282,1.4424792394506796,162,74712.0,0.03784129255393248,162,74712.0,-1.5299999999999727
9110.0,167,5975.0,27.92056074766355,1.4520399139951259,167,74319.0,0.037994003914942696,167,74319.0,3.92999999999995
9115.0,168,6335.0,29.46511627906977,1.575563998174159,168,73977.0,0.0447376557940057,168,73977.0,3.4200000000000728
9120.0,166,6690.0,31.261682242990656,1.6273771192067095,166,73226.0,0.04615442095937437,166,73226.0,7.509999999999991
9125.0,162,7029.0,32.693023255813955,1.894902860263011,162,72690.0,0.05912669124845211,162,72690.0,5.360000000000014
9130.0,158,7347.0,34.49295774647887,1.9296789489423285,158,72138.0,0.05658651796583366,158,72138.0,5.519999999999982
9135.0,155,7528.0,35.677725118483416,1.8605492972060709,154,72221.0,0.05766779225741442,154,72221.0,-0.8300000000000409
9140.0,156,7670.0,36.179245283018865,1.8847657961346302,156,71712.0,0.06104849307148616,156,71712.0,5.090000000000032
9145.0,154,7812.0,37.2,1.8158449883273815,154,71202.0,0.05918381982340287,154,71202.0,5.100000000000023
9150.0,153,7821.0,37.421052631578945,1.6481591000085847,153,71806.0,0.0526120886100506,153,71806.0,-6.039999999999964
9155.0,149,7870.0,37.29857819905213,1.8572518894265964,149,72361.0,0.06241142608901168,149,72361.0,-5.550000000000068
9160.0,151,7995.0,37.89099526066351,2.006282120771716,151,72941.0,0.0638427020314736,151,72941.0,-5.7999999999999545
9165.0,153,8082.0,38.48571428571429,1.9109474131737032,153,73148.0,0.057800065858453764,153,73148.0,-2.07000000000005
9170.0,151,8227.0,39.55288461538461,1.93737432805473,151,72924.0,0.05847895857771164,151,72924.0,2.240000000000009
9175.0,152,8615.0,41.41826923076923,1.9677335479203815,152,72734.0,0.06300109940554198,152,72734.0,1.8999999999999773
9180.0,153,8915.0,42.655502392344495,1.7733725167679268,153,72840.0,0.048439310990569945,153,72840.0,-1.0599999999999454
9185.0,153,9160.0,43.41232227488152,1.7890956490864258,153,72355.0,0.044910760173291424,153,72355.0,4.850000000000023
9190.0,151,9400.0,44.339622641509436,1.959673706815137,151,71854.0,0.05197531596182319,151,71854.0,5.009999999999991
9195.0,148,9604.0,45.301886792452834,1.8868930640359285,147,72060.0,0.04851721269918874,147,72060.0,-2.060000000000059
9200.0,149,9842.0,46.424528301886795,1.8605053356719479,149,72697.0,0.048434160108708636,149,72697.0,-6.3700000000000045
9205.0,149,10206.0,48.83253588516747,1.6558670496401162,149,72420.0,0.04713959255216521,149,72420.0,2.769999999999982
9210.0,153,10450.0,50.48309178743961,1.4413437785301408,153,73006.0,0.04299093205303889,153,73006.0,-5.8599999999999
9215.0,151,10706.0,51.47115384615385,1.3951604725036666,151,73588.0,0.0419831467469621,151,73588.0,-5.82000000000005
9220.0,153,11114.0,52.67298578199052,1.5016348732607312,153,74126.0,0.045424573172331235,153,74126.0,-5.3799999999999955
9225.0,156,11042.0,52.33175355450237,1.337824870397702,156,73844.0,0.04257335475516385,156,73844.0,2.8199999999999363
9230.0,159,10662.0,51.014354066985646,1.3041065149569968,159,72666.0,0.04113503193466242,159,72666.0,11.780000000000086
9235.0,158,10291.0,48.77251184834123,1.3650993337612454,158,72412.0,0.046322973809770754,158,72412.0,2.5399999999999636
9240.0,158,9876.0,46.80568720379147,1.276354920738619,158,73047.0,0.040928103721210266,158,73047.0,-6.350000000000023
9245.0,156,9515.0,45.09478672985782,1.2735934693398863,156,73658.0,0.04480455906575372,156,73658.0,-6.110000000000014
9250.0,163,9305.0,43.89150943396226,1.3019123296624489,163,74341.0,0.043528942533153495,163,74341.0,-6.829999999999927
9255.0,169,9131.0,42.86854460093897,1.2210693517449398,169,75086.0,0.035531661337587374,169,75086.0,-7.4500000000000455
9260.0,168,8942.0,41.98122065727699,1.193254225086278,168,74943.0,0.031245222664016054,168,74943.0,1.4300000000000637
9265.0,170,8759.0,40.550925925925924,1.2221380861985582,170,74803.0,0.030444523949209802,170,74803.0,1.3999999999999773
9270.0,171,8589.0,39.948837209302326,1.1849301070857718,171,73755.0,0.029051858995339828,171,73755.0,10.480000000000018
9275.0,168,8414.0,38.774193548387096,1.3203846210160717,168,72691.0,0.034358041727039754,168,72691.0,10.639999999999986
9280.0,165,8200.0,37.78801843317972,1.3371167130887027,165,73408.0,0.03458728801688489,165,73408.0,-7.170000000000073
9285.0,165,8007.0,37.24186046511628,1.3224252667061656,165,74134.0,0.03913142752803465,165,74134.0,-7.259999999999991
9290.0,166,8021.0,37.481308411214954,1.3837878776965367,166,74840.0,0.03922235514723074,166,74840.0,-7.059999999999945
9295.0,171,8771.0,40.60648148148148,1.419873652181243,171,75589.0,0.031444720569088765,171,75589.0,-7.490000000000009
9300.0,174,9267.0,43.50704225352113,1.202658065318515,174,75808.0,0.025927765727978946,174,75808.0,-2.1900000000000546
9305.0,172,9583.0,45.20283018867924,1.1591565005755577,172,75517.0,0.032514393878808646,172,75517.0,2.910000000000082
9310.0,170,9888.0,46.64150943396226,1.2874597868181055,170,75234.0,0.037969474820606114,170,75234.0,2.8299999999999272
9315.0,165,10173.0,47.985849056603776,1.4237862886919,165,74508.0,0.041358247508549786,165,74508.0,7.259999999999991
9320.0,161,10436.0,49.459715639810426,1.6155217401639153,161,73984.0,0.05287887044300238,161,73984.0,5.240000000000009
9325.0,156,10307.0,48.84834123222749,1.5850653309196951,156,74022.0,0.047514756377047544,156,74022.0,-0.37999999999999545
9330.0,157,9983.0,47.312796208530806,1.6190853467652526,157,73367.0,0.05133734070552461,157,73367.0,6.550000000000068
9335.0,157,9663.0,45.58018867924528,1.7390526767376637,157,72697.0,0.055104266357883964,157,72697.0,6.699999999999932
9340.0,158,9166.0,43.44075829383886,1.6411360664482422,158,72452.0,0.04942609902057094,158,72452.0,2.4500000000000455
9345.0,154,8537.0,40.2688679245283,1.7425157327815983,154,71280.0,0.05204937468908258,154,71280.0,11.720000000000027
9350.0,152,7895.0,37.595238095238095,1.794837884810268,152,70117.0,0.05871281831421179,152,70117.0,11.629999999999995
9355.0,148,7153.0,33.90047393364929,1.8649903536313255,148,70301.0,0.05995587131476662,148,70301.0,-1.8400000000000318
9360.0,144,6331.0,30.00473933649289,1.9888964502630386,144,70021.0,0.06003839252767094,144,70021.0,2.7999999999999545
9365.0,140,5585.0,26.72248803827751,2.065388544135612,140,69779.0,0.0681212768826287,140,69779.0,2.4200000000000728
9370.0,142,5018.0,24.125,1.9515536829359625,141,70288.0,0.060793887012393265,141,70288.0,-5.090000000000032
9375.0,144,4505.0,21.350710900473935,1.94295598298334,144,70876.0,0.054584451394435185,144,70876.0,-5.8799999999999955
9380.0,145,4126.0,19.64761904761905,1.8593099587144537,145,71352.0,0.05382771977816223,145,71352.0,-4.759999999999991
9385.0,147,3763.0,18.091346153846153,1.7760300795902266,147,71845.0,0.054372070173462066,147,71845.0,-4.930000000000064
9390.0,149,3499.0,17.151960784313726,1.5469009897140105,149,72066.0,0.0472358779570165,149,72066.0,-2.2099999999999227
9395.0,153,3709.0,17.83173076923077,1.6158058896390928,153,71947.0,0.04992598129074768,153,71947.0,1.1899999999999409
9400.0,154,3929.0,18.620853080568722,1.7020404357758276,154,71866.0,0.049427968293163045,154,71866.0,0.8100000000000591
9405.0,153,4230.0,20.04739336492891,1.7393975186491606,153,71489.0,0.05224101534732138,153,71489.0,3.769999999999982
9410.0,158,4770.0,22.714285714285715,1.6973150280805656,158,71246.0,0.05550722574216474,158,71246.0,2.42999999999995
9415.0,159,5378.0,25.732057416267942,1.6781407515955504,159,71331.0,0.05195937888383198,159,71331.0,-0.849999999999909
9420.0,159,6028.0,28.704761904761906,1.7610180323671059,158,71130.0,0.0569612706090283,158,71130.0,2.009999999999991
9425.0,160,6609.0,31.028169014084508,1.7696376366221285,159,71507.0,0.055181893748357004,159,71507.0,-3.7700000000000955
9430.0,167,7229.0,33.467592592592595,1.7337952642278909,167,72197.0,0.050079272698146694,167,72197.0,-6.899999999999977
9435.0,167,7941.0,36.59447004608295,1.730014248301692,167,72844.0,0.047751250510383945,167,72844.0,-6.470000000000027
9440.0,165,8324.0,38.53703703703704,1.737125078455637,165,72857.0,0.04756555755473355,165,72857.0,-0.12999999999999545
9445.0,165,8546.0,39.93457943925234,1.730665009432668,165,72194.0,0.05385096451421686,165,72194.0,6.6299999999999955
9450.0,161,8759.0,41.31603773584906,1.8098999046708497,161,71542.0,0.05772880109374709,161,71542.0,6.5200000000000955
9455.0,157,8906.0,41.81220657276995,1.8182440824094468,157,71941.0,0.05689776812752346,157,71941.0,-3.990000000000009
9460.0,159,9052.0,42.90047393364929,1.7636698180434713,159,72350.0,0.05305426722753334,159,72350.0,-4.090000000000032
9465.0,160,9197.0,43.58767772511848,1.6339430172570615,160,72756.0,0.05139188345447283,160,72756.0,-4.059999999999945
9470.0,161,9260.0,44.30622009569378,1.4232049080468994,161,73396.0,0.042297652809461836,161,73396.0,-6.400000000000091
9475.0,161,9264.0,44.114285714285714,1.3108089665143572,161,74048.0,0.03777217210018172,161,74048.0,-6.519999999999982
9480.0,159,9345.0,44.92788461538461,1.3438375006587466,159,74689.0,0.04313702524776255,159,74689.0,-6.409999999999968
9485.0,161,9101.0,43.338095238095235,1.2520765327240875,161,74483.0,0.03847131948418205,161,74483.0,2.0599999999999454
9490.0,163,8609.0,41.19138755980861,1.1932742841878208,163,74277.0,0.036683478554495975,163,74277.0,2.060000000000059
9495.0,160,8112.0,38.813397129186605,1.1514884010458544,160,74069.0,0.038527425913443006,160,74069.0,2.0799999999999272
9500.0,159,7516.0,35.79047619047619,1.211479058255282,159,74449.0,0.039099037965346216,159,74449.0,-3.7999999999999545
9505.0,157,6976.0,33.06161137440758,1.2269489696891398,157,74486.0,0.04162116972014771,157,74486.0,-0.37000000000000455
9510.0,159,6874.0,32.424528301886795,1.2938679100400117,159,74521.0,0.046481313133233434,159,74521.0,-0.35000000000002274
9515.0,161,6745.0,31.372093023255815,1.1667729004281813,161,75075.0,0.03739543202117662,161,75075.0,-5.539999999999964
9520.0,163,6585.0,30.48611111111111,1.1804403945352673,163,75667.0,0.037258502001627586,163,75667.0,-5.919999999999959
9525.0,166,6477.0,29.575342465753426,1.156403980610318,166,76294.0,0.03451864416422484,166,76294.0,-6.2700000000000955
9530.0,172,6466.0,29.525114155251142,1.1297051603189838,172,76713.0,0.031948672335212085,172,76713.0,-4.189999999999941
9535.0,173,6439.0,29.13574660633484,1.1801172330254492,173,76826.0,0.03135492704410921,173,76826.0,-1.1299999999999955
9540.0,172,6420.0,29.181818181818183,1.3234865730647751,172,77003.0,0.03864129083457085,172,77003.0,-1.7699999999999818
9545.0,168,6384.0,29.15068493150685,1.373885299539339,168,76977.0,0.041351800160716046,168,76977.0,0.2599999999999909
9550.0,164,6498.0,29.807339449541285,1.628007565474668,164,76933.0,0.054391294643521194,164,76933.0,0.4399999999999409
9555.0,164,7083.0,32.342465753424655,1.7215709668692825,164,76879.0,0.05352174160702208,164,76879.0,0.5400000000000773
9560.0,165,7673.0,35.0365296803653,1.704836969654844,165,77063.0,0.05461371744550279,165,77063.0,-1.8400000000000318
9565.0,167,8200.0,37.61467889908257,1.582316204516861,166,77601.0,0.04720732693716266,166,77601.0,-5.3799999999999955
9570.0,172,8789.0,40.1324200913242,1.525378396407653,171,78262.0,0.04619139612016005,171,78262.0,-6.610000000000014
9575.0,175,9391.0,42.68636363636364,1.4547543125794802,174,78950.0,0.04420764918728497,174,78950.0,-6.8799999999999955
9580.0,172,10046.0,45.87214611872146,1.486427122729576,172,79394.0,0.04554985371222082,172,79394.0,-4.440000000000055
9585.0,171,10696.0,48.61818181818182,1.5389857442067363,171,79557.0,0.04690988526611672,171,79557.0,-1.6299999999999955
9590.0,166,11335.0,51.9954128440367,1.6568516011086893,166,79726.0,0.056309417331476465,166,79726.0,-1.6899999999999409
9595.0,166,12039.0,55.736111111111114,1.6676832817321123,166,79657.0,0.05784916846879007,166,79657.0,0.6899999999999409
9600.0,167,12794.0,59.23148148148148,1.8138430370769203,167,79715.0,0.06430444894986354,167,79715.0,-0.5799999999999272
9605.0,169,13552.0,62.1651376146789,1.7564388781838964,169,80103.0,0.06129919979564955,169,80103.0,-3.8799999999999955
9610.0,168,14226.0,64.95890410958904,1.5611679920994266,168,80632.0,0.047309305151820455,168,80632.0,-5.290000000000077
9615.0,172,14859.0,68.16055045871559,1.470274640093093,172,81302.0,0.04371715012013337,172,81302.0,-6.699999999999932
9620.0,170,15458.0,71.23502304147465,1.4786037043207954,170,81830.0,0.046044637413175875,170,81830.0,-5.279999999999973
9625.0,171,16048.0,73.61467889908256,1.390646830286079,171,82497.0,0.04420372250969665,171,82497.0,-6.670000000000073
9630.0,168,16695.0,76.23287671232876,1.4729580658246846,168,83009.0,0.04425003479493602,168,83009.0,-5.1200000000000045
9635.0,166,17362.0,78.56108597285068,1.5842214297903672,166,83369.0,0.05132956393882269,166,83369.0,-3.6000000000000227
9640.0,168,18081.0,82.56164383561644,1.6111298663842493,168,83738.0,0.05216161669731649,168,83738.0,-3.689999999999941
9645.0,173,18784.0,85.77168949771689,1.4422900913290881,172,84252.0,0.043573681608528,172,84252.0,-5.139999999999986
9650.0,176,19483.0,89.37155963302752,1.3047463614401145,176,84955.0,0.03545761954369699,176,84955.0,-7.029999999999973
9655.0,177,20187.0,92.60091743119266,1.2550563472431895,177,85380.0,0.03582680376307811,177,85380.0,-4.25
9660.0,173,20881.0,96.2258064516129,1.2349377503628847,173,85722.0,0.0384532253790947,173,85722.0,-3.4200000000000728
9665.0,172,21517.0,97.80454545454545,1.3276682488827245,172,86294.0,0.0399210725285242,172,86294.0,-5.720000000000027
9670.0,170,22167.0,101.21917808219177,1.3379836469540454,170,86711.0,0.043167937946711935,170,86711.0,-4.169999999999959
9675.0,172,22829.0,104.2420091324201,1.4190346225842676,172,87142.0,0.04627458817147679,172,87142.0,-4.309999999999945
9680.0,173,23541.0,107.00454545454545,1.4683076133547868,173,87457.0,0.04376718673135578,173,87457.0,-3.150000000000091
9685.0,174,24300.0,110.45454545454545,1.4932201932124305,174,87816.0,0.05183009412865238,174,87816.0,-3.589999999999918
9690.0,174,24990.0,114.10958904109589,1.3762600814722654,174,88530.0,0.04237576028119625,174,88530.0,-7.139999999999986
9695.0,176,25631.0,115.97737556561086,1.3709348166156963,176,89090.0,0.039807591445736375,176,89090.0,-5.600000000000023
9700.0,172,26259.0,118.28378378378379,1.4870364419556952,172,89505.0,0.04310785663333451,172,89505.0,-4.149999999999977
9705.0,172,26260.0,117.23214285714286,1.4726918722275164,172,89238.0,0.04340211694709432,172,89238.0,2.669999999999959
9710.0,168,25918.0,115.19111111111111,1.4895959681612374,168,88957.0,0.03993492714344606,168,88957.0,2.8099999999999454
9715.0,168,25619.0,112.85903083700441,1.618635966040348,168,87754.0,0.04587199635592232,168,87754.0,12.030000000000086
9720.0,169,25317.0,112.52,1.5015579091763736,169,88272.0,0.04463821532559751,169,88272.0,-5.180000000000064
9725.0,169,25036.0,111.76785714285714,1.4860551544131386,169,88686.0,0.04616564774041635,169,88686.0,-4.139999999999986
9730.0,168,24766.0,110.5625,1.5772639070846375,168,89120.0,0.048761899215113584,168,89120.0,-4.340000000000032
9735.0,169,24500.0,108.88888888888889,1.6230517995631524,169,89490.0,0.047818136686697134,169,89490.0,-3.699999999999932
9740.0,171,24282.0,108.88789237668162,1.5779596957389197,171,89932.0,0.045195748833767146,171,89932.0,-4.420000000000073
9745.0,175,24117.0,108.14798206278027,1.568151017731195,175,90447.0,0.04469586137613219,175,90447.0,-5.149999999999977
9750.0,176,23961.0,107.93243243243244,1.4205900672056597,176,91058.0,0.040806682662902265,176,91058.0,-6.110000000000014
9755.0,180,23813.0,106.30803571428571,1.3013501250102524,180,91687.0,0.029464057988775244,180,91687.0,-6.289999999999964
9760.0,179,23667.0,106.60810810810811,1.2305386913204717,178,92373.0,0.029870986088148185,178,92373.0,-6.860000000000014
9765.0,183,23535.0,105.53811659192826,1.2185042204151135,182,93094.0,0.026313856758415674,182,93094.0,-7.210000000000036
9770.0,183,23611.0,106.35585585585585,1.1745917739759724,182,93807.0,0.02553617032402872,182,93807.0,-7.1299999999999955
9775.0,186,24284.0,108.89686098654708,1.1987580661716022,185,94349.0,0.024957811764396737,185,94349.0,-5.419999999999959
9780.0,188,24791.0,111.17040358744394,1.129757787330866,188,94706.0,0.02385931064605449,188,94706.0,-3.5699999999999363
9785.0,189,25309.0,112.48444444444445,1.1788544170746795,188,95071.0,0.02982899206625284,188,95071.0,-3.650000000000091
9790.0,186,25810.0,115.73991031390135,1.0658670603055203,186,95813.0,0.025431793800511235,186,95813.0,-7.419999999999959
9795.0,186,26320.0,118.02690582959642,1.1513448107650766,186,96560.0,0.02707007429863051,186,96560.0,-7.470000000000027
9800.0,186,26830.0,120.85585585585585,1.236696631955523,186,97303.0,0.022846343248699878,186,97303.0,-7.42999999999995
9805.0,184,27083.0,121.44843049327355,1.3301954942653447,184,97131.0,0.023628618456007965,184,97131.0,1.7200000000000273
9810.0,183,27151.0,121.75336322869956,1.3123960271399278,183,97858.0,0.02386672843083257,183,97858.0,-7.2700000000000955
9815.0,181,27206.0,123.10407239819004,1.3004727207083469,181,97682.0,0.03010365748800045,181,97682.0,1.759999999999991
9820.0,176,27193.0,124.73853211009174,1.260890040852002,176,98380.0,0.025632205333447823,176,98380.0,-6.9799999999999045
9825.0,176,27198.0,125.33640552995392,1.293631078663509,176,99084.0,0.03168184920130624,176,99084.0,-7.040000000000077
9830.0,176,27226.0,127.22429906542057,1.2232514850685803,176,99797.0,0.03259795101508744,176,99797.0,-7.1299999999999955
9835.0,173,26167.0,122.84976525821597,1.1332975627800272,173,99586.0,0.029002818218936303,173,99586.0,2.1100000000000136
9840.0,170,24440.0,115.82938388625593,1.1657781717848676,170,98440.0,0.03159234300617307,170,98440.0,11.460000000000036
9845.0,170,22935.0,109.21428571428571,1.1934701850868519,170,97312.0,0.03741252459061832,170,97312.0,11.279999999999973
9850.0,171,21344.0,101.1563981042654,1.107551275605767,171,97074.0,0.032151237313173535,171,97074.0,2.3799999999999955
9855.0,167,19684.0,92.84905660377359,1.2346142174516943,167,95919.0,0.035230094090164046,167,95919.0,11.549999999999955
9860.0,165,18010.0,84.55399061032864,1.3677460546156182,165,94774.0,0.03923840448645704,165,94774.0,11.450000000000045
9865.0,161,16325.0,77.00471698113208,1.5074372509821374,161,92719.0,0.04787645023263182,161,92719.0,20.549999999999955
9870.0,158,14473.0,68.59241706161137,1.483933251899787,158,93100.0,0.04228479570795824,158,93100.0,-3.8099999999999454
9875.0,156,12785.0,60.306603773584904,1.5937545071186907,156,93167.0,0.04920370903886612,156,93167.0,-0.6699999999999591
9880.0,153,11085.0,52.2877358490566,1.7981000358484867,153,93254.0,0.05509219795817759,153,93254.0,-0.8700000000000045
9885.0,152,9404.0,44.56872037914692,1.8634991327411252,152,93038.0,0.057831590275851184,152,93038.0,2.159999999999968
9890.0,149,7712.0,36.899521531100476,2.017842847876099,149,92813.0,0.07070598651664807,149,92813.0,2.25
9895.0,144,5999.0,28.70334928229665,2.130350966710454,144,92649.0,0.07153247240280897,144,92649.0,1.6399999999999864
9900.0,142,4665.0,22.536231884057973,2.098271233569806,141,92696.0,0.07213487999200274,141,92696.0,-0.4700000000000273
9905.0,142,4825.0,23.42233009708738,2.0664976287962737,142,92544.0,0.07660368360298486,142,92544.0,1.5199999999999818
9910.0,143,4807.0,23.33495145631068,1.950819575220415,143,92128.0,0.07162387725350297,143,92128.0,4.160000000000082
9915.0,140,4688.0,22.647342995169083,1.9921964997195156,140,90785.0,0.07394043020345883,140,90785.0,13.42999999999995
9920.0,142,4691.0,22.552884615384617,2.132655530598104,142,89471.0,0.0790500262044177,142,89471.0,13.139999999999986
9925.0,147,4486.0,21.464114832535884,1.852666841322489,147,89959.0,0.0682717162275479,147,89959.0,-4.8799999999999955
9930.0,144,4304.0,20.495238095238093,1.9348031164320376,144,90382.0,0.06798558897497237,144,90382.0,-4.230000000000018
9935.0,142,4384.0,20.976076555023923,2.0124245603650084,142,90854.0,0.06642823170105557,142,90854.0,-4.719999999999914
9940.0,148,4718.0,22.682692307692307,1.987821436743326,148,91180.0,0.06030246864156861,148,91180.0,-3.259999999999991
9945.0,154,5023.0,23.919047619047618,1.8389293118294772,154,91300.0,0.05576826032090626,154,91300.0,-1.2000000000000455
9950.0,158,5353.0,25.25,1.780887700936826,158,91447.0,0.05192037424243626,158,91447.0,-1.4700000000000273
9955.0,159,5605.0,26.19158878504673,1.679006072975174,159,91179.0,0.04069825121651696,159,91179.0,2.6800000000000637
9960.0,157,5795.0,27.07943925233645,1.8073420182000277,157,89998.0,0.04724111867023461,157,89998.0,11.809999999999945
9965.0,154,5967.0,27.88317757009346,1.8947990949172258,154,88802.0,0.055109411507340764,154,88802.0,11.960000000000036
9970.0,150,6036.0,28.471698113207548,1.8111587300126584,150,89280.0,0.05069512952356675,150,89280.0,-4.779999999999973
9975.0,149,6113.0,28.83490566037736,1.8225922039788767,149,89660.0,0.053401679585075246,149,89660.0,-3.800000000000068
9980.0,150,6465.0,30.639810426540283,1.844548077567212,150,90093.0,0.057713684081663864,150,90093.0,-4.329999999999927
9985.0,158,6936.0,32.716981132075475,1.678172350225647,158,90564.0,0.05261492084514528,158,90564.0,-4.710000000000036
9990.0,160,7095.0,33.466981132075475,1.4904326038095395,160,90268.0,0.04501648341488222,160,90268.0,2.9600000000000364
9995.0,163,7088.0,33.12149532710281,1.3763727090896025,163,90886.0,0.03906366949582354,163,90886.0,-6.180000000000064
10000.0,163,7134.0,33.33644859813084,1.4134175808247154,163,89672.0,0.03840255388131892,163,89672.0,12.139999999999986
10005.0,165,7085.0,33.10747663551402,1.3316174206372713,165,89389.0,0.038675766975773476,165,89389.0,2.830000000000041
10010.0,166,6970.0,32.570093457943926,1.2285574075468355,165,89115.0,0.03381664667330363,165,89115.0,2.740000000000009
10015.0,163,6849.0,31.855813953488372,1.2877024862688395,163,88834.0,0.03582448994766771,163,88834.0,2.8099999999999454
10020.0,162,6722.0,31.411214953271028,1.2929642809987523,162,88548.0,0.041980845138388935,162,88548.0,2.8600000000000136
10025.0,164,6665.0,30.714285714285715,1.241964902313304,164,87387.0,0.03655794773948841,164,87387.0,11.610000000000014
10030.0,165,6622.0,30.376146788990827,1.3336973339962452,165,86275.0,0.040219009364338996,165,86275.0,11.120000000000005
10035.0,166,6532.0,29.96330275229358,1.140765068718866,165,86088.0,0.031514988467533686,165,86088.0,1.8700000000000045
10040.0,163,6402.0,29.232876712328768,1.229945024416533,163,86770.0,0.03269179819491877,163,86770.0,-6.82000000000005
10045.0,160,6256.0,28.69724770642202,1.2938367887024476,160,85633.0,0.03809997843147484,160,85633.0,11.370000000000005
10050.0,156,6114.0,28.43720930232558,1.31772138433532,156,83596.0,0.04343958768222319,156,83596.0,20.370000000000005
10055.0,152,5920.0,27.40740740740741,1.4193366652996202,152,84113.0,0.045076798402325875,152,84113.0,-5.169999999999959
10060.0,152,6018.0,27.990697674418605,1.4885759733618034,152,84540.0,0.051292902553213726,152,84540.0,-4.269999999999982
10065.0,152,6299.0,29.027649769585253,1.6170373172119368,152,84985.0,0.0528933210739947,152,84985.0,-4.4500000000000455
10070.0,155,6735.0,30.894495412844037,1.6274325954904825,155,84704.0,0.04792521977349362,155,84704.0,2.810000000000059
10075.0,160,7284.0,33.26027397260274,1.546374697776471,160,83587.0,0.040117566208554514,160,83587.0,11.169999999999959
10080.0,161,7852.0,36.184331797235025,1.6114287592738648,161,82530.0,0.04732654117932709,161,82530.0,10.57000000000005
10085.0,161,8048.0,37.25925925925926,1.4431931726565164,160,82883.0,0.04092043349472288,160,82883.0,-3.5300000000000864
10090.0,164,8050.0,37.44186046511628,1.3913884516762156,164,83616.0,0.03987136115834664,164,83616.0,-7.329999999999927
10095.0,165,8050.0,37.096774193548384,1.3771299125459964,165,83587.0,0.03921590503766666,165,83587.0,0.2899999999999636
10100.0,162,8060.0,36.972477064220186,1.5166552521900614,162,83189.0,0.04517966925075503,162,83189.0,3.980000000000018
10105.0,163,8128.0,37.114155251141554,1.5120632448671327,163,83167.0,0.04417463868594838,163,83167.0,0.22000000000002728
10110.0,164,8212.0,37.669724770642205,1.5168514862217863,164,83159.0,0.047769811717277934,164,83159.0,0.07999999999992724
10115.0,164,8161.0,37.2648401826484,1.4796260480789896,164,83708.0,0.044342605468079686,164,83708.0,-5.490000000000009
10120.0,165,8014.0,36.76146788990825,1.4455455533381374,165,84351.0,0.04307137892438957,165,84351.0,-6.42999999999995
10125.0,162,7895.0,36.382488479262676,1.408452603580154,162,84878.0,0.039507644519365254,162,84878.0,-5.269999999999982
10130.0,161,7932.0,36.55299539170507,1.4988614582241087,161,85407.0,0.046291036835873045,161,85407.0,-5.290000000000077
10135.0,161,7982.0,36.9537037037037,1.3725474274929483,161,85699.0,0.04153287337551761,161,85699.0,-2.919999999999959
10140.0,165,8036.0,37.03225806451613,1.4378662209101456,165,85641.0,0.04589025838410849,165,85641.0,0.5800000000000409
10145.0,170,8135.0,37.31651376146789,1.4004907680160956,170,85582.0,0.045010192970864504,170,85582.0,0.5899999999999181
10150.0,167,8388.0,38.3013698630137,1.57877482738462,167,85160.0,0.048126513517143706,167,85160.0,4.220000000000027
10155.0,169,9117.0,41.63013698630137,1.6046647957089168,169,84751.0,0.05426288302299948,169,84751.0,4.090000000000032
10160.0,168,9633.0,44.18807339449541,1.5027791916565694,168,84499.0,0.048911197151645686,168,84499.0,2.519999999999982
10165.0,168,9998.0,46.07373271889401,1.3457466769453643,168,83342.0,0.04405824871886537,168,83342.0,11.57000000000005
10170.0,169,10368.0,47.77880184331797,1.5027681057908089,169,82200.0,0.0493985956644057,169,82200.0,11.419999999999959
10175.0,167,10605.0,48.20454545454545,1.5515275415320704,167,82699.0,0.0462242342506195,167,82699.0,-4.990000000000009
10180.0,163,10747.0,48.85,1.6997308505937507,163,83093.0,0.04969545006671207,163,83093.0,-3.939999999999941
10185.0,161,10875.0,48.986486486486484,1.8380727076139913,161,83492.0,0.05429545345489282,161,83492.0,-3.990000000000009
10190.0,158,11032.0,49.918552036199095,1.798246030760457,158,83207.0,0.049166251102072234,158,83207.0,2.849999999999909
10195.0,160,11307.0,50.932432432432435,1.8387829393738222,160,82060.0,0.0514761224448435,160,82060.0,11.470000000000027
10200.0,161,11633.0,52.877272727272725,1.8672676482061743,161,80933.0,0.05529897873826703,161,80933.0,11.269999999999982
10205.0,164,11864.0,54.17351598173516,1.676518559203727,163,81213.0,0.04559863623622702,163,81213.0,-2.7999999999999545
10210.0,166,12011.0,55.096330275229356,1.5030123002582956,166,81877.0,0.03859146220621654,166,81877.0,-6.639999999999986
10215.0,165,12157.0,55.76605504587156,1.454775564169827,165,81736.0,0.040361599895190586,165,81736.0,1.4099999999999682
10220.0,162,12294.0,56.654377880184335,1.5151390886821832,162,81200.0,0.04758314783310374,162,81200.0,5.360000000000014
10225.0,160,12406.0,57.1705069124424,1.4888298468324919,160,81682.0,0.04462375138323781,160,81682.0,-4.82000000000005
10230.0,164,12732.0,58.136986301369866,1.4476227783451292,164,82167.0,0.04045471650658539,164,82167.0,-4.849999999999909
10235.0,165,13066.0,59.662100456621005,1.2870768633289942,165,82675.0,0.03747331631782284,165,82675.0,-5.080000000000041
10240.0,163,12846.0,58.657534246575345,1.3192398571819721,163,82426.0,0.041757928989281885,163,82426.0,2.490000000000009
10245.0,169,12332.0,56.054545454545455,1.098701315335375,169,83107.0,0.03451457817204078,169,83107.0,-6.810000000000059
10250.0,168,11831.0,53.53393665158371,1.2063748566827255,168,81976.0,0.03699129600370535,168,81976.0,11.31000000000006
10255.0,170,11309.0,51.404545454545456,1.1426254098512378,170,82231.0,0.0368529311969736,170,82231.0,-2.5499999999999545
10260.0,170,10750.0,48.86363636363637,1.220210546289691,170,82081.0,0.04067655580968795,170,82081.0,1.5
10265.0,171,10240.0,46.126126126126124,1.2801356809693987,171,81920.0,0.04143237615324871,171,81920.0,1.6099999999999
10270.0,168,9785.0,43.87892376681614,1.4808297343768606,168,81366.0,0.04553628336075898,168,81366.0,5.540000000000077
10275.0,171,9331.0,41.65625,1.4446300599214017,171,82038.0,0.046150638813249316,171,82038.0,-6.720000000000027
10280.0,172,8820.0,39.375,1.3950847028770832,172,82461.0,0.03725065502836537,172,82461.0,-4.230000000000018
10285.0,171,8310.0,37.26457399103139,1.3527126048675082,171,82921.0,0.03887056441454084,171,82921.0,-4.600000000000023
10290.0,167,7750.0,34.75336322869955,1.3736291768423081,167,83203.0,0.04336732458511496,167,83203.0,-2.8199999999999363
10295.0,166,7287.0,32.53125,1.4363681494204168,166,83049.0,0.04393125559487308,166,83049.0,1.5399999999999636
10300.0,166,6856.0,30.744394618834082,1.4910255553568919,166,82990.0,0.04785428559989291,166,82990.0,0.5900000000000318
10305.0,168,6509.0,29.18834080717489,1.407260761333169,168,82732.0,0.03997039796486519,168,82732.0,2.5799999999999272
10310.0,167,6867.0,30.793721973094172,1.5352833628325373,167,81582.0,0.04319668814982287,167,81582.0,11.5
10315.0,169,7235.0,32.44394618834081,1.5843184904991334,169,80439.0,0.047661106004931446,169,80439.0,11.430000000000064
10320.0,167,7573.0,34.112612612612615,1.5161801062310438,167,80995.0,0.04473904332293903,167,80995.0,-5.560000000000059
10325.0,169,7944.0,35.62331838565022,1.5412460439807651,169,81437.0,0.044319046673294574,169,81437.0,-4.419999999999959
10330.0,170,8319.0,37.30493273542601,1.5078253326666837,170,81883.0,0.04455660697894776,170,81883.0,-4.460000000000036
10335.0,167,8689.0,38.79017857142857,1.6200310551846473,167,82232.0,0.046589822430818086,167,82232.0,-3.490000000000009
10340.0,165,8743.0,39.38288288288288,1.5298643443445459,165,81959.0,0.045562033888170775,165,81959.0,2.730000000000018
10345.0,167,8575.0,38.626126126126124,1.4957523295892245,167,80784.0,0.046561131522380915,167,80784.0,11.75
10350.0,170,8440.0,38.01801801801802,1.4372304507440437,170,79636.0,0.0433567052540717,170,79636.0,11.480000000000018
10355.0,169,8305.0,37.24215246636771,1.4623588259891973,169,80164.0,0.03866624405522663,169,80164.0,-5.279999999999973
10360.0,169,8150.0,36.54708520179372,1.5377548492730528,169,80633.0,0.038975107736504026,169,80633.0,-4.690000000000055
10365.0,169,7996.0,35.856502242152466,1.5582580544221216,169,81105.0,0.04451769217231539,169,81105.0,-4.719999999999914
10370.0,170,7786.0,35.072072072072075,1.50515474666188,169,80827.0,0.0408060153471916,169,80827.0,2.7799999999999727
10375.0,176,7722.0,34.473214285714285,1.3675242569562915,176,81485.0,0.031036122276175998,176,81485.0,-6.580000000000041
10380.0,182,7685.0,34.308035714285715,1.2546183752809672,182,80395.0,0.030193663549717163,182,80395.0,10.899999999999977
10385.0,179,7650.0,33.849557522123895,1.3326384467097703,179,78454.0,0.03154829620570699,179,78454.0,19.410000000000082
10390.0,177,7500.0,33.63228699551569,1.260091840315143,177,78351.0,0.03365287096993928,177,78351.0,1.0299999999999727
10395.0,175,7267.0,32.587443946188344,1.2714034966048584,175,78233.0,0.032955632300244,175,78233.0,1.17999999999995
10400.0,170,7014.0,31.737556561085974,1.3377203027953568,170,78088.0,0.03602413710016637,170,78088.0,1.4500000000000455
10405.0,167,6595.0,30.25229357798165,1.2138068583340196,167,78356.0,0.03715915878962217,167,78356.0,-2.67999999999995
10410.0,167,6490.0,29.634703196347033,1.2817962661877151,167,78162.0,0.038238546694072645,167,78162.0,1.9399999999999409
10415.0,168,6385.0,28.76126126126126,1.2585057690680852,168,78443.0,0.035264370552378285,168,78443.0,-2.8099999999999454
10420.0,164,6118.0,27.55855855855856,1.332336902791456,164,78952.0,0.03720530323839569,164,78952.0,-5.090000000000032
10425.0,163,5736.0,26.072727272727274,1.2169150420534849,163,79460.0,0.03558794387855423,163,79460.0,-5.080000000000041
10430.0,159,5348.0,24.420091324200914,1.2660854007569198,159,79952.0,0.038166439002864455,159,79952.0,-4.919999999999959
10435.0,156,5161.0,23.674311926605505,1.304752299663075,156,80323.0,0.04588766715333785,156,80323.0,-3.7100000000000364
10440.0,159,5253.0,24.09633027522936,1.4156666953093433,159,80722.0,0.04925586223525707,159,80722.0,-3.990000000000009
10445.0,162,5371.0,24.525114155251142,1.3222421994351383,162,81105.0,0.043478784206644194,162,81105.0,-3.8299999999999272
10450.0,167,5384.0,24.58447488584475,1.1900764799153805,166,80833.0,0.036258953440795626,166,80833.0,2.7199999999999136
10455.0,169,5368.0,24.289592760180994,1.1842415341911212,169,79683.0,0.03503003670426893,169,79683.0,11.5
10460.0,171,5490.0,24.954545454545453,1.213750266339108,171,78578.0,0.038110590954517555,171,78578.0,11.050000000000068
10465.0,172,5581.0,25.25339366515837,1.1208764550446821,172,79171.0,0.031333527144800054,172,79171.0,-5.930000000000064
10470.0,174,5791.0,26.085585585585587,1.3000967616404777,174,79740.0,0.03485582430421973,174,79740.0,-5.689999999999941
10475.0,176,6403.0,28.584821428571427,1.3871616175557535,176,80324.0,0.035989189753013386,176,80324.0,-5.840000000000032
10480.0,182,7028.0,31.235555555555557,1.3266453801264289,182,80155.0,0.02926741406218694,182,80155.0,1.6900000000000546
10485.0,183,7644.0,33.67400881057269,1.342443564055434,183,79132.0,0.02629724001117515,183,79132.0,10.229999999999905
10490.0,181,8257.0,36.37444933920705,1.5296347547016012,181,78133.0,0.03509642869794155,181,78133.0,9.990000000000009
10495.0,176,8847.0,39.32,1.6017980830922136,176,76263.0,0.04129329273260263,176,76263.0,18.700000000000045
10500.0,172,9178.0,41.15695067264574,1.5975994288073145,172,76538.0,0.039398692585892646,172,76538.0,-2.75
10505.0,167,9328.0,42.20814479638009,1.560658078022774,167,76792.0,0.04091555782428517,167,76792.0,-2.5399999999999636
10510.0,163,9457.0,43.38073394495413,1.6412352784823414,163,76599.0,0.04870755688907839,163,76599.0,1.92999999999995
10515.0,160,9507.0,43.8110599078341,1.6182265358815981,160,77189.0,0.04963506631698491,160,77189.0,-5.899999999999977
10520.0,161,9668.0,45.177570093457945,1.4900712631448514,161,77778.0,0.044365007881042653,161,77778.0,-5.889999999999986
10525.0,163,9961.0,45.903225806451616,1.5279978027708492,163,78324.0,0.04638336849839444,163,78324.0,-5.460000000000036
10530.0,164,10258.0,47.49074074074074,1.4269501973028969,164,78540.0,0.038800396561208636,164,78540.0,-2.159999999999968
10535.0,166,10533.0,48.990697674418605,1.3318620553792708,166,78338.0,0.043347507638052826,166,78338.0,2.019999999999982
10540.0,163,10809.0,50.50934579439252,1.5143947753834919,163,78141.0,0.050370828700477877,163,78141.0,1.9700000000000273
10545.0,159,11098.0,52.10328638497653,1.6083200773328292,159,77494.0,0.05041423767797732,159,77494.0,6.469999999999914
10550.0,160,11423.0,53.882075471698116,1.7473318916563503,160,76855.0,0.060260474250899386,160,76855.0,6.3900000000001
10555.0,162,11673.0,54.80281690140845,1.4889738876595002,162,77510.0,0.04407630835198541,162,77510.0,-6.550000000000068
10560.0,160,11867.0,55.453271028037385,1.5745183032226384,160,78075.0,0.04624285143003286,160,78075.0,-5.649999999999977
10565.0,158,12204.0,56.5,1.7189000419591736,158,78545.0,0.04902229655964194,158,78545.0,-4.7000000000000455
10570.0,164,12385.0,56.81192660550459,1.6935789092761693,164,78249.0,0.048067171655784745,164,78249.0,2.9600000000000364
10575.0,171,12245.0,55.40723981900452,1.524186958510099,171,77986.0,0.035820667979902,171,77986.0,2.6299999999999955
10580.0,170,12118.0,55.333333333333336,1.5146831041382567,170,76839.0,0.0408657596874592,170,76839.0,11.470000000000027
10585.0,167,11727.0,54.04147465437788,1.4695014248382776,167,76636.0,0.04707104621320103,167,76636.0,2.0299999999999727
10590.0,164,11146.0,51.84186046511628,1.4589800254807648,164,76429.0,0.04547993528694887,164,76429.0,2.07000000000005
10595.0,160,10569.0,49.15813953488372,1.4919874020279902,160,75330.0,0.05004849199839418,160,75330.0,10.990000000000009
10600.0,161,9952.0,46.504672897196265,1.432592239980509,160,75918.0,0.04294327676183986,160,75918.0,-5.8799999999999955
10605.0,161,9271.0,43.322429906542055,1.3333716007143155,161,76380.0,0.04691279068902979,161,76380.0,-4.6200000000000045
10610.0,160,8651.0,40.6150234741784,1.398588018265212,160,76937.0,0.04851269258630492,160,76937.0,-5.57000000000005
10615.0,162,8041.0,37.751173708920184,1.2672950503849376,162,76694.0,0.03991934854101023,162,76694.0,2.42999999999995
10620.0,164,7379.0,34.64319248826291,1.178690017457855,164,76458.0,0.03185154773132529,164,76458.0,2.3600000000000136
10625.0,163,6714.0,31.227906976744187,1.2326498625263578,163,76230.0,0.03504427966872545,163,76230.0,2.2800000000000864
10630.0,160,5956.0,27.574074074074073,1.2695767340726793,160,76049.0,0.034054872276049496,160,76049.0,1.8099999999999454
10635.0,158,5333.0,24.804651162790698,1.1267843984320411,158,75852.0,0.032253506283253304,158,75852.0,1.9700000000000273
10640.0,161,5405.0,25.02314814814815,1.2015507100532021,161,75076.0,0.03602070109807251,161,75076.0,7.759999999999991
10645.0,163,5510.0,25.275229357798164,1.2402766612966507,163,74596.0,0.03692271118599488,163,74596.0,4.7999999999999545
10650.0,162,5620.0,25.545454545454547,1.3107562845948646,162,75196.0,0.03816589104716424,162,75196.0,-6.0
10655.0,164,5953.0,26.936651583710407,1.2924118522654373,164,75731.0,0.03811327106262087,164,75731.0,-5.349999999999909
10660.0,165,6362.0,28.52914798206278,1.4541245352055465,165,76297.0,0.04332704545802889,165,76297.0,-5.660000000000082
10665.0,166,6840.0,30.81081081081081,1.310526155524094,166,76402.0,0.03474787524338232,166,76402.0,-1.0499999999999545
10670.0,168,7299.0,33.481651376146786,1.232635166934656,168,75971.0,0.035274037729058086,168,75971.0,4.309999999999945
10675.0,164,7749.0,35.38356164383562,1.4174801377296065,164,75588.0,0.0430880911820641,164,75588.0,3.830000000000041
10680.0,161,8218.0,37.87096774193548,1.4862829910409694,161,74672.0,0.045907517223899894,161,74672.0,9.159999999999968
10685.0,161,8406.0,38.559633027522935,1.537658244078197,160,74791.0,0.046574004611241164,160,74791.0,-1.1899999999999409
10690.0,163,8341.0,38.08675799086758,1.5036942431037648,163,75487.0,0.041842825980698814,163,75487.0,-6.960000000000036
10695.0,162,8308.0,37.763636363636365,1.5704053771185336,162,75045.0,0.043517395765537495,162,75045.0,4.419999999999959
10700.0,163,8393.0,37.977375565610856,1.7169209050734322,163,74063.0,0.05043619871035126,163,74063.0,9.82000000000005
10705.0,165,8253.0,37.513636363636365,1.5193129749971386,165,73869.0,0.042688497717491926,165,73869.0,1.9399999999999409
10710.0,165,7962.0,36.861111111111114,1.400360556566986,164,72784.0,0.04570497656133597,164,72784.0,10.850000000000023
10715.0,160,7653.0,34.945205479452056,1.6037946773648992,160,71700.0,0.05489931401919904,160,71700.0,10.840000000000032
10720.0,157,7170.0,33.04147465437788,1.6448709419205192,157,72284.0,0.050097607608837025,157,72284.0,-5.840000000000032
10725.0,154,6564.0,30.38888888888889,1.6264270420499884,154,72780.0,0.05183753177930564,154,72780.0,-4.959999999999923
10730.0,151,6058.0,28.176744186046513,1.850027421933643,151,73279.0,0.05907904503352986,151,73279.0,-4.990000000000009
10735.0,154,5719.0,26.6,1.7262351952040753,154,73063.0,0.05528517115287749,154,73063.0,2.159999999999968
10740.0,161,5401.0,24.889400921658986,1.5586361072958281,161,72875.0,0.039389698878795995,161,72875.0,1.8799999999999955
10745.0,160,5144.0,23.814814814814813,1.4405789522826207,160,72710.0,0.03899283895439648,160,72710.0,1.6499999999999773
10750.0,159,4987.0,22.981566820276498,1.4978682472693863,159,73345.0,0.03991565458100278,159,73345.0,-6.350000000000023
10755.0,160,5242.0,24.045871559633028,1.4775071681507579,160,73912.0,0.04253958538779693,160,73912.0,-5.669999999999959
10760.0,163,5525.0,25.113636363636363,1.556131709742518,163,74527.0,0.045137137147727595,163,74527.0,-6.149999999999977
10765.0,167,5654.0,25.7,1.3613903461504249,167,74729.0,0.03372232842839273,167,74729.0,-2.019999999999982
10770.0,170,5716.0,26.220183486238533,1.3195750184981134,170,74362.0,0.033878507515148405,170,74362.0,3.669999999999959
10775.0,174,6096.0,27.58371040723982,1.3850757647390939,174,74019.0,0.03707441930509337,174,74019.0,3.42999999999995
10780.0,175,6489.0,29.495454545454546,1.3549162531771735,175,73155.0,0.037237625677172696,175,73155.0,8.6400000000001
10785.0,173,6637.0,30.168181818181818,1.288686255977566,173,73300.0,0.03433909503247611,173,73300.0,-1.4500000000000455
10790.0,173,6616.0,30.072727272727274,1.2778235899406434,173,74069.0,0.03328885313945623,173,74069.0,-7.690000000000055
10795.0,168,6577.0,29.895454545454545,1.3540805470017143,168,73664.0,0.035834883126371085,168,73664.0,4.050000000000068
10800.0,166,6448.0,29.577981651376145,1.3974393716997922,166,74302.0,0.04016160351468362,166,74302.0,-6.3799999999999955
10805.0,167,6284.0,28.825688073394495,1.2503455553176308,166,74952.0,0.03625617346399221,166,74952.0,-6.5
10810.0,167,6194.0,28.543778801843317,1.210615158455681,167,75612.0,0.038445259622948195,167,75612.0,-6.600000000000023
10815.0,169,6217.0,28.38812785388128,1.3048107528088948,169,76224.0,0.04530610001196546,169,76224.0,-6.1200000000000045
10820.0,168,6186.0,28.246575342465754,1.3649875847632205,168,76428.0,0.04172117616546093,168,76428.0,-2.0399999999999636
10825.0,169,6140.0,28.425925925925927,1.1890038440708923,169,76102.0,0.03856993737569317,169,76102.0,3.259999999999991
10830.0,166,6195.0,28.680555555555557,1.3858396634473749,166,75774.0,0.04450468235115689,166,75774.0,3.2799999999999727
10835.0,166,6257.0,28.701834862385322,1.3706947623660921,166,75621.0,0.03699906479245072,166,75621.0,1.5299999999999727
10840.0,168,6151.0,28.21559633027523,1.335478446443092,168,74586.0,0.03540512287322464,168,74586.0,10.350000000000023
10845.0,165,6044.0,27.852534562211982,1.3360527044315265,165,73566.0,0.04193243630834319,165,73566.0,10.200000000000045
10850.0,162,5942.0,27.382488479262673,1.3686668220949563,162,74223.0,0.04146819043857543,162,74223.0,-6.57000000000005
10855.0,163,6067.0,27.703196347031962,1.4613233386140134,163,74823.0,0.044937459689883275,163,74823.0,-6.0
10860.0,166,6260.0,28.32579185520362,1.528091133005487,166,75460.0,0.04673522084384216,166,75460.0,-6.3700000000000045
10865.0,170,6332.0,28.394618834080717,1.4393185446104917,170,75626.0,0.036272817326294775,170,75626.0,-1.6599999999999682
10870.0,171,6257.0,28.05829596412556,1.5094774409802303,171,75208.0,0.03679682820857126,171,75208.0,4.17999999999995
10875.0,167,6172.0,28.054545454545455,1.5934345977910296,167,74774.0,0.046589262761311236,167,74774.0,4.340000000000032
10880.0,163,6065.0,27.94930875576037,1.6415894260889976,163,73714.0,0.046648665496130594,163,73714.0,10.600000000000023
10885.0,159,5960.0,27.465437788018434,1.776502603816598,159,72698.0,0.053521182929649094,159,72698.0,10.159999999999968
10890.0,159,5807.0,27.009302325581395,1.6222570418581266,159,72530.0,0.04985360467952846,159,72530.0,1.6800000000000637
10895.0,160,5572.0,25.677419354838708,1.6209813408462153,160,71476.0,0.04667142535893177,160,71476.0,10.539999999999964
10900.0,157,5417.0,25.195348837209302,1.8031879916212668,157,70443.0,0.05865731710876725,157,70443.0,10.330000000000041
10905.0,161,5565.0,25.64516129032258,1.639468763900502,161,70640.0,0.05006305108462639,161,70640.0,-1.9700000000000273
10910.0,161,5697.0,26.375,1.6268573253342342,161,70884.0,0.04446770879452128,161,70884.0,-2.4400000000000546
10915.0,159,5820.0,26.820276497695854,1.6604551638563192,159,71135.0,0.04641497024438095,159,71135.0,-2.509999999999991
10920.0,158,5772.0,26.477064220183486,1.7002390340527698,158,71796.0,0.04703939063939338,158,71796.0,-6.610000000000014
10925.0,154,5622.0,25.788990825688074,1.7386398609948785,154,72337.0,0.05226500632628135,154,72337.0,-5.409999999999968
10930.0,150,5629.0,25.94009216589862,1.935991215569952,150,72860.0,0.06090094148520476,150,72860.0,-5.230000000000018
10935.0,153,6087.0,28.311627906976746,1.9084105773229731,153,73348.0,0.05941877332039956,153,73348.0,-4.8799999999999955
10940.0,159,6529.0,30.509345794392523,1.5804697274444803,159,73492.0,0.04733621403607292,159,73492.0,-1.4399999999999409
10945.0,162,6953.0,32.49065420560748,1.3492658424810968,162,73110.0,0.03741767547510746,162,73110.0,3.8199999999999363
10950.0,160,7378.0,34.801886792452834,1.4260620758073972,160,72722.0,0.045612144961214865,160,72722.0,3.8799999999999955
10955.0,158,7486.0,35.14553990610329,1.4183461849219605,158,72767.0,0.04103285938184156,158,72767.0,-0.4499999999999318
10960.0,162,7506.0,34.91162790697675,1.4167574370903082,162,72823.0,0.036830944385020555,162,72823.0,-0.5600000000000591
10965.0,163,7583.0,34.62557077625571,1.590953513160239,163,72238.0,0.04621025211864945,163,72238.0,5.850000000000023
10970.0,164,7491.0,34.205479452054796,1.4498339708600634,164,72071.0,0.0405809354266504,164,72071.0,1.669999999999959
10975.0,167,7285.0,33.11363636363637,1.3987048691114896,167,71031.0,0.039426087178791515,167,71031.0,10.400000000000091
10980.0,168,7092.0,32.09049773755656,1.5333093061186631,168,70031.0,0.04455601533477191,168,70031.0,10.0
10985.0,165,6889.0,31.45662100456621,1.4893536264652913,165,68163.0,0.043228815235816974,165,68163.0,18.67999999999995
10990.0,163,6673.0,30.331818181818182,1.6817158643546712,163,66288.0,0.05207971323683456,163,66288.0,18.75
10995.0,157,6270.0,28.761467889908257,1.581167919542927,157,66941.0,0.052444694012473876,157,66941.0,-6.529999999999973
11000.0,153,5734.0,26.669767441860465,1.6072516668076453,153,67477.0,0.056796570079288365,153,67477.0,-5.360000000000014
11005.0,150,5314.0,24.60185185185185,1.8151548214244002,150,67992.0,0.06512466813613657,150,67992.0,-5.149999999999977
11010.0,154,5129.0,23.527522935779817,1.9918252136242813,154,68549.0,0.06250176243546585,154,68549.0,-5.57000000000005
11015.0,157,4842.0,22.211009174311926,1.851388640446959,157,68598.0,0.05425147516909292,157,68598.0,-0.4900000000000091
11020.0,160,4622.0,21.39814814814815,1.7035040040643477,160,67988.0,0.04954904110959686,160,67988.0,6.100000000000023
11025.0,162,4869.0,22.334862385321102,1.7832444804886722,162,67391.0,0.05091867555702891,162,67391.0,5.970000000000027
11030.0,162,5084.0,23.21461187214612,1.8123996866502925,162,68090.0,0.046087103452967876,162,68090.0,-6.990000000000009
11035.0,160,5344.0,24.513761467889907,1.7989165952303512,160,68789.0,0.046316890654266044,160,68789.0,-6.990000000000009
11040.0,166,5919.0,27.40277777777778,1.700003961063471,166,69470.0,0.04674447956031405,166,69470.0,-6.810000000000059
11045.0,172,6534.0,29.972477064220183,1.5910561314909988,172,70195.0,0.04365447753969283,172,70195.0,-7.25
11050.0,174,6885.0,31.58256880733945,1.3836081209553788,174,70382.0,0.03229790561759237,174,70382.0,-1.8700000000000045
11055.0,173,7049.0,32.483870967741936,1.3260567117362498,173,70209.0,0.034248081262050464,173,70209.0,1.7300000000000182
11060.0,170,7198.0,33.1705069124424,1.5087657177570575,170,70028.0,0.04021848265298185,170,70028.0,1.8100000000000591
11065.0,167,7291.0,33.754629629629626,1.4749186105185803,167,70809.0,0.036289875991120935,167,70809.0,-7.810000000000059
11070.0,167,7393.0,34.546728971962615,1.4158406251609292,167,71554.0,0.03792891720114208,167,71554.0,-7.449999999999932
11075.0,168,7524.0,34.833333333333336,1.5154965323445901,168,72312.0,0.04136851232729237,168,72312.0,-7.580000000000041
11080.0,171,7477.0,35.10328638497653,1.3396018244111436,170,72240.0,0.03144596405689068,170,72240.0,0.7200000000000273
11085.0,173,7436.0,34.586046511627906,1.3021867593946648,173,73094.0,0.02945673396676018,173,73094.0,-8.540000000000077
11090.0,174,7397.0,34.245370370370374,1.3193397815812073,174,72158.0,0.030804924550946935,174,72158.0,9.360000000000014
11095.0,170,7347.0,34.013888888888886,1.3483494152086803,170,70329.0,0.03535686051955432,170,70329.0,18.290000000000077
11100.0,168,7285.0,33.726851851851855,1.4446749172613533,168,69377.0,0.038456574556599295,168,69377.0,9.519999999999982
11105.0,164,7210.0,33.225806451612904,1.578120397889363,164,68423.0,0.04214484530543642,164,68423.0,9.539999999999964
11110.0,160,7114.0,33.08837209302325,1.6577025605995666,160,68315.0,0.04900989255249945,160,68315.0,1.080000000000041
11115.0,157,7017.0,33.09905660377358,1.520571103978129,157,69054.0,0.043926844809768606,157,69054.0,-7.389999999999986
11120.0,160,7351.0,34.838862559241704,1.5217662815083728,160,69762.0,0.04415763179576116,160,69762.0,-7.080000000000041
11125.0,165,7735.0,36.14485981308411,1.5943208467596206,165,70527.0,0.04299700145971389,165,70527.0,-7.649999999999977
11130.0,167,8082.0,38.12264150943396,1.4362779241449655,166,70453.0,0.034812221772085164,166,70453.0,0.7400000000000091
11135.0,163,8394.0,39.97142857142857,1.3439567607333764,163,71245.0,0.03615368211569125,163,71245.0,-7.920000000000073
11140.0,161,8740.0,41.61904761904762,1.4760027413179635,161,70304.0,0.04127325001024194,161,70304.0,9.410000000000082
11145.0,158,9145.0,43.34123222748815,1.532292221428049,158,71073.0,0.042199328197380516,158,71073.0,-7.690000000000055
11150.0,162,9848.0,46.89523809523809,1.5088161916543075,162,71843.0,0.04214722738031402,162,71843.0,-7.699999999999932
11155.0,166,10577.0,50.60765550239235,1.4200734599450484,166,72646.0,0.04270254830095525,166,72646.0,-8.030000000000086
11160.0,168,11041.0,52.82775119617225,1.2770038249711348,168,72866.0,0.029353546048327326,168,72866.0,-2.199999999999932
11165.0,168,11316.0,53.885714285714286,1.3790419331482011,168,72540.0,0.03291461668724773,168,72540.0,3.259999999999991
11170.0,169,11592.0,55.73076923076923,1.281777215789602,169,72259.0,0.036596445362846196,169,72259.0,2.8099999999999454
11175.0,165,11857.0,57.00480769230769,1.3833298571485244,165,71497.0,0.04234962790140376,165,71497.0,7.6200000000000045
11180.0,161,11997.0,57.67788461538461,1.3858650625628808,161,71436.0,0.04140734731568098,161,71436.0,0.6100000000000136
11185.0,159,12054.0,57.67464114832536,1.4969687838148746,159,70505.0,0.04635562902318421,159,70505.0,9.31000000000006
11190.0,158,12126.0,57.46919431279621,1.6583849474346206,158,69825.0,0.0492532203671374,158,69825.0,6.7999999999999545
11195.0,155,12230.0,57.96208530805687,1.821430132923408,155,68514.0,0.0555650197874396,155,68514.0,13.110000000000014
11200.0,155,12284.0,58.77511961722488,1.6684027638697358,155,69257.0,0.04885097829502019,155,69257.0,-7.430000000000064
11205.0,158,12405.0,59.354066985645936,1.6988835889825713,158,70011.0,0.05341873481916897,158,70011.0,-7.539999999999964
11210.0,160,12545.0,60.02392344497608,1.7312895664361498,160,70801.0,0.0508703142698606,160,70801.0,-7.899999999999977
11215.0,159,12645.0,60.50239234449761,1.7011251397561291,158,70904.0,0.04735380354878077,158,70904.0,-1.0299999999999727
11220.0,156,12696.0,61.63106796116505,1.6287932535553202,156,71694.0,0.04488152403516247,156,71694.0,-7.900000000000091
11225.0,152,12842.0,62.33980582524272,1.7238156861905978,152,71064.0,0.051762941652713904,152,71064.0,6.300000000000068
11230.0,154,12743.0,61.56038647342995,1.640833125699461,154,70958.0,0.04582717366012135,154,70958.0,1.0599999999999454
11235.0,155,12248.0,58.88461538461539,1.5992099077942135,155,69987.0,0.045728200888046085,155,69987.0,9.710000000000036
11240.0,152,11746.0,56.47115384615385,1.7244573259073848,152,69007.0,0.052570426145945884,152,69007.0,9.799999999999955
11245.0,149,11273.0,54.45893719806763,1.7959200011328798,149,67219.0,0.057174191431841895,149,67219.0,17.879999999999995
11250.0,152,10941.0,52.60096153846154,1.8816508298941121,152,65476.0,0.06340912600849569,152,65476.0,17.430000000000064
11255.0,156,10622.0,50.822966507177036,1.7085326677483939,156,63807.0,0.05458200352505907,156,63807.0,16.68999999999994
11260.0,155,10307.0,49.31578947368421,1.6931040789036302,154,62976.0,0.054921176778628976,154,62976.0,8.31000000000006
11265.0,151,9980.0,47.751196172248804,1.7639291275661098,151,61342.0,0.062199277373437646,151,61342.0,16.340000000000032
11270.0,149,9639.0,46.56521739130435,1.7259301340835023,149,60497.0,0.06392798973418508,149,60497.0,8.449999999999932
11275.0,148,9310.0,44.333333333333336,1.8073959245047955,148,59657.0,0.06453565645786667,148,59657.0,8.399999999999977
11280.0,144,8710.0,41.875,1.8468529050853968,144,59754.0,0.0676064872871927,144,59754.0,-0.9699999999999136
11285.0,145,7923.0,37.72857142857143,1.9557309121066715,144,59246.0,0.07122081694666847,144,59246.0,5.079999999999927
11290.0,146,7137.0,33.98571428571429,2.059396893030625,145,58738.0,0.07369825370186887,145,58738.0,5.080000000000041
11295.0,144,6569.0,31.28095238095238,2.063393875733796,142,57643.0,0.07881357781902505,142,57643.0,10.950000000000045
11300.0,147,6721.0,32.3125,1.9574247789302062,146,58357.0,0.0753631471300093,146,58357.0,-7.1400000000001
11305.0,154,6866.0,32.85167464114833,1.7599829310683137,153,59111.0,0.06277570706249243,153,59111.0,-7.539999999999964
11310.0,158,7039.0,33.67942583732057,1.6598048142923427,157,59875.0,0.05045280080436353,157,59875.0,-7.639999999999986
11315.0,158,6962.0,32.99526066350711,1.680176802608301,158,60561.0,0.044639429283806174,158,60561.0,-6.860000000000014
11320.0,159,6911.0,32.90952380952381,1.7469192245865157,159,61198.0,0.05062748333028472,159,61198.0,-6.3700000000000045
11325.0,160,7060.0,33.459715639810426,1.780617348889316,160,61855.0,0.05059026066599004,160,61855.0,-6.569999999999936
11330.0,161,7172.0,33.99052132701422,1.751002991218076,161,62026.0,0.04828418065141343,161,62026.0,-1.7100000000000364
11335.0,161,7229.0,34.423809523809524,1.6726801959723507,161,61713.0,0.041531731452932395,161,61713.0,3.1299999999999955
11340.0,159,7303.0,34.611374407582936,1.8615826000170197,159,61395.0,0.04993901899382746,159,61395.0,3.17999999999995
11345.0,157,7449.0,35.136792452830186,1.7958945093981,157,62115.0,0.04645826728011567,157,62115.0,-7.199999999999932
11350.0,159,7973.0,37.78672985781991,1.7385665406499715,159,62802.0,0.04666151842406944,159,62802.0,-6.8700000000000045
11355.0,166,8630.0,40.70754716981132,1.565166981632243,166,63542.0,0.04283248164360839,166,63542.0,-7.399999999999977
11360.0,169,9316.0,43.943396226415096,1.5349622917620318,169,64328.0,0.03965158848753964,169,64328.0,-7.860000000000014
11365.0,171,9956.0,46.306976744186045,1.4544414943478507,171,64626.0,0.03339363668214046,171,64626.0,-2.980000000000018
11370.0,170,10554.0,49.54929577464789,1.337715378146059,170,64380.0,0.03374022033856447,170,64380.0,2.4600000000000364
11375.0,167,11146.0,51.601851851851855,1.5535436545485393,167,64132.0,0.04127819526787346,167,64132.0,2.4799999999999045
11380.0,168,11733.0,54.31944444444444,1.6099577924360526,168,63362.0,0.04238929440921513,168,63362.0,7.7000000000000455
11385.0,166,12313.0,56.74193548387097,1.7587306413994734,166,62601.0,0.04907842419050678,166,62601.0,7.610000000000014
11390.0,162,12903.0,60.294392523364486,1.7718074410583722,162,61839.0,0.053382402825715575,162,61839.0,7.6200000000000045
11395.0,162,13546.0,63.5962441314554,1.6146737652266578,162,62637.0,0.04799539073795411,162,62637.0,-7.980000000000018
11400.0,168,14268.0,66.98591549295774,1.5232018292270926,168,63451.0,0.04380060154408344,168,63451.0,-8.139999999999986
11405.0,169,14803.0,69.17289719626169,1.5897367102253623,169,63406.0,0.0459155603218582,169,63406.0,0.4500000000000455
11410.0,165,14967.0,70.26760563380282,1.5683045788192629,165,63756.0,0.041324304680070555,165,63756.0,-3.5
11415.0,161,15079.0,70.79342723004694,1.6408489970433158,161,63642.0,0.04712611042773094,161,63642.0,1.1399999999999864
11420.0,158,15174.0,71.5754716981132,1.7872766921423033,158,63510.0,0.05584023924581184,158,63510.0,1.3199999999999363
11425.0,154,15078.0,71.8,1.7129570175656466,154,64219.0,0.05628826058252177,154,64219.0,-7.090000000000032
11430.0,151,15048.0,72.0,1.7389375879006317,151,64858.0,0.054885333398042524,151,64858.0,-6.389999999999986
11435.0,155,15212.0,73.13461538461539,1.7671667547498657,155,65534.0,0.05871794711389584,155,65534.0,-6.759999999999991
11440.0,161,14769.0,70.32857142857142,1.5062222321818597,161,65458.0,0.04206309081033901,161,65458.0,0.7599999999999909
11445.0,163,13924.0,66.622009569378,1.2176348134791903,163,65409.0,0.028677006942665558,163,65409.0,0.4900000000000091
11450.0,161,13075.0,62.26190476190476,1.3618218849220793,161,65357.0,0.03603936371558628,161,65357.0,0.5199999999999818
11455.0,157,12209.0,57.589622641509436,1.54788732575527,157,63582.0,0.04371805303014512,157,63582.0,17.75
11460.0,156,11195.0,52.806603773584904,1.4814377216512524,156,63479.0,0.043930943132362725,156,63479.0,1.0300000000000864
11465.0,151,10156.0,48.132701421800945,1.518406445258857,151,62500.0,0.04924455086177637,151,62500.0,9.789999999999964
11470.0,151,9193.0,43.56872037914692,1.6981988791314282,151,61528.0,0.055025231750573424,151,61528.0,9.720000000000027
11475.0,156,8665.0,40.87264150943396,1.6715013394826743,156,59942.0,0.05053303252150972,156,59942.0,15.860000000000014
11480.0,159,8160.0,38.490566037735846,1.7250137131918022,159,58406.0,0.058271341734281945,159,58406.0,15.360000000000014
11485.0,154,7644.0,35.88732394366197,1.8275036585216866,154,56893.0,0.05649711574177598,154,56893.0,15.129999999999995
11490.0,153,7115.0,33.720379146919434,1.7565761185849753,152,56144.0,0.05793188401438348,152,56144.0,7.489999999999895
11495.0,149,6569.0,31.13270142180095,1.8560502720126701,149,54630.0,0.06715016173075465,149,54630.0,15.1400000000001
11500.0,147,6004.0,28.187793427230048,1.941894440048585,147,53968.0,0.06894736780005108,147,53968.0,6.6200000000000045
11505.0,145,5509.0,25.742990654205606,1.9039745087846904,145,53958.0,0.06588036519819708,145,53958.0,0.09999999999990905
11510.0,145,5765.0,27.065727699530516,1.9751702952720283,145,53233.0,0.0726552709051583,145,53233.0,7.25
11515.0,146,6035.0,28.200934579439252,2.0424578948217817,146,52536.0,0.07402918544839478,146,52536.0,6.970000000000027
11520.0,151,6077.0,28.26511627906977,2.0315365091250563,149,53266.0,0.07060414284085069,149,53266.0,-7.2999999999999545
11525.0,151,6042.0,28.233644859813083,1.9861267391801654,151,53905.0,0.06159766569522883,151,53905.0,-6.389999999999986
11530.0,153,6395.0,30.16509433962264,1.8718051641270126,153,54663.0,0.06056294588743344,153,54663.0,-7.580000000000041
11535.0,155,6857.0,31.893023255813954,1.785510389306277,155,54714.0,0.05568587324095691,155,54714.0,-0.5099999999999909
11540.0,159,7327.0,33.9212962962963,1.7156515839494266,159,54152.0,0.045853718338733127,159,54152.0,5.6200000000000045
11545.0,165,7834.0,36.437209302325584,1.5147932773295816,165,54964.0,0.040462359638499944,165,54964.0,-8.120000000000005
11550.0,166,7982.0,36.9537037037037,1.5449102625626396,166,55216.0,0.03655979599069098,166,55216.0,-2.519999999999982
11555.0,165,7870.0,36.43518518518518,1.5002268377370778,165,55458.0,0.03863819781306227,165,55458.0,-2.4200000000000728
11560.0,161,7743.0,36.352112676056336,1.3959340139095333,161,55688.0,0.04087289898196237,161,55688.0,-2.2999999999999545
11565.0,160,7513.0,35.10747663551402,1.4001802538529,160,56352.0,0.03872276829165438,160,56352.0,-6.639999999999986
11570.0,157,7286.0,34.695238095238096,1.3365130501164424,157,56895.0,0.042919619114252565,157,56895.0,-5.430000000000064
11575.0,160,7205.0,33.985849056603776,1.3331698642815173,160,57453.0,0.045010397959262594,160,57453.0,-5.579999999999927
11580.0,160,6956.0,32.504672897196265,1.2634540633269837,160,57538.0,0.040721670831781985,160,57538.0,-0.8500000000000227
11585.0,163,6670.0,30.87962962962963,1.2711573086674035,163,56924.0,0.03810201395630317,163,56924.0,6.139999999999986
11590.0,165,6401.0,29.772093023255813,1.2015760592290055,165,56329.0,0.04083073059174452,165,56329.0,5.9500000000000455
11595.0,165,6142.0,28.304147465437786,1.3043881124504795,165,55257.0,0.04031663784288899,165,55257.0,10.719999999999914
11600.0,164,5909.0,27.105504587155963,1.5223731381628245,164,54239.0,0.053138097668650595,164,54239.0,10.180000000000064
11605.0,166,5641.0,25.64090909090909,1.3179814498146547,166,55060.0,0.03728851812059081,166,55060.0,-8.210000000000036
11610.0,172,5402.0,24.22421524663677,1.3604716428388435,172,55905.0,0.03912589258778598,172,55905.0,-8.449999999999932
11615.0,176,5324.0,23.662222222222223,1.3601693154651826,176,56640.0,0.03428654024095804,176,56640.0,-7.350000000000023
11620.0,176,5712.0,25.5,1.3956802599400149,176,57281.0,0.03770218944271163,176,57281.0,-6.409999999999968
11625.0,177,6177.0,27.331858407079647,1.5104940995199083,177,57952.0,0.047811592663894294,177,57952.0,-6.710000000000036
11630.0,175,6612.0,29.386666666666667,1.4675402609208958,175,58203.0,0.04304574687456222,175,58203.0,-2.509999999999991
11635.0,175,7110.0,32.027027027027025,1.4074909453954056,175,57934.0,0.041697860016057006,175,57934.0,2.689999999999941
11640.0,175,7673.0,34.71945701357466,1.4961954214299085,175,57780.0,0.045242441121520524,175,57780.0,1.5400000000000773
11645.0,173,8057.0,36.622727272727275,1.4076007075017396,173,58052.0,0.040107746216687244,173,58052.0,-2.7200000000000273
11650.0,173,8397.0,38.342465753424655,1.461469776189616,173,57737.0,0.04353604405752011,173,57737.0,3.1499999999999773
11655.0,174,8737.0,39.71363636363636,1.394044188832239,174,57426.0,0.04162119859259383,174,57426.0,3.1100000000000136
11660.0,173,9081.0,41.277272727272724,1.4755035397843508,173,56546.0,0.042837443854666195,173,56546.0,8.799999999999955
11665.0,171,9065.0,41.20454545454545,1.4258728081298122,171,56652.0,0.04176289361464252,171,56652.0,-1.0599999999999454
11670.0,167,8802.0,40.00909090909091,1.4903041507199626,167,55999.0,0.04587771816253876,167,55999.0,6.529999999999973
11675.0,166,8525.0,38.4009009009009,1.632048824250416,166,55336.0,0.04887458976417957,166,55336.0,6.6299999999999955
11680.0,161,8233.0,37.085585585585584,1.7618765065151918,161,54025.0,0.05217350784237523,161,54025.0,13.110000000000014
11685.0,159,7769.0,34.9954954954955,1.7440000265190305,159,54677.0,0.05238220543065049,159,54677.0,-6.519999999999982
11690.0,157,7232.0,32.723981900452486,1.743347666323602,157,55196.0,0.055557150931637836,157,55196.0,-5.190000000000055
11695.0,154,6725.0,30.707762557077626,1.83021475877402,154,55725.0,0.06282977952356131,154,55725.0,-5.289999999999964
11700.0,154,6298.0,28.75799086757991,1.8903555244375239,154,56184.0,0.061655674290629015,154,56184.0,-4.590000000000032
11705.0,157,6061.0,27.3018018018018,2.012530898334493,157,56705.0,0.06417622355171536,157,56705.0,-5.209999999999923
11710.0,159,5944.0,27.01818181818182,1.9369122135253556,159,57306.0,0.06518483671351756,159,57306.0,-6.009999999999991
11715.0,166,6179.0,27.959276018099548,1.716754442114288,166,58028.0,0.05590155743030658,166,58028.0,-7.220000000000027
11720.0,174,6451.0,29.190045248868778,1.4457702816289533,174,58802.0,0.041582387784418876,174,58802.0,-7.740000000000009
11725.0,177,6620.0,29.95475113122172,1.3029323344209047,177,59673.0,0.03489797257836594,177,59673.0,-8.710000000000036
11730.0,179,6842.0,30.81981981981982,1.2992659472299581,179,60555.0,0.029399847191573326,179,60555.0,-8.819999999999936
11735.0,187,7560.0,33.6,1.3024566253497518,187,61478.0,0.027594581316761384,187,61478.0,-9.230000000000018
11740.0,194,8264.0,36.56637168141593,1.0854932875706302,193,62403.0,0.018435464537876204,193,62403.0,-9.25
11745.0,193,9004.0,40.01777777777778,1.079640963803321,193,63325.0,0.02090125517804712,193,63325.0,-9.220000000000027
11750.0,195,9773.0,43.82511210762332,1.0337554242386047,195,64279.0,0.022400727401912242,195,64279.0,-9.539999999999964
11755.0,197,10552.0,46.897777777777776,0.9567520867194513,197,65255.0,0.015671969502848635,197,65255.0,-9.759999999999991
11760.0,202,11347.0,50.20796460176991,0.9218462471301997,202,66250.0,0.012495426732493677,202,66250.0,-9.950000000000045
11765.0,197,11952.0,53.357142857142854,0.9555137689525964,197,66517.0,0.015078775302069398,197,66517.0,-2.669999999999959
11770.0,194,12168.0,55.05882352941177,0.9249803165523709,194,66853.0,0.015026051387920491,194,66853.0,-3.3600000000000136
11775.0,189,12113.0,54.80995475113122,1.0021310057677715,189,66621.0,0.02219713477715434,189,66621.0,2.3199999999999363
11780.0,185,12036.0,54.95890410958904,1.0935797947291759,185,66370.0,0.02780143022700197,185,66370.0,2.509999999999991
11785.0,180,11960.0,54.862385321100916,1.206334414435219,180,65895.0,0.032552838324867626,180,65895.0,4.75
11790.0,179,11847.0,54.34403669724771,1.2780133875980204,179,66787.0,0.03332290578657069,179,66787.0,-8.919999999999959
11795.0,175,11893.0,54.555045871559635,1.2988753123483836,175,67633.0,0.031940572409114285,175,67633.0,-8.460000000000036
11800.0,175,11958.0,55.61860465116279,1.2529489742955966,175,68453.0,0.032866345387029726,175,68453.0,-8.199999999999932
11805.0,175,11603.0,54.2196261682243,1.233989025120653,175,68606.0,0.0354148597882344,175,68606.0,-1.5299999999999727
11810.0,171,10955.0,51.674528301886795,1.2466539289826726,171,68027.0,0.036280976982948444,171,68027.0,5.789999999999964
11815.0,166,10285.0,48.286384976525824,1.4346596814873733,166,67430.0,0.04208191225006937,166,67430.0,5.970000000000027
11820.0,162,9594.0,45.25471698113208,1.5735156106335701,162,66136.0,0.04697920987655939,162,66136.0,12.93999999999994
11825.0,157,8879.0,41.882075471698116,1.7488379015171343,157,64844.0,0.056363448195631896,157,64844.0,12.919999999999959
11830.0,158,8141.0,38.766666666666666,1.578651464993541,158,65624.0,0.05339948246820667,158,65624.0,-7.7999999999999545
11835.0,161,7562.0,36.00952380952381,1.5738952246472617,161,66423.0,0.04955177985853183,161,66423.0,-7.990000000000009
11840.0,166,7473.0,35.58571428571429,1.5342862938462418,166,66799.0,0.04595016835478997,166,66799.0,-3.759999999999991
11845.0,167,7348.0,34.99047619047619,1.3748854356930644,167,67188.0,0.03909324115716486,167,67188.0,-3.8899999999999864
11850.0,165,7084.0,33.733333333333334,1.3943481772491817,165,67950.0,0.040985216982510064,165,67950.0,-7.6200000000000045
11855.0,161,6811.0,32.588516746411486,1.2451149643464858,161,68714.0,0.04050918149903194,161,68714.0,-7.639999999999986
11860.0,162,6662.0,31.875598086124402,1.3834463427610775,162,69431.0,0.04920474308181746,162,69431.0,-7.169999999999959
11865.0,166,6506.0,30.68867924528302,1.300838637923537,166,69795.0,0.04291601058829898,166,69795.0,-3.6400000000001
11870.0,165,6493.0,30.62735849056604,1.4068345421424082,165,69718.0,0.04337174475332692,165,69718.0,0.7700000000000955
11875.0,165,6988.0,32.654205607476634,1.5153011353076098,165,69647.0,0.04714736506583183,165,69647.0,0.7099999999999227
11880.0,167,7487.0,34.82325581395349,1.5319300814257115,167,69150.0,0.04300007049506807,167,69150.0,4.970000000000027
11885.0,165,7986.0,37.3177570093458,1.6631769549350839,165,68672.0,0.052848536636321115,165,68672.0,4.779999999999973
11890.0,164,8418.0,39.521126760563384,1.5231184029367468,162,69424.0,0.04425517294711835,162,69424.0,-7.519999999999982
11895.0,165,8888.0,41.924528301886795,1.4022129810011146,164,70240.0,0.04011855592303779,164,70240.0,-8.159999999999968
11900.0,165,9553.0,45.06132075471698,1.3832433470556427,165,71065.0,0.0403665523634788,165,71065.0,-8.25
11905.0,164,9824.0,46.12206572769953,1.3457191037694143,164,71018.0,0.03600152228060886,164,71018.0,0.4700000000000273
11910.0,169,9894.0,46.23364485981308,1.3818901862707058,169,70138.0,0.043197781610220275,169,70138.0,8.799999999999955
11915.0,171,9989.0,46.03225806451613,1.3466394401259978,171,70162.0,0.04339106019192007,171,70162.0,-0.2400000000000091
11920.0,166,10024.0,46.62325581395349,1.384893154159319,166,70929.0,0.04193714584002843,166,70929.0,-7.669999999999959
11925.0,161,9999.0,46.50697674418605,1.5027650720910775,161,71624.0,0.049117766967550436,161,71624.0,-6.9500000000000455
11930.0,160,10031.0,47.093896713615024,1.6281371977356327,160,72324.0,0.055530646601700595,160,72324.0,-7.0
11935.0,165,9854.0,46.4811320754717,1.3787849650863526,165,72432.0,0.042646897312026325,165,72432.0,-1.080000000000041
11940.0,170,9493.0,44.568075117370896,1.2693620333309974,170,71862.0,0.036051140076652576,170,71862.0,5.7000000000000455
11945.0,168,9137.0,42.89671361502347,1.35032751966561,168,71300.0,0.0400294288140083,168,71300.0,5.6200000000000045
11950.0,166,8770.0,41.367924528301884,1.4061021105126623,166,70302.0,0.041657481524277166,166,70302.0,9.980000000000018
11955.0,162,8387.0,39.191588785046726,1.626081198664566,162,69306.0,0.04978200195316228,162,69306.0,9.960000000000036
11960.0,160,7990.0,37.33644859813084,1.7115667485275663,160,68395.0,0.055496452471666444,160,68395.0,9.1099999999999
11965.0,155,7443.0,34.7803738317757,1.5627383115912084,155,68316.0,0.046997174169956836,155,68316.0,0.7900000000000773
11970.0,153,6930.0,32.38317757009346,1.7364828587536922,153,67364.0,0.05733819976655694,153,67364.0,9.519999999999982
11975.0,156,6962.0,32.23148148148148,1.8286587486604364,156,66462.0,0.05884335654721449,156,66462.0,9.019999999999982
11980.0,159,7003.0,32.27188940092166,1.8986472404729677,159,64854.0,0.059438152477461356,159,64854.0,16.08000000000004
11985.0,156,6768.0,31.333333333333332,1.879460452588211,156,65121.0,0.05824233981298209,156,65121.0,-2.6700000000000728
11990.0,154,6342.0,29.49767441860465,1.983738721282637,154,64855.0,0.062461853401737155,154,64855.0,2.660000000000082
11995.0,149,5942.0,27.896713615023476,2.0794751854577753,149,64571.0,0.06849353672032187,149,64571.0,2.839999999999918
12000.0,146,5452.0,25.71698113207547,2.1448542575659952,146,65203.0,0.06634317008717328,146,65203.0,-6.319999999999936
12005.0,147,5176.0,24.300469483568076,2.0991196798035157,147,65844.0,0.06153007532122084,147,65844.0,-6.410000000000082
12010.0,148,5066.0,23.672897196261683,2.089394541108747,148,66408.0,0.06302512996415992,148,66408.0,-5.639999999999986
12015.0,152,5074.0,23.6,1.8327828670948647,152,66627.0,0.05204386184447832,152,66627.0,-2.189999999999941
12020.0,154,5076.0,23.609302325581396,1.9035970342299728,154,66339.0,0.05443536895465878,154,66339.0,2.8799999999999955
12025.0,152,5079.0,23.95754716981132,1.7899079114454959,152,66259.0,0.05722458627288162,152,66259.0,0.7999999999999545
12030.0,153,5073.0,24.272727272727273,1.6717168131604387,152,66926.0,0.054584883793449716,152,66926.0,-6.669999999999959
12035.0,154,5209.0,24.687203791469194,1.5799870552108368,154,67699.0,0.046933701006234965,154,67699.0,-7.730000000000018
12040.0,158,5377.0,25.24413145539906,1.523531721706053,158,68310.0,0.0468831046762655,158,68310.0,-6.110000000000014
12045.0,161,5494.0,25.91509433962264,1.3017381204373866,161,68252.0,0.04221860914191449,161,68252.0,0.5800000000000409
12050.0,163,5640.0,26.47887323943662,1.2606098942464978,163,68210.0,0.03820587271694431,163,68210.0,0.4199999999999591
12055.0,169,6103.0,28.25462962962963,1.230518569603437,169,67352.0,0.035426477941406805,169,67352.0,8.580000000000041
12060.0,174,6538.0,29.85388127853881,1.1859627350671802,174,68119.0,0.033661140116290296,174,68119.0,-7.670000000000073
12065.0,173,6944.0,31.27927927927928,1.2391138954491143,173,68825.0,0.034940651011911635,173,68825.0,-7.059999999999945
12070.0,170,7358.0,33.445454545454545,1.3337709722273576,170,69558.0,0.04329424223885721,170,69558.0,-7.330000000000041
12075.0,171,7513.0,34.15,1.2666340792977857,171,69794.0,0.035492010323525884,171,69794.0,-2.3600000000000136
12080.0,172,7487.0,34.03181818181818,1.320862895470906,172,69415.0,0.03405385862609191,172,69415.0,3.7900000000000773
12085.0,173,7507.0,34.278538812785385,1.3006104984041025,173,69044.0,0.037647078697956915,173,69044.0,3.7099999999999227
12090.0,174,7530.0,34.38356164383562,1.3469945694597216,174,68088.0,0.038187835104340206,174,68088.0,9.56000000000006
12095.0,170,7540.0,34.42922374429224,1.4119782532725829,170,67168.0,0.04357528496591235,170,67168.0,9.200000000000045
12100.0,167,7417.0,33.71363636363636,1.4281608738484237,167,67135.0,0.04288517679402951,167,67135.0,0.32999999999992724
12105.0,163,7222.0,32.678733031674206,1.564451408524195,163,66223.0,0.04371752779349176,163,66223.0,9.120000000000005
12110.0,160,7097.0,32.555045871559635,1.7167541096820522,160,65393.0,0.05427785115422025,160,65393.0,8.300000000000068
12115.0,161,7153.0,32.662100456621005,1.7982830860161831,161,63762.0,0.051377649208519414,161,63762.0,16.309999999999945
12120.0,162,6943.0,31.55909090909091,1.8389409500219218,162,64080.0,0.05284383276428714,162,64080.0,-3.17999999999995
12125.0,159,6547.0,29.759090909090908,1.823204529953737,159,63914.0,0.05364921684647058,159,63914.0,1.6599999999999682
12130.0,156,6174.0,28.451612903225808,1.954943570202311,156,63742.0,0.0626202974674888,156,63742.0,1.7200000000000273
12135.0,152,5733.0,26.419354838709676,1.972148464883112,152,63895.0,0.05707800610342315,152,63895.0,-1.5300000000000864
12140.0,148,5330.0,24.790697674418606,2.0675521781954034,148,63432.0,0.06212522286730522,148,63432.0,4.6299999999999955
12145.0,149,5252.0,24.427906976744186,2.075100842938066,149,62973.0,0.06595161090139773,149,62973.0,4.590000000000032
12150.0,150,4952.0,22.925925925925927,1.939505762444306,150,63595.0,0.056006743839781645,150,63595.0,-6.220000000000027
12155.0,149,4503.0,20.84722222222222,1.9046499288632472,149,64119.0,0.055341014452276745,149,64119.0,-5.240000000000009
12160.0,146,4114.0,19.314553990610328,1.9339598301097434,146,64649.0,0.06275031244119948,146,64649.0,-5.2999999999999545
12165.0,144,3968.0,18.71698113207547,1.953962097925233,144,65111.0,0.06612139021518516,144,65111.0,-4.6200000000000045
12170.0,152,4088.0,19.1924882629108,1.931992265279376,152,65645.0,0.06635952421412797,152,65645.0,-5.340000000000032
12175.0,158,4241.0,19.543778801843317,1.7720457297603462,158,66286.0,0.0564663987658373,158,66286.0,-6.409999999999968
12180.0,161,4421.0,20.46759259259259,1.6101730295256635,161,67039.0,0.0478694665451965,161,67039.0,-7.529999999999973
12185.0,167,4733.0,21.912037037037038,1.4018254644113926,167,67841.0,0.03963437086981043,167,67841.0,-8.019999999999982
12190.0,173,5419.0,25.087962962962962,1.2560891564967593,173,68681.0,0.033533183600261245,173,68681.0,-8.399999999999977
12195.0,176,5995.0,27.25,1.2122135973547856,176,69002.0,0.02928304721511519,176,69002.0,-3.2100000000000364
12200.0,176,6505.0,29.568181818181817,1.169381364107677,176,68815.0,0.032031288448514786,176,68815.0,1.8700000000000045
12205.0,180,7096.0,31.820627802690584,1.3266023072114286,179,68637.0,0.03599657616384145,179,68637.0,1.7799999999999727
12210.0,182,7688.0,34.630630630630634,1.1695792825057367,181,69488.0,0.027153498926524376,181,69488.0,-8.509999999999991
12215.0,186,8301.0,37.391891891891895,1.1087798970723328,186,70364.0,0.027149286017168442,186,70364.0,-8.759999999999991
12220.0,185,8915.0,40.15765765765766,1.2009015319739378,185,71238.0,0.026223145154195743,185,71238.0,-8.740000000000009
12225.0,185,9321.0,42.1764705882353,1.2723698086551931,185,71449.0,0.02551587831678889,185,71449.0,-2.1100000000000136
12230.0,180,9556.0,43.63470319634703,1.3366165694625862,180,70971.0,0.032455875149269946,180,70971.0,4.779999999999973
12235.0,176,9769.0,44.81192660550459,1.3595036621101142,176,70474.0,0.03444042396094408,176,70474.0,4.970000000000027
12240.0,172,9962.0,45.69724770642202,1.5272361169058248,172,69319.0,0.03851140358320193,172,69319.0,11.549999999999955
12245.0,167,10132.0,46.69124423963134,1.6882397025301488,167,68191.0,0.049832430980878244,167,68191.0,11.280000000000086
12250.0,163,10278.0,47.583333333333336,1.7652607618094618,163,67060.0,0.052927489118251785,163,67060.0,11.309999999999945
12255.0,158,10405.0,48.62149532710281,1.7857750812824016,158,66640.0,0.05841797401260224,158,66640.0,4.2000000000000455
12260.0,156,10593.0,49.732394366197184,1.8634151533386192,156,65831.0,0.05909022952026402,156,65831.0,8.090000000000032
12265.0,156,10993.0,52.09952606635071,1.7732207592874571,156,65649.0,0.059470688717865844,156,65649.0,1.8199999999999363
12270.0,154,10937.0,51.589622641509436,1.735399205508332,154,65476.0,0.056897305103000055,154,65476.0,1.7300000000000182
12275.0,151,10568.0,50.08530805687204,1.6860801952011573,151,64415.0,0.06085319885380324,151,64415.0,10.610000000000014
12280.0,150,10192.0,48.53333333333333,1.8306938235180914,148,63339.0,0.06887444060440201,148,63339.0,10.759999999999991
12285.0,144,9618.0,45.58293838862559,1.7870727602614622,144,63955.0,0.06281477920572832,144,63955.0,-6.159999999999968
12290.0,144,9165.0,43.43601895734597,2.016331154150832,143,64509.0,0.0744726886629004,143,64509.0,-5.540000000000077
12295.0,145,9118.0,42.8075117370892,2.210870145751739,145,65073.0,0.07619909596752164,145,65073.0,-5.639999999999986
12300.0,151,9108.0,42.5607476635514,2.2067804656489836,151,65693.0,0.062258323424835935,151,65693.0,-6.199999999999932
12305.0,154,9023.0,42.36150234741784,1.930261072090451,154,65896.0,0.04511548126176472,154,65896.0,-2.0300000000000864
12310.0,155,8880.0,42.08530805687204,1.8381345610641355,155,65629.0,0.04207205178801088,155,65629.0,2.6700000000000728
12315.0,155,8740.0,41.81818181818182,1.909896938476998,155,65364.0,0.04665996254636405,155,65364.0,2.6499999999999773
12320.0,155,8557.0,40.74761904761905,1.8302842004647952,155,66042.0,0.04257970878542645,155,66042.0,-6.779999999999973
12325.0,154,8407.0,39.843601895734594,1.9121301702695355,154,66711.0,0.04464029747879005,154,66711.0,-6.690000000000055
12330.0,156,8293.0,39.49047619047619,1.877827338433785,156,67406.0,0.046688663510690676,156,67406.0,-6.949999999999932
12335.0,156,8223.0,38.97156398104266,1.8578281365058351,155,67218.0,0.04370042470451158,155,67218.0,1.8799999999999955
12340.0,161,8591.0,40.90952380952381,1.638339607402215,161,67933.0,0.035733233726970376,161,67933.0,-7.150000000000091
12345.0,161,8967.0,42.29716981132076,1.6666263166406075,161,66893.0,0.04177417195893381,161,66893.0,10.400000000000091
12350.0,160,9251.0,43.431924882629104,1.6340634915154504,160,67253.0,0.03966326443201675,160,67253.0,-3.6000000000000227
12355.0,159,9504.0,45.04265402843602,1.4889031447851164,159,67613.0,0.037148611194579836,159,67613.0,-3.6000000000000227
12360.0,156,9811.0,47.39613526570049,1.3915363550537179,156,67586.0,0.03939463409141466,156,67586.0,0.2699999999999818
12365.0,155,9700.0,47.0873786407767,1.3104089952702722,155,67629.0,0.04134223027690969,155,67629.0,-0.42999999999995
12370.0,157,9293.0,44.893719806763286,1.3322201829728724,156,67007.0,0.038590653976742495,156,67007.0,6.219999999999914
12375.0,156,8887.0,42.932367149758456,1.2657584552825472,156,67731.0,0.03737092120760832,156,67731.0,-7.239999999999895
12380.0,154,8389.0,41.32512315270936,1.127252636518907,154,68404.0,0.03825346244700408,154,68404.0,-6.730000000000018
12385.0,156,7948.0,38.770731707317076,1.0692367821268707,155,69085.0,0.03692379906711114,155,69085.0,-6.810000000000059
12390.0,153,7520.0,36.50485436893204,1.1750142473499428,153,69776.0,0.03882773189115676,153,69776.0,-6.909999999999968
12395.0,154,7100.0,34.13461538461539,1.3291495918789369,154,70459.0,0.0475258606439945,154,70459.0,-6.830000000000041
12400.0,157,6761.0,32.34928229665072,1.3545406622549165,157,71176.0,0.0398211969922907,157,71176.0,-7.169999999999959
12405.0,164,6626.0,31.552380952380954,1.1607429391659303,164,71916.0,0.03510096355075017,164,71916.0,-7.399999999999977
12410.0,167,6495.0,31.22596153846154,0.9477651916749456,167,71985.0,0.028414130519419493,167,71985.0,-0.6900000000000546
12415.0,165,6362.0,30.295238095238094,1.1341938245689873,165,71363.0,0.03480699723872754,165,71363.0,6.220000000000027
12420.0,167,6264.0,29.687203791469194,1.234243217827781,167,70751.0,0.03746911567304893,167,70751.0,6.1200000000000045
12425.0,168,5991.0,28.25943396226415,1.1525069026451054,168,71092.0,0.032491789505129404,168,71092.0,-3.409999999999968
12430.0,166,5770.0,27.089201877934272,1.2471572760912908,166,71003.0,0.0342744781477647,166,71003.0,0.8899999999999864
12435.0,168,6154.0,28.892018779342724,1.291042626077273,168,70926.0,0.03943753390558643,168,70926.0,0.7699999999999818
12440.0,168,6481.0,30.285046728971963,1.2965419155003215,168,71675.0,0.03572036595571786,168,71675.0,-7.490000000000009
12445.0,171,6878.0,32.14018691588785,1.3465394067370364,171,72435.0,0.03803171474822902,171,72435.0,-7.600000000000023
12450.0,171,7283.0,34.032710280373834,1.4285434857272092,171,73226.0,0.03897299456945675,171,73226.0,-7.909999999999968
12455.0,169,7365.0,34.57746478873239,1.3874958935620905,168,73134.0,0.03639980563384173,168,73134.0,0.9199999999999591
12460.0,165,7212.0,34.0188679245283,1.3998765319739044,165,73907.0,0.03657262862153648,165,73907.0,-7.730000000000018
12465.0,161,7036.0,33.50476190476191,1.432915376195709,161,72913.0,0.04275197127302549,161,72913.0,9.940000000000055
12470.0,156,6836.0,32.55238095238095,1.536897008939387,156,71037.0,0.0473737145638306,156,71037.0,18.75999999999999
12475.0,153,6647.0,31.803827751196174,1.6581401046450983,153,70034.0,0.05478630089989561,153,70034.0,10.029999999999973
12480.0,153,6407.0,30.802884615384617,1.5644341179580339,153,70041.0,0.05067548802637326,153,70041.0,-0.06999999999993634
12485.0,154,6060.0,28.995215311004785,1.607417941958015,154,69333.0,0.054357626385612284,154,69333.0,7.079999999999927
12490.0,151,5768.0,27.864734299516908,1.6405059151664092,151,68663.0,0.055923595981358244,151,68663.0,6.7000000000000455
12495.0,154,5717.0,27.223809523809525,1.745438675128984,154,67296.0,0.056545123603816715,154,67296.0,13.669999999999959
12500.0,155,5678.0,27.298076923076923,1.7860634975810759,155,65957.0,0.062008043435277056,155,65957.0,13.389999999999986
12505.0,151,5627.0,26.923444976076556,1.8468847027041209,151,64633.0,0.06038693571655825,151,64633.0,13.240000000000009
12510.0,151,5448.0,26.066985645933013,1.7551940817526779,150,65379.0,0.05667670896835668,150,65379.0,-7.459999999999923
12515.0,153,5352.0,25.364928909952607,1.8108796207549316,153,66136.0,0.05739097404032417,153,66136.0,-7.57000000000005
12520.0,152,5385.0,25.76555023923445,1.7660487993538776,152,66832.0,0.054157440085862624,152,66832.0,-6.960000000000036
12525.0,153,5828.0,27.885167464114833,1.6838617256934734,153,67555.0,0.05316866235507831,153,67555.0,-7.2299999999999045
12530.0,156,6321.0,30.24401913875598,1.6854511227383353,156,68240.0,0.05205823402955822,156,68240.0,-6.850000000000023
12535.0,162,6773.0,32.87864077669903,1.4121312317680792,162,68283.0,0.046396362990975416,162,68283.0,-0.43000000000006366
12540.0,162,7195.0,34.75845410628019,1.461264492212627,162,67633.0,0.0505868019294026,162,67633.0,6.5
12545.0,160,7680.0,36.74641148325359,1.636214602905183,160,67087.0,0.05607356844592966,160,67087.0,5.460000000000036
12550.0,163,8367.0,40.03349282296651,1.6142469530588381,163,66096.0,0.05552113680799908,163,66096.0,9.909999999999968
12555.0,165,8720.0,41.132075471698116,1.483932542383271,165,66324.0,0.04611966825121824,165,66324.0,-2.2799999999999727
12560.0,167,8858.0,41.586854460093896,1.4582424937480758,167,66116.0,0.042543060311422444,167,66116.0,2.080000000000041
12565.0,164,8990.0,42.405660377358494,1.5700856472534652,164,66009.0,0.048502314554394736,164,66009.0,1.0699999999999363
12570.0,161,9107.0,42.95754716981132,1.6849901835932906,161,65480.0,0.05037729183107679,161,65480.0,5.290000000000077
12575.0,159,9209.0,43.032710280373834,1.8320243215689693,159,64942.0,0.05662924602442881,159,64942.0,5.3799999999999955
12580.0,155,9298.0,43.85849056603774,1.8856656399446186,155,64386.0,0.06428954843567695,155,64386.0,5.559999999999945
12585.0,153,9371.0,43.99530516431925,1.9084599285212163,153,64247.0,0.06545296632565396,153,64247.0,1.3899999999999864
12590.0,152,9302.0,43.87735849056604,1.865784596291922,152,64872.0,0.0641170844095783,152,64872.0,-6.25
12595.0,150,9169.0,43.04694835680751,1.8915642980664946,150,65416.0,0.06590560549573359,150,65416.0,-5.439999999999941
12600.0,148,9223.0,43.30046948356807,2.082952154612649,148,65987.0,0.07523204765287833,148,65987.0,-5.710000000000036
12605.0,154,9254.0,43.04186046511628,2.0252926517822614,154,66067.0,0.06745118618887115,154,66067.0,-0.7999999999999545
12610.0,159,9209.0,43.23474178403756,1.819110948294224,159,66783.0,0.05277045595434692,159,66783.0,-7.160000000000082
12615.0,157,9169.0,43.04694835680751,1.7837073757541753,157,66223.0,0.05334536503048395,157,66223.0,5.600000000000023
12620.0,155,9267.0,43.30373831775701,1.9637323167349943,155,65106.0,0.06100157551581121,155,65106.0,11.170000000000073
12625.0,157,9792.0,45.757009345794394,1.8777935120364466,157,64652.0,0.05672042730287616,157,64652.0,4.539999999999964
12630.0,161,10256.0,47.70232558139535,1.7177960230618985,161,65274.0,0.050067430813375835,161,65274.0,-6.220000000000027
12635.0,162,10681.0,49.22119815668203,1.540401850052806,162,65837.0,0.03793363713623162,162,65837.0,-5.6299999999999955
12640.0,162,11176.0,51.74074074074074,1.553164540415678,162,66492.0,0.042561147888155196,162,66492.0,-6.5499999999999545
12645.0,164,11735.0,54.3287037037037,1.5019038615058746,164,67164.0,0.0407529140365311,164,67164.0,-6.720000000000027
12650.0,167,12299.0,56.93981481481482,1.4807522057307259,166,67809.0,0.04238656406013717,166,67809.0,-6.4500000000000455
12655.0,165,12790.0,58.94009216589862,1.4594794674038478,165,67947.0,0.037457396872650685,165,67947.0,-1.3799999999999955
12660.0,165,13224.0,62.08450704225352,1.4108448665419655,165,67497.0,0.0392481086856642,165,67497.0,4.5
12665.0,163,13693.0,63.98598130841121,1.5441273632414065,163,67051.0,0.046516048086418786,163,67051.0,4.460000000000036
12670.0,161,14226.0,66.78873239436619,1.6677808658902076,161,66035.0,0.04823362450942408,161,66035.0,10.159999999999968
12675.0,162,14320.0,66.6046511627907,1.7117683005002977,162,65854.0,0.049651314414510296,162,65854.0,1.8100000000000591
12680.0,164,14037.0,65.28837209302326,1.6771925838257888,164,64784.0,0.04455003902718172,164,64784.0,10.699999999999932
12685.0,167,13765.0,63.726851851851855,1.5868032534319196,167,63752.0,0.04524511858005784,167,63752.0,10.32000000000005
12690.0,168,13502.0,62.22119815668203,1.6951512601179684,168,61857.0,0.047846763291387026,168,61857.0,18.949999999999932
12695.0,163,13225.0,60.6651376146789,1.7712262256021047,163,59954.0,0.0509697104789824,163,59954.0,19.030000000000086
12700.0,162,12604.0,58.08294930875576,1.7084754343836936,162,60742.0,0.05182244804521838,162,60742.0,-7.8799999999999955
12705.0,166,11768.0,53.7351598173516,1.6571836777977567,166,61532.0,0.04430931167280921,166,61532.0,-7.900000000000091
12710.0,165,10931.0,50.84186046511628,1.604197333381717,165,61837.0,0.04938721440767395,165,61837.0,-3.0499999999999545
12715.0,159,9871.0,45.91162790697675,1.6365278314623823,159,62559.0,0.047704524854745925,159,62559.0,-7.220000000000027
12720.0,155,8729.0,41.174528301886795,1.7193468458126429,155,63143.0,0.05915185181093021,155,63143.0,-5.839999999999918
12725.0,156,7784.0,36.89099526066351,1.6507402163799982,156,63760.0,0.05794928031314678,156,63760.0,-6.170000000000073
12730.0,160,6988.0,32.9622641509434,1.6963220892806392,160,64377.0,0.05257537425110195,160,64377.0,-6.169999999999959
12735.0,162,6227.0,29.37264150943396,1.6496142469695785,162,65074.0,0.05300992423772598,162,65074.0,-6.970000000000027
12740.0,165,5698.0,26.87735849056604,1.514875584006469,165,65839.0,0.04842473409253931,165,65839.0,-7.649999999999977
12745.0,170,5926.0,27.821596244131456,1.3040887378097572,170,66643.0,0.039309353602172956,170,66643.0,-8.039999999999964
12750.0,179,6197.0,28.689814814814813,1.1912217069810789,179,67476.0,0.02982291458382279,179,67476.0,-8.330000000000041
12755.0,186,6553.0,30.059633027522935,1.1092433809608868,185,68331.0,0.022455835220502554,185,68331.0,-8.549999999999955
12760.0,184,6727.0,31.0,1.0764346945049847,184,68527.0,0.01951288920317263,184,68527.0,-1.9600000000000364
12765.0,181,6840.0,31.666666666666668,1.131778979636228,181,68191.0,0.0295162423846901,181,68191.0,3.3600000000000136
12770.0,178,7248.0,33.24770642201835,1.3607077047105827,178,67822.0,0.03653560989556658,178,67822.0,3.689999999999941
12775.0,176,7647.0,34.917808219178085,1.362028885187646,176,68626.0,0.029247332086465173,176,68626.0,-8.039999999999964
12780.0,182,8108.0,37.02283105022831,1.2778247777626248,182,69456.0,0.023038394406728443,182,69456.0,-8.299999999999955
12785.0,186,8606.0,39.477064220183486,1.223485077081383,186,70306.0,0.02400917411948372,186,70306.0,-8.5
12790.0,183,8838.0,40.72811059907834,1.2337887693534397,183,70263.0,0.025227389033853343,183,70263.0,0.42999999999995
12795.0,179,8872.0,41.265116279069765,1.2217728336589142,179,69299.0,0.02818460647672783,179,69299.0,9.639999999999986
12800.0,175,8884.0,41.708920187793424,1.2215842521605846,175,69225.0,0.03414086738396394,175,69225.0,0.7400000000000091
12805.0,173,8868.0,41.63380281690141,1.2260819128873983,173,70044.0,0.0320499489238343,173,70044.0,-8.190000000000055
12810.0,173,8863.0,42.00473933649289,1.1758836683441325,173,70846.0,0.03434384516451284,173,70846.0,-8.019999999999982
12815.0,173,8858.0,41.981042654028435,1.2479188689429155,173,71664.0,0.03628468564670364,173,71664.0,-8.17999999999995
12820.0,170,8566.0,40.985645933014354,1.1595781132567573,170,71910.0,0.02990006898619371,170,71910.0,-2.4600000000000364
12825.0,167,8166.0,39.44927536231884,1.1743094929292708,167,71595.0,0.038276964128269975,167,71595.0,3.1499999999999773
12830.0,168,8043.0,38.85507246376812,1.1893969767256363,168,71275.0,0.03948308170892571,168,71275.0,3.2000000000000455
12835.0,168,7826.0,37.266666666666666,1.2227258640135736,168,71165.0,0.038347240741642925,168,71165.0,1.1000000000000227
12840.0,165,7533.0,35.70142180094787,1.3015303238411196,165,70147.0,0.03522650388591081,165,70147.0,10.17999999999995
12845.0,162,7234.0,34.28436018957346,1.4120330290874863,162,69144.0,0.04621110020061837,162,69144.0,10.029999999999973
12850.0,159,6912.0,32.91428571428571,1.4034691867747764,159,69893.0,0.041528754972847484,159,69893.0,-7.489999999999895
12855.0,159,6745.0,32.27272727272727,1.4832158729597453,159,70625.0,0.04508275973975961,159,70625.0,-7.32000000000005
12860.0,164,6880.0,32.91866028708134,1.426483005550006,164,71397.0,0.043927892177980425,164,71397.0,-7.720000000000027
12865.0,166,6987.0,32.95754716981132,1.401236439809836,165,71306.0,0.036640883345197335,165,71306.0,0.9100000000000819
12870.0,164,7053.0,33.58571428571429,1.2935036167022618,164,72093.0,0.03355068153350317,164,72093.0,-7.8700000000000045
12875.0,161,7107.0,33.84285714285714,1.4471943972204364,161,71122.0,0.04123225692073539,161,71122.0,9.709999999999923
12880.0,157,7138.0,34.15311004784689,1.5032281910049903,157,69269.0,0.044510905573292195,157,69269.0,18.529999999999973
12885.0,153,7252.0,34.53333333333333,1.6904683294395666,153,68372.0,0.051573406899983264,153,68372.0,8.970000000000027
12890.0,154,7746.0,37.601941747572816,1.4345904819568538,154,69133.0,0.04775167308263243,154,69133.0,-7.610000000000014
12895.0,159,8285.0,39.64114832535885,1.473231729226328,159,69913.0,0.04756328490239159,159,69913.0,-7.7999999999999545
12900.0,161,8883.0,42.70673076923077,1.4588518261664634,161,70712.0,0.04733452045282858,161,70712.0,-7.990000000000009
12905.0,165,9227.0,43.93809523809524,1.4026450103835078,165,70817.0,0.038084956861817884,165,70817.0,-1.0499999999999545
12910.0,166,9321.0,44.175355450236964,1.4313790474332087,166,70241.0,0.03832891903092779,166,70241.0,5.759999999999991
12915.0,163,9405.0,44.785714285714285,1.4680999081526147,163,69658.0,0.045827093072089514,163,69658.0,5.829999999999927
12920.0,161,9476.0,45.12380952380953,1.5333595144769343,161,68538.0,0.046284501981713945,161,68538.0,11.200000000000045
12925.0,160,9527.0,45.15165876777251,1.659960984993986,160,69337.0,0.05318016001528573,160,69337.0,-7.990000000000009
12930.0,159,9618.0,45.58293838862559,1.6468253911175164,159,70116.0,0.045793412768444015,159,70116.0,-7.789999999999964
12935.0,163,9766.0,46.50476190476191,1.5790291813553459,163,70914.0,0.04586623531111549,163,70914.0,-7.980000000000018
12940.0,165,9786.0,46.822966507177036,1.462479091819789,165,70898.0,0.04321890878390199,165,70898.0,0.15999999999996817
12945.0,166,9712.0,46.4688995215311,1.3432764450625116,166,70893.0,0.03882175799199307,166,70893.0,0.05000000000006821
12950.0,163,9630.0,46.52173913043478,1.3033824383675325,163,70878.0,0.03944201808741541,163,70878.0,0.14999999999997726
12955.0,163,9451.0,45.2200956937799,1.3236844012992404,163,71052.0,0.04185363676707532,163,71052.0,-1.740000000000009
12960.0,160,9198.0,44.00956937799043,1.3278993318694978,160,70578.0,0.0430156378138792,160,70578.0,4.740000000000009
12965.0,157,8935.0,42.345971563981045,1.5420656908485542,157,70199.0,0.05151190164053379,157,70199.0,3.7899999999999636
12970.0,155,8812.0,41.96190476190476,1.6719547078111097,155,69238.0,0.05252485684357044,155,69238.0,9.610000000000014
12975.0,155,9182.0,43.933014354066984,1.7499522977349324,155,69153.0,0.05894903423128944,155,69153.0,0.8500000000000227
12980.0,158,9467.0,45.51442307692308,1.5400998007671034,158,69501.0,0.04803224110141262,158,69501.0,-3.480000000000018
12985.0,156,9816.0,46.96650717703349,1.4621058081530864,156,70240.0,0.04328760396184358,156,70240.0,-7.389999999999986
12990.0,156,10188.0,48.51428571428571,1.5111132285565148,156,70987.0,0.04510825575412297,156,70987.0,-7.470000000000027
12995.0,159,10094.0,48.06666666666667,1.4995429809259568,159,71061.0,0.04595376501237439,159,71061.0,-0.7400000000000091
13000.0,157,9693.0,46.377990430622006,1.4948273900295537,157,70422.0,0.049541951211373315,157,70422.0,6.389999999999986
13005.0,155,9357.0,44.770334928229666,1.626900342700448,155,69772.0,0.05842229401817858,155,69772.0,6.5
13010.0,155,9010.0,42.904761904761905,1.6282000033243764,155,69700.0,0.05267440967624493,155,69700.0,0.7200000000000273
13015.0,155,8579.0,41.24519230769231,1.605183707379502,155,68789.0,0.052310657890572536,155,68789.0,9.110000000000014
13020.0,153,8201.0,39.42788461538461,1.729824082354642,153,67878.0,0.058677996634989425,153,67878.0,9.110000000000014
13025.0,155,7891.0,37.576190476190476,1.8357077644565905,155,66142.0,0.06164165414989082,155,66142.0,17.360000000000014
13030.0,158,7528.0,36.01913875598086,1.6018858497101411,158,66202.0,0.05120084732354148,158,66202.0,-0.6000000000000227
13035.0,157,7128.0,33.78199052132702,1.554606823601563,157,66989.0,0.044249801425609574,157,66989.0,-7.8700000000000045
13040.0,155,6717.0,31.985714285714284,1.591933233482469,155,66341.0,0.04725385422797364,155,66341.0,6.480000000000018
13045.0,151,6289.0,29.947619047619046,1.667092972676618,151,65676.0,0.052071432814181785,151,65676.0,6.649999999999977
13050.0,150,5680.0,26.79245283018868,1.7131149545507898,150,66346.0,0.051677484772521265,150,66346.0,-6.7000000000000455
13055.0,145,5011.0,23.748815165876778,1.648173636936739,145,66949.0,0.054099913387983194,145,66949.0,-6.029999999999973
13060.0,146,4699.0,22.376190476190477,1.8053322035735413,146,67564.0,0.06336646157872089,146,67564.0,-6.149999999999977
13065.0,154,4810.0,22.796208530805686,1.5870716751449199,154,67835.0,0.05217839391094135,154,67835.0,-2.7100000000000364
13070.0,158,4783.0,22.66824644549763,1.4985746345281539,158,67661.0,0.0451479107388254,158,67661.0,1.740000000000009
13075.0,155,4817.0,22.829383886255926,1.5784804116666873,155,67481.0,0.05254855717396293,155,67481.0,1.8000000000000682
13080.0,158,5070.0,23.91509433962264,1.6162185643423432,158,66990.0,0.05354046292574128,158,66990.0,4.909999999999968
13085.0,162,5278.0,24.548837209302327,1.6166269433420681,162,67788.0,0.050851173588397115,162,67788.0,-7.980000000000018
13090.0,159,5446.0,25.330232558139535,1.5848560537694925,159,68520.0,0.04326224171515778,159,68520.0,-7.32000000000005
13095.0,158,5738.0,26.564814814814813,1.588391679073386,158,69204.0,0.0442487801465296,158,69204.0,-6.839999999999918
13100.0,164,5908.0,27.225806451612904,1.59518254450744,164,69149.0,0.04570662201426929,164,69149.0,0.5499999999999545
13105.0,171,5974.0,27.27853881278539,1.5184139858719243,171,69130.0,0.04050251437794852,171,69130.0,0.19000000000005457
13110.0,173,6057.0,28.43661971830986,1.274658086853592,173,69128.0,0.035006214137990245,173,69128.0,0.01999999999998181
13115.0,169,6046.0,28.252336448598133,1.2344097815488368,169,69531.0,0.03516918882286213,169,69531.0,-4.029999999999973
13120.0,166,5963.0,27.995305164319248,1.2795505493349528,166,69476.0,0.0405565911257205,166,69476.0,0.5499999999999545
13125.0,163,5910.0,27.61682242990654,1.3712517440382517,163,69407.0,0.04600615085204098,163,69407.0,0.6899999999999409
13130.0,161,5952.0,28.208530805687204,1.4380117874403509,161,68900.0,0.05082857624728665,161,68900.0,5.07000000000005
13135.0,161,6252.0,29.35211267605634,1.5893603283651963,161,68398.0,0.05678688574753964,161,68398.0,5.019999999999982
13140.0,163,6285.0,29.232558139534884,1.4644512903676952,162,68464.0,0.04412133713345113,162,68464.0,-0.6599999999999682
13145.0,159,6127.0,28.36574074074074,1.497566322265305,159,67793.0,0.04777961829581641,159,67793.0,6.710000000000036
13150.0,155,5953.0,27.688372093023254,1.6871212942154443,155,67106.0,0.0575079382754285,155,67106.0,6.8700000000000045
13155.0,152,5723.0,26.49537037037037,1.7067861445906247,152,67423.0,0.05243670419082638,152,67423.0,-3.1700000000000728
13160.0,152,5479.0,25.13302752293578,1.8161804248526332,152,67737.0,0.0511281141848344,152,67737.0,-3.1399999999999864
13165.0,150,5319.0,24.51152073732719,1.8198524439778798,150,68039.0,0.054062732885020254,150,68039.0,-3.019999999999982
13170.0,150,5182.0,24.10232558139535,1.756005779365408,150,68679.0,0.05282460837155741,150,68679.0,-6.399999999999977
13175.0,152,4939.0,22.76036866359447,1.7074518572130506,152,69333.0,0.052074884077579556,152,69333.0,-6.540000000000077
13180.0,151,4885.0,22.61574074074074,1.7677772956754179,151,69985.0,0.05347322934728481,151,69985.0,-6.519999999999982
13185.0,155,4883.0,22.711627906976744,1.6049332446223943,155,69855.0,0.048889824327960754,155,69855.0,1.3000000000000682
13190.0,161,4788.0,22.47887323943662,1.3037856176187144,161,69744.0,0.04026067420711235,161,69744.0,1.1099999999999
13195.0,163,4716.0,22.140845070422536,1.1628936415418643,163,69660.0,0.03626802715694883,163,69660.0,0.8400000000000318
13200.0,162,4597.0,21.683962264150942,1.1493763790794405,162,70356.0,0.03610842661907903,162,70356.0,-6.959999999999923
13205.0,160,4571.0,21.56132075471698,1.137543147631219,160,70942.0,0.03852796197827506,160,70942.0,-5.860000000000014
13210.0,163,4867.0,22.63720930232558,1.2616181435980083,163,71547.0,0.043417635611504656,163,71547.0,-6.050000000000068
13215.0,168,5235.0,23.904109589041095,1.1677711959914099,167,71464.0,0.03327255502119198,167,71464.0,0.8300000000000409
13220.0,174,5641.0,25.64090909090909,1.0959868428585728,174,72290.0,0.027495756507445988,174,72290.0,-8.259999999999991
13225.0,179,6078.0,27.502262443438916,1.0126741923159595,179,71417.0,0.02591730003988735,179,71417.0,8.730000000000018
13230.0,181,6532.0,29.423423423423422,1.0761628471091325,181,69712.0,0.02902480216377356,181,69712.0,17.049999999999955
13235.0,177,6734.0,30.333333333333332,1.087091922781665,177,69798.0,0.02958983845850545,177,69798.0,-0.8600000000000136
13240.0,176,6766.0,30.47747747747748,1.1429299033554912,176,69891.0,0.03058091131762441,176,69891.0,-0.92999999999995
13245.0,172,6777.0,30.527027027027028,1.1701881839904378,172,69958.0,0.03099981070371837,172,69958.0,-0.6700000000000728
13250.0,168,6737.0,30.4841628959276,1.2640444718275932,168,70691.0,0.037294384527617006,168,70691.0,-7.329999999999927
13255.0,168,6902.0,31.09009009009009,1.2651439936900002,168,71337.0,0.03696770034373819,168,71337.0,-6.460000000000036
13260.0,169,7087.0,31.923423423423422,1.3468913339399735,169,72014.0,0.04052497394242911,169,72014.0,-6.769999999999982
13265.0,169,7412.0,33.53846153846154,1.3863396925639644,169,72677.0,0.043353030222327824,169,72677.0,-6.6299999999999955
13270.0,169,7762.0,35.12217194570136,1.494531433188841,169,73394.0,0.044675697864244635,169,73394.0,-7.170000000000073
13275.0,169,7792.0,35.2579185520362,1.310466945750549,169,73692.0,0.03362924367011193,169,73692.0,-2.9799999999999045
13280.0,169,7623.0,34.96788990825688,1.2851652361196253,169,73447.0,0.03586979765060901,169,73447.0,2.449999999999932
13285.0,167,7515.0,34.63133640552996,1.3298483903874574,167,73201.0,0.043540923351748834,167,73201.0,2.4600000000000364
13290.0,167,7370.0,33.80733944954128,1.3831394898710994,167,73984.0,0.037752600974690055,167,73984.0,-7.830000000000041
13295.0,167,7223.0,32.83181818181818,1.3981673916201307,167,74782.0,0.031323148868801526,167,74782.0,-7.980000000000018
13300.0,170,7229.0,33.009132420091326,1.413429031659415,170,75592.0,0.031520142409819346,170,75592.0,-8.099999999999909
13305.0,177,7517.0,33.86036036036036,1.3731021505497452,177,75940.0,0.02843284047672052,177,75940.0,-3.480000000000018
13310.0,180,7806.0,35.481818181818184,1.2894117676997647,180,75802.0,0.028165681079181496,180,75802.0,1.3799999999999955
13315.0,179,8098.0,36.64253393665158,1.388839008794122,179,75671.0,0.03590682936155427,179,75671.0,1.3099999999999454
13320.0,175,8377.0,38.25114155251141,1.492563007661539,175,75026.0,0.040823294396296034,175,75026.0,6.4500000000000455
13325.0,172,8572.0,39.141552511415526,1.5318614898458491,172,75889.0,0.04372468059163996,172,75889.0,-8.629999999999995
13330.0,168,8730.0,40.416666666666664,1.4739361794587171,168,76655.0,0.03855285437588489,168,76655.0,-7.659999999999968
13335.0,166,8952.0,41.83177570093458,1.4217385566444911,166,77421.0,0.04237736725499695,166,77421.0,-7.660000000000082
13340.0,166,8979.0,41.95794392523364,1.4128264067941527,166,77382.0,0.04221664972459408,166,77382.0,0.38999999999998636
13345.0,171,9222.0,42.89302325581395,1.3405391204244805,171,77358.0,0.03884917254707014,171,77358.0,0.2400000000000091
13350.0,170,9468.0,44.242990654205606,1.2730090136659646,170,77330.0,0.036318417820514946,170,77330.0,0.2800000000000864
13355.0,167,9705.0,45.350467289719624,1.3459781878493982,167,76424.0,0.04285839895488531,167,76424.0,9.059999999999945
13360.0,166,9932.0,46.1953488372093,1.4484694977904535,166,74794.0,0.04351638101380257,166,74794.0,16.299999999999955
13365.0,160,10068.0,46.611111111111114,1.5968407182886533,160,75560.0,0.046138211547775115,160,75560.0,-7.659999999999968
13370.0,157,10205.0,47.68691588785047,1.6509559315042963,157,76263.0,0.050113079714498535,157,76263.0,-7.029999999999973
13375.0,162,10475.0,49.178403755868544,1.659500294329818,162,76975.0,0.050698667564691,162,76975.0,-7.1200000000000045
13380.0,168,10380.0,48.504672897196265,1.4324664595903083,168,76855.0,0.032595079108880314,168,76855.0,1.2000000000000455
13385.0,165,10031.0,47.093896713615024,1.456242665551893,165,75836.0,0.03780490174200753,165,75836.0,10.18999999999994
13390.0,162,9667.0,45.59905660377358,1.5672508291371716,162,74825.0,0.04458904928873641,162,74825.0,10.110000000000014
13395.0,159,9244.0,43.39906103286385,1.540136108926057,159,75560.0,0.04389890832752762,159,75560.0,-7.350000000000023
13400.0,159,8838.0,41.49295774647887,1.6032582912519056,159,76284.0,0.0441525957967983,159,76284.0,-7.240000000000009
13405.0,162,8596.0,40.16822429906542,1.683732639269219,162,77019.0,0.048840826075117034,162,77019.0,-7.350000000000023
13410.0,165,8718.0,41.12264150943396,1.4494342259547839,165,76917.0,0.03680185081467198,165,76917.0,1.0200000000000955
13415.0,166,8818.0,41.594339622641506,1.4024718296884926,166,75937.0,0.04027556546859067,166,75937.0,9.799999999999955
13420.0,166,8920.0,42.075471698113205,1.4419769993379934,166,74949.0,0.042873884963349006,166,74949.0,9.879999999999995
13425.0,166,8725.0,40.96244131455399,1.4152864705636032,165,75165.0,0.03784650610764287,165,75165.0,-2.159999999999968
13430.0,165,8320.0,39.43127962085308,1.3061543043176223,165,75953.0,0.03426960770499315,165,75953.0,-7.8799999999999955
13435.0,163,7901.0,36.92056074766355,1.4529988306940704,163,75526.0,0.041446864929228305,163,75526.0,4.269999999999982
13440.0,160,7470.0,35.235849056603776,1.4704568498445694,160,74517.0,0.04562758481062635,160,74517.0,10.090000000000032
13445.0,156,7153.0,33.90047393364929,1.5024741106675428,156,74081.0,0.04692878314846026,156,74081.0,4.360000000000014
13450.0,157,7352.0,34.843601895734594,1.5216986509663093,157,73787.0,0.04903438100462078,157,73787.0,2.939999999999941
13455.0,156,7551.0,35.45070422535211,1.6197688972431277,156,73499.0,0.049719638371490724,156,73499.0,2.8799999999999955
13460.0,155,7636.0,36.18957345971564,1.529326548405571,154,73323.0,0.047551562885281555,154,73323.0,1.759999999999991
13465.0,150,7632.0,36.170616113744074,1.5907415126779736,150,72241.0,0.05532885678506439,150,72241.0,10.82000000000005
13470.0,148,7617.0,36.09952606635071,1.7383658665214528,148,71170.0,0.06395665593054688,148,71170.0,10.709999999999923
13475.0,144,7444.0,35.44761904761905,1.7401095275942133,144,71793.0,0.06161362868851358,144,71793.0,-6.2299999999999045
13480.0,145,7333.0,35.08612440191388,1.7180242834795734,145,72379.0,0.05782864022140344,145,72379.0,-5.860000000000014
13485.0,149,7403.0,35.08530805687204,1.7565907542867654,149,72998.0,0.05999597567390891,149,72998.0,-6.190000000000055
13490.0,151,7571.0,35.7122641509434,1.6842788874348966,151,72850.0,0.05343085146823013,151,72850.0,1.4800000000000182
13495.0,154,8078.0,37.57209302325582,1.731176973411803,154,71833.0,0.05080929566278416,154,71833.0,10.169999999999959
13500.0,155,8601.0,39.81944444444444,1.838111134289757,155,70814.0,0.055611448714914885,155,70814.0,10.190000000000055
13505.0,156,8992.0,41.43778801843318,1.7698301655827566,155,71036.0,0.04801582200380334,155,71036.0,-2.2200000000000273
13510.0,158,9295.0,43.23255813953488,1.635239104721537,158,71811.0,0.041291424312521995,158,71811.0,-7.75
13515.0,158,9598.0,44.850467289719624,1.645243109942217,158,71714.0,0.04793535588696799,158,71714.0,0.9700000000000273
13520.0,155,9850.0,46.4622641509434,1.5138664894211462,155,71579.0,0.042066586035786134,155,71579.0,1.3500000000000227
13525.0,153,10116.0,47.716981132075475,1.5357291328247409,153,70550.0,0.04597403687356821,153,70550.0,10.289999999999964
13530.0,156,10505.0,49.551886792452834,1.5824461853293519,156,69556.0,0.050429413155816484,156,69556.0,9.940000000000055
13535.0,158,10767.0,49.84722222222222,1.4333765794085536,158,70262.0,0.0409096354221392,158,70262.0,-7.060000000000059
13540.0,156,10984.0,51.32710280373832,1.4423914218866951,156,70915.0,0.043443000519605625,156,70915.0,-6.529999999999973
13545.0,157,11363.0,53.347417840375584,1.4840102975605158,157,71583.0,0.04904460971665919,157,71583.0,-6.680000000000064
13550.0,159,11218.0,52.42056074766355,1.4420067546163133,159,71468.0,0.04304508175191806,159,71468.0,1.150000000000091
13555.0,159,10751.0,50.7122641509434,1.3370134821339221,159,71351.0,0.037033333971869156,159,71351.0,1.169999999999959
13560.0,160,10317.0,48.8957345971564,1.3067018196955373,160,71234.0,0.04104456452573218,160,71234.0,1.169999999999959
13565.0,161,9885.0,46.191588785046726,1.2491431339895744,161,71955.0,0.03377938805695534,161,71955.0,-7.209999999999923
13570.0,159,9498.0,44.17674418604651,1.3676139853179392,159,72642.0,0.03881852348126729,159,72642.0,-6.8700000000000045
13575.0,165,9301.0,42.6651376146789,1.4852911863024334,165,73364.0,0.04195709923490008,165,73364.0,-7.220000000000027
13580.0,170,9007.0,41.50691244239631,1.3082905136041443,170,73299.0,0.029559437054235776,170,73299.0,0.6499999999999773
13585.0,169,8666.0,40.120370370370374,1.3445008584991607,169,72404.0,0.03618894482733455,169,72404.0,8.950000000000045
13590.0,171,8367.0,39.28169014084507,1.2592775463057018,171,71580.0,0.0380542558190346,171,71580.0,8.240000000000009
13595.0,171,8071.0,37.36574074074074,1.357485932451555,171,69955.0,0.037561835358094015,171,69955.0,16.25
13600.0,168,7657.0,35.61395348837209,1.3545098480762947,168,69907.0,0.03726118937633345,168,69907.0,0.4799999999999045
13605.0,165,7156.0,33.129629629629626,1.368361678464703,165,68977.0,0.040542912670701294,165,68977.0,9.300000000000068
13610.0,162,6646.0,31.05607476635514,1.4950009197097236,162,68054.0,0.0476680871911529,162,68054.0,9.230000000000018
13615.0,158,6278.0,29.2,1.54053897219579,158,68018.0,0.04368739116785328,158,68018.0,0.36000000000001364
13620.0,159,6587.0,30.63720930232558,1.564071075269902,159,67996.0,0.04440007335756589,159,67996.0,0.2199999999999136
13625.0,159,6897.0,31.930555555555557,1.5577095992229375,159,67972.0,0.042303026257060485,159,67972.0,0.2400000000000091
13630.0,158,7206.0,33.361111111111114,1.680300482435189,158,67119.0,0.04990708726311275,158,67119.0,8.529999999999973
13635.0,154,7440.0,34.604651162790695,1.5928499527457676,154,67146.0,0.046894420760251486,154,67146.0,-0.2699999999999818
13640.0,150,7617.0,35.59345794392523,1.7177465059261927,150,66413.0,0.054895672069487526,150,66413.0,7.330000000000041
13645.0,146,7840.0,37.156398104265406,1.8551752173886007,146,65661.0,0.06321442577331056,146,65661.0,7.519999999999982
13650.0,147,8001.0,38.1,1.6668744836930944,147,66308.0,0.05231573174623494,147,66308.0,-6.470000000000027
13655.0,149,8104.0,38.40758293838863,1.5148604757949347,149,66892.0,0.04584547275119343,149,66892.0,-5.839999999999918
13660.0,146,8413.0,39.872037914691944,1.7089558578583222,146,67490.0,0.05533424911039924,146,67490.0,-5.980000000000018
13665.0,148,8388.0,39.38028169014085,1.6542964985169812,148,67656.0,0.04915428763134859,148,67656.0,-1.6599999999999682
13670.0,156,8240.0,38.68544600938967,1.5524804194250525,156,67290.0,0.045843352224845105,156,67290.0,3.659999999999968
13675.0,157,8134.0,37.83255813953488,1.5795645781771126,157,66944.0,0.050428957849017395,157,66944.0,3.4599999999999227
13680.0,156,8070.0,37.53488372093023,1.7175221812032728,156,66077.0,0.05466841746487425,156,66077.0,8.670000000000073
13685.0,159,8025.0,36.9815668202765,1.8064850915005726,159,65247.0,0.059455208804672616,159,65247.0,8.299999999999955
13690.0,161,7992.0,37.0,1.7315728018626286,161,64432.0,0.05627686003005062,161,64432.0,8.149999999999977
13695.0,161,7964.0,36.53211009174312,1.7333759692651889,160,64159.0,0.05642223893628366,160,64159.0,2.730000000000018
13700.0,160,7967.0,36.88425925925926,1.7595696461164807,160,63489.0,0.062005066757694766,160,63489.0,6.7000000000000455
13705.0,161,8036.0,37.03225806451613,1.7627760906376593,161,63359.0,0.06067810747558094,161,63359.0,1.2999999999999545
13710.0,163,7881.0,36.15137614678899,1.7047921280208127,163,63276.0,0.05540138079007202,163,63276.0,0.8300000000000409
13715.0,157,7559.0,34.83410138248848,1.7753494482361263,157,62314.0,0.06124857498180841,157,62314.0,9.620000000000005
13720.0,155,7229.0,33.31336405529954,1.9366817787251813,155,61367.0,0.0672121048525168,155,61367.0,9.470000000000027
13725.0,157,6849.0,31.708333333333332,1.7583641379614006,154,61639.0,0.060471225641012885,154,61639.0,-2.7200000000000273
13730.0,156,6572.0,30.854460093896712,1.7305759386932693,156,62400.0,0.06287500990268428,156,62400.0,-7.610000000000014
13735.0,157,6861.0,32.0607476635514,1.6667786301735645,157,63182.0,0.05947093087897945,157,63182.0,-7.82000000000005
13740.0,158,6926.0,32.21395348837209,1.6288322714994559,158,63841.0,0.05348521685585946,158,63841.0,-6.589999999999918
13745.0,157,6844.0,31.832558139534882,1.5584469804776437,157,64398.0,0.04523532977917481,157,64398.0,-5.57000000000005
13750.0,157,6897.0,32.07906976744186,1.5778524091506672,157,65080.0,0.04766506518198337,157,65080.0,-6.819999999999936
13755.0,158,7147.0,33.39719626168224,1.5000191949652044,158,65771.0,0.04152361093617661,158,65771.0,-6.910000000000082
13760.0,163,7361.0,34.39719626168224,1.4081251703245796,163,65737.0,0.03696215969978271,163,65737.0,0.34000000000003183
13765.0,163,7514.0,34.78703703703704,1.4648191973820717,163,65087.0,0.037407278710810864,163,65087.0,6.5
13770.0,163,7673.0,35.35944700460829,1.641570684682899,163,64444.0,0.042708566244030806,163,64444.0,6.42999999999995
13775.0,161,7895.0,36.382488479262676,1.5499728439936928,161,65145.0,0.037170147491033215,161,65145.0,-7.009999999999991
13780.0,166,8422.0,38.28181818181818,1.588009382353521,166,65764.0,0.03830468815949898,166,65764.0,-6.189999999999941
13785.0,168,8971.0,40.777272727272724,1.5475577376295226,168,66413.0,0.041243242137437346,168,66413.0,-6.490000000000009
13790.0,170,9616.0,43.90867579908676,1.5643467049492725,170,67047.0,0.04368487798734451,170,67047.0,-6.340000000000032
13795.0,179,9878.0,45.10502283105023,1.3408576457877635,179,67889.0,0.03910500021761144,179,67889.0,-8.419999999999959
13800.0,181,9864.0,45.24770642201835,1.1273922838236121,181,67031.0,0.026857942680530312,181,67031.0,8.580000000000041
13805.0,177,9846.0,45.1651376146789,1.1425948079741757,177,66181.0,0.031829547147037666,177,66181.0,8.5
13810.0,174,9767.0,44.598173515981735,1.170528471099197,174,66983.0,0.0357228475875175,174,66983.0,-8.020000000000095
13815.0,171,9641.0,44.02283105022831,1.223808898972275,171,67759.0,0.03839612478079007,171,67759.0,-7.759999999999991
13820.0,172,9578.0,43.7351598173516,1.312707219866494,172,68543.0,0.04012710386704129,172,68543.0,-7.839999999999918
13825.0,173,9439.0,43.10045662100457,1.2420572197018138,173,68616.0,0.03359710943523844,173,68616.0,-0.7300000000000182
13830.0,176,9329.0,42.598173515981735,1.2407244715425725,176,68239.0,0.030230059500334295,176,68239.0,3.769999999999982
13835.0,176,9223.0,41.54504504504504,1.3454492357124108,176,67868.0,0.03402595708167284,176,67868.0,3.7100000000000364
13840.0,173,9107.0,40.83856502242153,1.512522425364474,173,66912.0,0.03849846157760132,173,66912.0,9.559999999999945
13845.0,170,8977.0,40.075892857142854,1.7131350906601892,170,65988.0,0.047521510784100565,170,65988.0,9.240000000000009
13850.0,168,8500.0,38.46153846153846,1.5851056612103185,168,66820.0,0.042190804430461,168,66820.0,-8.32000000000005
13855.0,168,7802.0,35.46363636363636,1.5639281011217354,168,67656.0,0.03837493982909657,168,67656.0,-8.3599999999999
13860.0,169,7263.0,33.78139534883721,1.4416240103373141,169,67906.0,0.04127740833344682,169,67906.0,-2.5
13865.0,165,7110.0,32.916666666666664,1.457752573840047,165,68667.0,0.04094309365444847,165,68667.0,-7.610000000000014
13870.0,166,6910.0,31.99074074074074,1.5081270223763272,166,69364.0,0.04455199024415876,166,69364.0,-6.970000000000027
13875.0,167,6860.0,31.75925925925926,1.4320678921828873,167,70114.0,0.04528741905288102,167,70114.0,-7.5
13880.0,170,6637.0,31.014018691588785,1.2866171843466394,170,70067.0,0.03560450040564786,170,70067.0,0.4700000000000273
13885.0,171,6287.0,29.796208530805686,1.1671663373897763,171,70889.0,0.03722638377783717,171,70889.0,-8.220000000000027
13890.0,170,5990.0,28.38862559241706,1.1413427035657102,169,70860.0,0.03936919821046661,169,70860.0,0.2899999999999636
13895.0,169,5809.0,27.272300469483568,1.1922686932540605,169,71629.0,0.03501864012991833,169,71629.0,-7.689999999999941
13900.0,171,5600.0,26.291079812206572,1.1137339314986072,171,72378.0,0.0319429699938827,171,72378.0,-7.490000000000009
13905.0,173,5476.0,25.708920187793428,1.0811865433131955,173,73169.0,0.03382150489330179,173,73169.0,-7.910000000000082
13910.0,175,5224.0,24.411214953271028,1.0494108391016863,175,73454.0,0.024249624693456324,175,73454.0,-2.849999999999909
13915.0,174,4991.0,23.322429906542055,1.1029227656617282,174,73168.0,0.02933577498923245,174,73168.0,2.8600000000000136
13920.0,171,5131.0,24.089201877934272,1.2056954107044415,171,72861.0,0.03700804879563205,171,72861.0,3.0699999999999363
13925.0,168,5082.0,23.747663551401867,1.1647331833850465,168,73023.0,0.033877705520337684,168,73023.0,-1.6200000000000045
13930.0,171,4958.0,22.847926267281107,1.1609202894376474,171,73206.0,0.027903361165057976,171,73206.0,-1.8299999999999272
13935.0,168,4846.0,22.229357798165136,1.2020348104735703,168,73416.0,0.03371813870355412,168,73416.0,-2.1000000000000227
13940.0,166,4724.0,21.76958525345622,1.3141297974675863,166,72368.0,0.04017362542716186,166,72368.0,10.480000000000018
13945.0,162,4660.0,21.574074074074073,1.4253119905407683,162,71912.0,0.0492733008349443,162,71912.0,4.559999999999945
13950.0,161,4854.0,22.368663594470046,1.5594934877362088,161,70819.0,0.04941259081228868,161,70819.0,10.92999999999995
13955.0,161,5048.0,23.050228310502284,1.6057263019013692,161,69712.0,0.04771543795574507,161,69712.0,11.07000000000005
13960.0,161,5101.0,23.506912442396313,1.5577873470497063,160,70441.0,0.04890977861678928,160,70441.0,-7.289999999999964
13965.0,161,5115.0,23.901869158878505,1.4421346840827516,161,71172.0,0.046966975553330105,161,71172.0,-7.310000000000059
13970.0,161,5327.0,25.12735849056604,1.452116149797399,159,71804.0,0.04869993758736023,159,71804.0,-6.319999999999936
13975.0,154,5372.0,25.459715639810426,1.4365854326764724,154,71624.0,0.04895834190813675,154,71624.0,1.7999999999999545
13980.0,156,5423.0,25.580188679245282,1.5549377307759742,156,70560.0,0.05257740136086042,156,70560.0,10.639999999999986
13985.0,160,5521.0,25.799065420560748,1.530557252333061,160,70404.0,0.053265991923223434,160,70404.0,1.5600000000000591
13990.0,159,5681.0,26.42325581395349,1.574639816806716,159,70274.0,0.049930707297976,159,70274.0,1.2999999999999545
13995.0,161,6025.0,27.764976958525345,1.536398776090285,161,70938.0,0.043883621646132145,161,70938.0,-6.639999999999986
14000.0,163,6350.0,29.262672811059907,1.5628124156967302,163,71549.0,0.04803853426761101,163,71549.0,-6.110000000000014
14005.0,165,6685.0,30.806451612903224,1.477507457287008,165,72204.0,0.04665439002728389,165,72204.0,-6.5499999999999545
14010.0,168,6859.0,31.75462962962963,1.3322345749671467,168,72428.0,0.03955876172998287,168,72428.0,-2.240000000000009
14015.0,171,6886.0,31.587155963302752,1.319516586023878,171,72082.0,0.032731113541202034,171,72082.0,3.4599999999999227
14020.0,170,6915.0,31.86635944700461,1.4235534083086245,170,71982.0,0.03998246960308521,170,71982.0,1.0
14025.0,167,6736.0,31.04147465437788,1.299867067630605,167,72072.0,0.03675335253316942,167,72072.0,-0.8999999999999773
14030.0,165,6417.0,29.571428571428573,1.3560069855192314,165,72151.0,0.03507605836357992,165,72151.0,-0.7899999999999636
14035.0,161,6080.0,27.889908256880734,1.409487270113858,161,72311.0,0.03959667922577784,161,72311.0,-1.6000000000000227
14040.0,160,5811.0,26.655963302752294,1.5486117230069938,160,71319.0,0.046169047820478315,160,71319.0,9.919999999999959
14045.0,163,5758.0,26.412844036697248,1.360431422346652,163,71953.0,0.037751980197505024,163,71953.0,-6.339999999999918
14050.0,165,5644.0,25.654545454545456,1.3725168427627137,165,72604.0,0.03846412989359092,165,72604.0,-6.509999999999991
14055.0,166,5591.0,25.413636363636364,1.3327067556422916,166,73273.0,0.039840513016680346,166,73273.0,-6.690000000000055
14060.0,168,5624.0,25.447963800904976,1.3897747214894292,168,73446.0,0.035857058222900695,168,73446.0,-1.7300000000000182
14065.0,168,5638.0,25.862385321100916,1.286084196576503,168,73087.0,0.03634337177996744,168,73087.0,3.590000000000032
14070.0,166,5652.0,26.166666666666668,1.4023112150570927,166,72754.0,0.04525063459974652,166,72754.0,3.330000000000041
14075.0,163,5752.0,26.753488372093024,1.4417252406148422,163,71861.0,0.04664511937543575,163,71861.0,8.92999999999995
14080.0,163,6182.0,28.62037037037037,1.6208141878294176,163,71603.0,0.055058902099412166,163,71603.0,2.580000000000041
14085.0,165,6589.0,30.224770642201836,1.5286248242056144,165,71884.0,0.04465902670365473,165,71884.0,-2.810000000000059
14090.0,163,7020.0,32.054794520547944,1.5584488337239175,163,72521.0,0.045048322984031074,163,72521.0,-6.3700000000000045
14095.0,165,7621.0,34.64090909090909,1.5478440867569976,165,73077.0,0.044599064429769374,165,73077.0,-5.559999999999945
14100.0,167,8033.0,36.84862385321101,1.5270860772854373,167,72931.0,0.04762774495908547,167,72931.0,1.4600000000000364
14105.0,172,8270.0,37.59090909090909,1.3701002502628232,172,72792.0,0.03903265786093386,172,72792.0,1.3899999999999864
14110.0,173,8520.0,38.72727272727273,1.3911284602500307,173,72664.0,0.04085675272269352,173,72664.0,1.2799999999999727
14115.0,172,8725.0,39.47963800904977,1.3345782313547288,172,73330.0,0.039841742542700904,172,73330.0,-6.659999999999968
14120.0,168,8892.0,40.41818181818182,1.445689416228366,168,73917.0,0.04495498559440704,168,73917.0,-5.8700000000000045
14125.0,165,9072.0,41.236363636363635,1.560503672908696,165,74495.0,0.048166105861999035,165,74495.0,-5.780000000000086
14130.0,169,9308.0,42.50228310502283,1.4732866429032596,168,74351.0,0.04166516110928933,168,74351.0,1.4400000000000546
14135.0,176,9550.0,43.60730593607306,1.216254007927924,176,75114.0,0.02863453896357091,176,75114.0,-7.6299999999999955
14140.0,177,9811.0,45.4212962962963,1.0974060364715705,177,74162.0,0.029132489600492185,177,74162.0,9.519999999999982
14145.0,174,10061.0,46.15137614678899,1.1717060333952496,174,72346.0,0.03102724109865379,174,72346.0,18.159999999999968
14150.0,171,10298.0,47.45622119815668,1.2948164103140736,171,71408.0,0.038102555678449446,171,71408.0,9.379999999999995
14155.0,170,10129.0,46.25114155251141,1.2540470201276201,170,71640.0,0.03485481740958095,170,71640.0,-2.3199999999999363
14160.0,166,9688.0,44.23744292237443,1.3178153791858924,166,71881.0,0.03697138176275893,166,71881.0,-2.409999999999968
14165.0,165,9345.0,42.47727272727273,1.3017871931339007,165,72124.0,0.03808820377571923,165,72124.0,-2.4300000000000637
14170.0,167,9304.0,42.09954751131222,1.3473589917868467,167,72829.0,0.035399516912570685,167,72829.0,-7.0499999999999545
14175.0,168,9191.0,41.588235294117645,1.3253393240002678,168,73436.0,0.038285174700448094,168,73436.0,-6.07000000000005
14180.0,166,9098.0,41.35454545454545,1.4607627365423759,166,74038.0,0.045329909779818454,166,74038.0,-6.019999999999982
14185.0,164,9104.0,41.57077625570776,1.3623190746310825,164,74208.0,0.04057819601218305,164,74208.0,-1.7000000000000455
14190.0,164,9104.0,41.76146788990825,1.3858786733141395,164,73810.0,0.040461458830388125,164,73810.0,3.980000000000018
14195.0,163,9120.0,41.8348623853211,1.4712276863456824,163,73411.0,0.046114479731096836,163,73411.0,3.990000000000009
14200.0,164,8856.0,40.8110599078341,1.4108393298604553,163,73562.0,0.04171632269718343,163,73562.0,-1.509999999999991
14205.0,165,8368.0,38.56221198156682,1.2576415204133713,165,74311.0,0.03516692909920612,165,74311.0,-7.490000000000009
14210.0,165,7883.0,36.327188940092164,1.3001398470672387,165,73887.0,0.03819823790288616,165,73887.0,4.240000000000009
14215.0,164,7308.0,33.522935779816514,1.2157801710094758,164,74536.0,0.03413343423982864,164,74536.0,-6.490000000000009
14220.0,163,6814.0,31.114155251141554,1.283302134333948,163,75186.0,0.0359031499561113,163,75186.0,-6.5
14225.0,164,6833.0,30.918552036199095,1.2613709542819034,164,75760.0,0.036306044526570935,164,75760.0,-5.740000000000009
14230.0,168,6904.0,30.95964125560538,1.2931641877586855,168,75943.0,0.036759719205677055,168,75943.0,-1.8299999999999272
14235.0,173,6963.0,31.364864864864863,1.2132845141425657,173,75595.0,0.03433668369456406,173,75595.0,3.4799999999999045
14240.0,173,7032.0,31.963636363636365,1.3097879711249867,173,75282.0,0.03992986717294432,173,75282.0,3.1299999999999955
14245.0,169,7083.0,32.195454545454545,1.400308406400455,169,74437.0,0.04192804964358989,169,74437.0,8.450000000000045
14250.0,165,7129.0,32.85253456221198,1.514786598918593,165,73601.0,0.04942485321442303,165,73601.0,8.360000000000014
14255.0,165,7153.0,32.81192660550459,1.422785598531256,165,74283.0,0.043340721492215385,165,74283.0,-6.82000000000005
14260.0,166,7179.0,32.78082191780822,1.4269589994462821,166,74865.0,0.046671497998630684,166,74865.0,-5.819999999999936
14265.0,163,7328.0,33.158371040723985,1.6093121670784853,163,75443.0,0.05078012951018603,163,75443.0,-5.779999999999973
14270.0,168,7979.0,35.94144144144144,1.7452877905049193,168,76026.0,0.05192355447658926,168,76026.0,-5.830000000000041
14275.0,172,8316.0,37.2914798206278,1.630882519365767,172,75941.0,0.04220003379292941,172,75941.0,0.8500000000000227
14280.0,174,8431.0,38.14932126696833,1.4429922728443838,174,75888.0,0.036487242513332956,174,75888.0,0.5299999999999727
14285.0,170,8541.0,38.64705882352941,1.5352930987384352,170,74932.0,0.0399079572384322,170,74932.0,9.559999999999945
14290.0,166,8632.0,39.236363636363635,1.6231837162524765,166,73950.0,0.04564250110598765,166,73950.0,9.82000000000005
14295.0,162,8753.0,39.78636363636364,1.7245345253444444,162,72055.0,0.051055722646668106,162,72055.0,18.950000000000045
14300.0,163,8891.0,40.78440366972477,1.626986571926801,162,72760.0,0.04884564989737703,162,72760.0,-7.050000000000068
14305.0,164,8976.0,40.986301369863014,1.4921442257385553,164,73390.0,0.041622868560359905,164,73390.0,-6.2999999999999545
14310.0,165,9163.0,41.84018264840183,1.6364053154118487,164,74039.0,0.04900088052273609,164,74039.0,-6.490000000000009
14315.0,166,9385.0,43.05045871559633,1.6050597173212138,166,74717.0,0.04440001917713682,166,74717.0,-6.779999999999973
14320.0,167,9560.0,44.25925925925926,1.4941164942927343,167,74613.0,0.03574724226611911,167,74613.0,1.0399999999999636
14325.0,166,9695.0,44.67741935483871,1.4349654575393893,166,74493.0,0.03462280811404505,166,74493.0,1.2000000000000455
14330.0,162,9816.0,45.44444444444444,1.487233217210888,162,73500.0,0.038776313463568204,162,73500.0,9.92999999999995
14335.0,159,9939.0,45.591743119266056,1.643987005061264,159,72506.0,0.04620641420049239,159,72506.0,9.940000000000055
14340.0,159,10197.0,46.77522935779817,1.6931596715470547,159,70648.0,0.049275508962984195,159,70648.0,18.579999999999927
14345.0,159,10820.0,49.18181818181818,1.7239663565100505,158,71381.0,0.047770563405967616,158,71381.0,-7.329999999999927
14350.0,161,11466.0,51.88235294117647,1.794559624838806,161,72077.0,0.048049171834750624,161,72077.0,-6.960000000000036
14355.0,166,12185.0,55.13574660633484,1.7428445297361377,166,72806.0,0.04789872423085702,166,72806.0,-7.289999999999964
14360.0,168,12926.0,59.842592592592595,1.5803240013061695,168,73640.0,0.0400060189764414,168,73640.0,-8.340000000000032
14365.0,169,13674.0,63.89719626168224,1.4856585094150707,169,74458.0,0.03705818975860032,169,74458.0,-8.180000000000064
14370.0,168,13957.0,65.52582159624413,1.413581824811207,168,74536.0,0.03356744049254297,168,74536.0,-0.7799999999999727
14375.0,167,13918.0,65.03738317757009,1.4771015218359984,167,73874.0,0.03960387777063535,167,73874.0,6.6200000000000045
14380.0,163,13884.0,64.8785046728972,1.6551539103214483,163,73201.0,0.04633103223928367,163,73201.0,6.730000000000018
14385.0,160,13880.0,64.55813953488372,1.8318421789093942,160,71818.0,0.04937417384560089,160,71818.0,13.830000000000041
14390.0,161,13902.0,64.96261682242991,1.9326965437532724,161,70642.0,0.0561068827745559,161,70642.0,11.759999999999991
14395.0,160,13507.0,62.82325581395349,1.8433895827025388,160,70737.0,0.04780948841013842,160,70737.0,-0.9500000000000455
14400.0,161,12832.0,59.96261682242991,1.6988673031982453,161,70166.0,0.045217936026427895,161,70166.0,5.710000000000036
14405.0,159,12158.0,57.34905660377358,1.749662184137198,159,69650.0,0.053771747197333956,159,69650.0,5.159999999999968
14410.0,156,11469.0,54.614285714285714,1.837365172906093,156,68543.0,0.05450658761889718,156,68543.0,11.07000000000005
14415.0,153,10766.0,51.51196172248804,1.875018757573075,153,67444.0,0.062233201353905414,153,67444.0,10.989999999999895
14420.0,152,10051.0,47.63507109004739,1.9853225166063828,152,66332.0,0.06785999022287695,152,66332.0,11.120000000000005
14425.0,147,9083.0,43.25238095238095,1.8963232432426333,147,66167.0,0.06337226224687667,147,66167.0,1.650000000000091
14430.0,143,7937.0,37.7952380952381,2.1017769107434097,143,65093.0,0.07224421503476987,143,65093.0,10.740000000000009
14435.0,140,6933.0,32.85781990521327,2.3175171278900497,140,64014.0,0.07801175167800448,140,64014.0,10.789999999999964
14440.0,140,6540.0,31.291866028708135,2.3691828241180186,140,62068.0,0.07995311150786365,140,62068.0,19.460000000000036
14445.0,141,6003.0,28.72248803827751,2.2489420735531187,141,62132.0,0.07192662035580419,141,62132.0,-0.6400000000001
14450.0,140,5377.0,25.85096153846154,2.250082209458708,140,61614.0,0.06995729465531955,140,61614.0,5.180000000000064
14455.0,137,4787.0,22.904306220095695,2.3720040148559915,137,61100.0,0.07490249648404912,137,61100.0,5.139999999999986
14460.0,135,4109.0,19.85024154589372,2.3609623002606117,135,61661.0,0.07236770766908825,135,61661.0,-5.610000000000014
14465.0,138,3924.0,18.865384615384617,2.253963415156913,138,62237.0,0.06641467481780142,138,62237.0,-5.759999999999991
14470.0,142,3948.0,18.98076923076923,2.127148159544263,142,62769.0,0.06519871102687977,142,62769.0,-5.32000000000005
14475.0,149,3892.0,18.445497630331754,1.8730159361281022,149,62803.0,0.051339792250246714,149,62803.0,-0.33999999999991815
14480.0,153,3766.0,17.933333333333334,1.7960454920232567,153,62203.0,0.05015504481053471,153,62203.0,6.0
14485.0,149,3654.0,17.483253588516746,1.8614751302985504,149,61744.0,0.05824571455209674,149,61744.0,4.589999999999918
14490.0,149,3588.0,17.25,1.7725762455735479,149,62385.0,0.053952081745226796,149,62385.0,-6.409999999999968
14495.0,149,3762.0,18.0,1.691481663869842,149,62987.0,0.04980217623508996,149,62987.0,-6.019999999999982
14500.0,156,4032.0,19.291866028708135,1.6530503374584424,156,63639.0,0.050625438225389244,156,63639.0,-6.519999999999982
14505.0,160,4204.0,20.01904761904762,1.4313091474067408,159,63531.0,0.03988045471031681,159,63531.0,1.080000000000041
14510.0,163,4339.0,20.563981042654028,1.3316547192838701,163,64308.0,0.035396366805973925,163,64308.0,-7.7700000000000955
14515.0,166,4609.0,21.537383177570092,1.3560805260668878,166,63390.0,0.0378244634873049,166,63390.0,9.180000000000064
14520.0,173,4815.0,22.1889400921659,1.2249042247361412,173,63613.0,0.03135634162375671,173,63613.0,-2.230000000000018
14525.0,170,4962.0,22.65753424657534,1.3374270690013903,170,63841.0,0.033874161796190634,170,63841.0,-2.2799999999999727
14530.0,167,5130.0,23.640552995391705,1.3261628961365648,167,63463.0,0.03717997567312386,167,63463.0,3.7799999999999727
14535.0,164,5344.0,24.513761467889907,1.420826177414763,164,63110.0,0.04407531050145916,164,63110.0,3.5299999999999727
14540.0,161,5601.0,26.172897196261683,1.4447908486432974,161,62206.0,0.04793202318078656,161,62206.0,9.040000000000077
14545.0,163,5694.0,26.60747663551402,1.3136395296088343,163,63000.0,0.04180770362674157,163,63000.0,-7.940000000000055
14550.0,165,5619.0,26.380281690140844,1.172058281391587,165,63133.0,0.037413480547812315,165,63133.0,-1.330000000000041
14555.0,161,5528.0,25.83177570093458,1.1659282585680575,161,63257.0,0.036710357030142055,161,63257.0,-1.240000000000009
14560.0,159,5256.0,24.446511627906975,1.2546855466494076,159,63954.0,0.03879175495750414,159,63954.0,-6.969999999999914
14565.0,155,4913.0,22.74537037037037,1.337484973355889,155,64580.0,0.0432969766975013,155,64580.0,-6.259999999999991
14570.0,154,4823.0,22.537383177570092,1.3169015698866653,154,65269.0,0.0483551764083602,154,65269.0,-6.8900000000001
14575.0,160,4999.0,23.251162790697673,1.2476048435019487,160,66037.0,0.03935871967506441,160,66037.0,-7.67999999999995
14580.0,163,5199.0,24.069444444444443,1.2849003694585084,163,66712.0,0.03865536313975306,163,66712.0,-6.75
14585.0,164,5273.0,24.18807339449541,1.3417902872080405,164,66654.0,0.0404254336153727,164,66654.0,0.5800000000000409
14590.0,171,5334.0,24.694444444444443,1.1546018455807223,171,67486.0,0.0319438949802929,171,67486.0,-8.32000000000005
14595.0,173,5409.0,24.698630136986303,1.2011879913540304,173,66623.0,0.03174377669814501,173,66623.0,8.629999999999995
14600.0,173,5371.0,24.75115207373272,1.0657288330963877,173,66774.0,0.027621578266379548,173,66774.0,-1.509999999999991
14605.0,170,5250.0,24.305555555555557,1.0528744094343536,170,66220.0,0.030387984780453323,170,66220.0,5.539999999999964
14610.0,169,5223.0,24.069124423963135,1.20992112619032,169,65648.0,0.03527848196870148,169,65648.0,5.720000000000027
14615.0,167,5302.0,24.321100917431192,1.1472523894323299,167,65881.0,0.02867510133865733,167,65881.0,-2.3299999999999272
14620.0,169,5258.0,24.009132420091323,1.282950569496574,169,65523.0,0.03433091130863361,169,65523.0,3.5799999999999272
14625.0,171,5223.0,23.63348416289593,1.319254135459887,171,65179.0,0.03808014365058409,171,65179.0,3.4400000000000546
14630.0,167,5183.0,23.666666666666668,1.457245170721001,167,64247.0,0.043051737335981284,167,64247.0,9.319999999999936
14635.0,162,4971.0,22.698630136986303,1.5291856360953888,162,64954.0,0.04641435043785996,162,64954.0,-7.069999999999936
14640.0,158,4638.0,21.37327188940092,1.5399683795412977,158,65573.0,0.04846013572289992,158,65573.0,-6.190000000000055
14645.0,154,4398.0,20.174311926605505,1.7172883709291904,154,66195.0,0.054559478103705865,154,66195.0,-6.220000000000027
14650.0,154,4246.0,19.65740740740741,1.7136891149687106,154,66204.0,0.05168699819346145,154,66204.0,-0.08999999999991815
14655.0,157,4299.0,20.088785046728972,1.6039094923132104,157,65492.0,0.0461757589206996,157,65492.0,7.1200000000000045
14660.0,160,4372.0,20.334883720930232,1.6838716924047397,160,64798.0,0.05130144503340256,160,64798.0,6.939999999999941
14665.0,157,4287.0,19.755760368663594,1.6543789091230738,157,64722.0,0.04638333730130062,157,64722.0,0.7599999999999909
14670.0,160,4236.0,19.70232558139535,1.6454665789125829,160,63805.0,0.04908353834735227,160,63805.0,9.170000000000073
14675.0,161,4206.0,19.382488479262673,1.666101882439684,161,62883.0,0.05055664290009588,161,62883.0,9.219999999999914
14680.0,158,4268.0,19.851162790697675,1.728715939440239,158,61115.0,0.05430982453448201,158,61115.0,17.680000000000064
14685.0,160,4458.0,20.44954128440367,1.68028282532653,160,61819.0,0.04790894384928017,160,61819.0,-7.040000000000077
14690.0,162,4593.0,21.16589861751152,1.605595216004746,162,62458.0,0.04723940764155134,162,62458.0,-6.389999999999986
14695.0,161,4771.0,21.88532110091743,1.682512534484944,161,63120.0,0.04985706139425079,161,63120.0,-6.6200000000000045
14700.0,160,4873.0,22.456221198156683,1.727012369619239,160,63267.0,0.04685886692246599,160,63267.0,-1.4699999999999136
14705.0,162,4853.0,22.572093023255814,1.5378778543899854,162,62809.0,0.042499159680740875,162,62809.0,4.579999999999927
14710.0,160,4834.0,22.37962962962963,1.6949943544327846,160,62392.0,0.05119953184663319,160,62392.0,4.170000000000073
14715.0,157,4856.0,22.48148148148148,1.7403914829182963,157,61434.0,0.05265178421814467,157,61434.0,9.579999999999927
14720.0,160,5005.0,23.171296296296298,1.8684047340289989,160,60648.0,0.058605199467346006,160,60648.0,7.860000000000014
14725.0,158,5076.0,23.28440366972477,1.744733544448219,158,61333.0,0.051283426696700954,158,61333.0,-6.850000000000023
14730.0,157,5159.0,23.88425925925926,1.7591239935372613,157,61952.0,0.053526400282609785,157,61952.0,-6.189999999999941
14735.0,158,5545.0,25.790697674418606,1.8525745040939334,158,62591.0,0.06121152347373798,158,62591.0,-6.389999999999986
14740.0,166,5866.0,27.15740740740741,1.6519831830648286,165,62512.0,0.04544927104346504,165,62512.0,0.7899999999999636
14745.0,170,6099.0,27.84931506849315,1.589825079783215,170,63326.0,0.03839203772527757,170,63326.0,-8.139999999999986
14750.0,167,6331.0,29.17511520737327,1.6237195325229037,167,62431.0,0.04440991741448138,167,62431.0,8.950000000000045
14755.0,165,6507.0,29.986175115207374,1.5987014679302542,165,63190.0,0.04429388917061858,165,63190.0,-7.590000000000032
14760.0,164,6667.0,30.723502304147466,1.5942846655923866,164,63898.0,0.043236026306452464,164,63898.0,-7.080000000000041
14765.0,164,6985.0,32.33796296296296,1.6396958088085967,164,64619.0,0.049370037001617094,164,64619.0,-7.210000000000036
14770.0,170,7488.0,34.666666666666664,1.4940433341703363,169,64591.0,0.04106506317716907,169,64591.0,0.2800000000000864
14775.0,175,7982.0,37.12558139534884,1.266628803784251,175,65446.0,0.029324273634986624,175,65446.0,-8.550000000000068
14780.0,174,8479.0,39.437209302325584,1.2265579012957315,174,64701.0,0.029148404440264182,174,64701.0,7.4500000000000455
14785.0,172,8923.0,41.50232558139535,1.1527681539271786,172,65518.0,0.02771544144044796,172,65518.0,-8.169999999999959
14790.0,169,9340.0,43.84976525821596,1.1628182098104876,169,66307.0,0.03073476051459076,169,66307.0,-7.8900000000001
14795.0,171,9815.0,45.651162790697676,1.310685378568577,171,67107.0,0.03635566817232957,171,67107.0,-8.0
14800.0,173,10099.0,46.972093023255816,1.1472675964294856,173,67368.0,0.026730045192476157,173,67368.0,-2.6099999999999
14805.0,171,10316.0,47.98139534883721,1.259487445958927,171,67282.0,0.031574274374289966,171,67282.0,0.8599999999999
14810.0,171,10703.0,50.01401869158879,1.3252129365332206,171,67207.0,0.04079532578004462,171,67207.0,0.75
14815.0,173,11004.0,50.70967741935484,1.2106528866000636,173,67262.0,0.03105770449832924,173,67262.0,-0.5499999999999545
14820.0,171,11248.0,52.074074074074076,1.258451616882296,171,66520.0,0.03347439448009488,171,66520.0,7.419999999999959
14825.0,167,11478.0,53.138888888888886,1.4009967330011297,167,65891.0,0.04194868129193117,167,65891.0,6.290000000000077
14830.0,163,11686.0,54.60747663551402,1.4792096762670202,163,64762.0,0.048336781306511846,163,64762.0,11.289999999999964
14835.0,159,11385.0,53.200934579439256,1.4379984325965076,159,64664.0,0.04600520409095992,159,64664.0,0.9800000000000182
14840.0,159,10796.0,50.44859813084112,1.522688807464538,159,63678.0,0.04952517490587576,159,63678.0,9.860000000000014
14845.0,158,10210.0,47.48837209302326,1.6577355874416198,158,62795.0,0.05263909164905564,158,62795.0,8.829999999999927
14850.0,156,9619.0,44.532407407407405,1.8459969489501318,156,61388.0,0.05586308297370785,156,61388.0,14.07000000000005
14855.0,152,9020.0,42.149532710280376,1.9477834223871346,152,59983.0,0.06716618121613639,152,59983.0,14.049999999999955
14860.0,148,8451.0,39.863207547169814,1.983983933300693,148,58572.0,0.06484432635147941,148,58572.0,14.110000000000014
14865.0,145,7964.0,37.389671361502344,2.0854867529183823,144,57872.0,0.07088896716164371,144,57872.0,7.0
14870.0,149,7479.0,35.278301886792455,1.979860003872534,149,58604.0,0.06608666549709331,149,58604.0,-7.319999999999936
14875.0,154,6961.0,32.52803738317757,1.851229340897649,154,59359.0,0.05732798238887809,154,59359.0,-7.550000000000068
14880.0,158,6704.0,31.62264150943396,1.8196546181605182,158,60133.0,0.05763786808213475,158,60133.0,-7.740000000000009
14885.0,162,6605.0,31.009389671361504,1.697714834971279,162,60204.0,0.051411878095960574,162,60204.0,-0.7099999999999227
14890.0,164,6490.0,30.327102803738317,1.7149972949550814,164,59566.0,0.05138483098284903,164,59566.0,6.3799999999999955
14895.0,161,6369.0,29.761682242990656,1.7961092915362584,161,59001.0,0.056609517220868974,161,59001.0,5.649999999999977
14900.0,158,6446.0,30.40566037735849,1.9036842737275992,158,57756.0,0.06323282887936464,158,57756.0,12.450000000000045
14905.0,160,7163.0,33.7877358490566,1.9076612737224192,160,56541.0,0.06598355085984267,160,56541.0,12.149999999999977
14910.0,163,7605.0,35.70422535211268,1.6799458828230027,163,56801.0,0.05573375962455941,163,56801.0,-2.6000000000000227
14915.0,165,7867.0,36.59069767441861,1.4789043974970497,165,56531.0,0.046627129328062206,165,56531.0,2.7000000000000455
14920.0,163,8132.0,37.82325581395349,1.6850224839357522,163,56282.0,0.055005761083265305,163,56282.0,2.4899999999998954
14925.0,160,8219.0,38.22790697674419,1.6839039062010897,160,56946.0,0.050306604066612186,160,56946.0,-6.639999999999986
14930.0,158,8184.0,38.06511627906977,1.7372868273632462,158,57477.0,0.052733076794119184,158,57477.0,-5.309999999999945
14935.0,154,8144.0,37.52995391705069,1.8781835436116538,154,58013.0,0.06285960042002668,154,58013.0,-5.360000000000014
14940.0,151,8290.0,38.027522935779814,2.0342405018757654,151,58472.0,0.06519539999619268,151,58472.0,-4.590000000000032
14945.0,156,8585.0,39.56221198156682,2.0594587037402134,156,59021.0,0.06742897823493096,156,59021.0,-5.490000000000009
14950.0,164,8907.0,41.236111111111114,1.8848765625780894,164,59712.0,0.05954515403324972,164,59712.0,-6.909999999999968
14955.0,167,9251.0,42.8287037037037,1.517696416713235,167,60440.0,0.04327296236904145,167,60440.0,-7.279999999999973
14960.0,171,9619.0,44.532407407407405,1.4452621455407824,170,61266.0,0.038504112752347,170,61266.0,-8.259999999999991
14965.0,173,9997.0,46.282407407407405,1.39082024490993,172,62117.0,0.03639013172432195,172,62117.0,-8.509999999999991
14970.0,173,10379.0,47.8294930875576,1.4000470988880396,173,62972.0,0.03402159187191904,173,62972.0,-8.550000000000068
14975.0,175,10890.0,50.651162790697676,1.2691886632983236,175,63835.0,0.030484900957771767,175,63835.0,-8.629999999999995
14980.0,181,11574.0,53.83255813953488,1.1428175743803284,181,64000.0,0.023622193674989994,181,64000.0,-1.6499999999999773
14985.0,180,12127.0,55.884792626728114,1.2600958116103627,180,63444.0,0.028230970970913295,180,63444.0,5.559999999999945
14990.0,179,12676.0,58.14678899082569,1.2991058559510875,179,62895.0,0.03211451018781405,179,62895.0,5.490000000000009
14995.0,179,13204.0,60.29223744292238,1.1953187204169946,179,63755.0,0.030706207369195503,179,63755.0,-8.599999999999909
15000.0,182,13761.0,62.83561643835616,1.1620552923831609,182,64656.0,0.024647196653367537,182,64656.0,-9.009999999999991
15005.0,184,14330.0,64.84162895927602,1.2880514961197127,184,65567.0,0.024853769727230877,184,65567.0,-9.110000000000014
15010.0,186,14910.0,67.77272727272727,1.2609672321111949,186,66492.0,0.026755425559431185,186,66492.0,-9.25
15015.0,183,15219.0,68.86425339366515,1.3117138489300622,183,66806.0,0.027835736179554045,183,66806.0,-3.1399999999999864
15020.0,179,15325.0,70.29816513761467,1.298802003909874,179,66501.0,0.029882187372420682,179,66501.0,3.0499999999999545
15025.0,174,15410.0,71.3425925925926,1.4512655157120433,174,66179.0,0.03813211438107519,174,66179.0,3.2200000000000273
15030.0,169,15483.0,72.35046728971963,1.5081207803019125,169,65248.0,0.040094811510636305,169,65248.0,9.309999999999945
15035.0,165,14991.0,70.05140186915888,1.5877026469511686,165,65242.0,0.04480057966433352,165,65242.0,0.06000000000005912
15040.0,161,14132.0,66.66037735849056,1.6068110025435065,161,64477.0,0.04478702034737855,161,64477.0,7.649999999999977
15045.0,157,13328.0,63.770334928229666,1.6562865715754866,157,63793.0,0.052350847981783265,157,63793.0,6.840000000000032
15050.0,158,12666.0,60.60287081339713,1.7345167949513405,158,62433.0,0.052231164831300025,158,62433.0,13.599999999999909
15055.0,158,12005.0,56.8957345971564,1.8822523654153596,158,61091.0,0.058157382189082125,158,61091.0,13.420000000000073
15060.0,155,11332.0,53.96190476190476,1.8895646270111786,155,59855.0,0.0629180793487181,155,59855.0,12.360000000000014
15065.0,152,10647.0,50.221698113207545,1.9931650240338656,152,59428.0,0.06440988951326035,152,59428.0,4.269999999999982
15070.0,150,9952.0,47.61722488038278,2.0200236399596463,150,58412.0,0.06745069281366675,150,58412.0,10.159999999999968
15075.0,145,9234.0,44.39423076923077,2.0752223169720585,145,57970.0,0.07100970993793347,145,57970.0,4.419999999999959
15080.0,139,8459.0,41.06310679611651,2.0549645028810786,139,58611.0,0.07294171907986467,139,58611.0,-6.409999999999968
15085.0,141,8079.0,39.028985507246375,2.035596382294413,141,59228.0,0.0737694037779241,141,59228.0,-6.169999999999959
15090.0,148,7798.0,37.85436893203884,1.939311081071818,146,59886.0,0.07035043102335777,146,59886.0,-6.580000000000041
15095.0,147,7548.0,36.46376811594203,1.913813782312354,147,60588.0,0.06636931237302986,147,60588.0,-7.019999999999982
15100.0,152,7231.0,35.101941747572816,1.7819764070348867,150,60510.0,0.05865488530281705,150,60510.0,0.7799999999999727
15105.0,151,7443.0,35.95652173913044,1.926644181523747,150,59605.0,0.06458864025280765,150,59605.0,9.050000000000068
15110.0,154,7665.0,36.32701421800948,2.006163125177782,154,58788.0,0.05957783036836916,154,58788.0,8.169999999999959
15115.0,155,7891.0,37.39810426540284,1.846945880360821,155,59548.0,0.04568239304848741,155,59548.0,-7.600000000000023
15120.0,160,8156.0,38.654028436018955,1.7542609195643069,160,60330.0,0.03504208823486638,160,60330.0,-7.819999999999936
15125.0,165,8446.0,40.21904761904762,1.7549957566891927,165,61143.0,0.037690622628015,165,61143.0,-8.129999999999995
15130.0,167,8607.0,40.98571428571429,1.646456473593931,167,61338.0,0.03563682636754257,167,61338.0,-1.9500000000000455
15135.0,162,8660.0,40.84905660377358,1.6912422255837705,162,61529.0,0.03495850882350649,162,61529.0,-1.9099999999999682
15140.0,160,8697.0,41.02358490566038,1.77939162136272,160,61078.0,0.03771890984901163,160,61078.0,4.509999999999991
15145.0,157,8702.0,41.43809523809524,1.6792580375451083,157,61853.0,0.041939428282887777,157,61853.0,-7.75
15150.0,160,8727.0,41.55714285714286,1.607064770833435,160,62640.0,0.04063683501928306,160,62640.0,-7.8700000000000045
15155.0,160,8759.0,42.31400966183575,1.5170120457653458,160,63435.0,0.04185471991212903,160,63435.0,-7.9500000000000455
15160.0,162,8801.0,42.93170731707317,1.3585139270606794,162,64240.0,0.03308686168152728,162,64240.0,-8.049999999999955
15165.0,165,8977.0,44.004901960784316,1.2999289420071176,165,65053.0,0.034656673046692586,165,65053.0,-8.129999999999995
15170.0,168,9406.0,46.1078431372549,1.1343853303515048,168,65108.0,0.025922316852022398,168,65108.0,-0.5500000000000682
15175.0,168,9730.0,46.77884615384615,1.2322403241321849,168,64543.0,0.03397152685790045,168,64543.0,5.650000000000091
15180.0,167,10082.0,48.70531400966183,1.2097474375404347,167,64131.0,0.03833040867073592,167,64131.0,4.1200000000000045
15185.0,167,10491.0,49.720379146919434,1.363825750593815,167,63114.0,0.040708381156379404,167,63114.0,10.169999999999959
15190.0,165,10961.0,52.44497607655502,1.4708051353653637,165,62112.0,0.050141053813752993,165,62112.0,10.019999999999982
15195.0,161,11468.0,55.13461538461539,1.5139284072917076,161,61132.0,0.05078764374060114,161,61132.0,9.799999999999955
15200.0,163,12001.0,57.421052631578945,1.523166507657743,162,60797.0,0.051270166298988125,162,60797.0,3.3500000000000227
15205.0,164,12536.0,59.695238095238096,1.5610517265994126,164,59978.0,0.056414549421426846,164,59978.0,8.190000000000055
15210.0,160,13063.0,62.50239234449761,1.5528864785524423,160,59844.0,0.05624637076824291,160,59844.0,1.3399999999999181
15215.0,159,13582.0,64.67619047619047,1.660843761058913,159,59749.0,0.05680444815955912,159,59749.0,0.9500000000000455
15220.0,153,13853.0,66.2822966507177,1.7685141569789522,153,59825.0,0.06255789451871654,153,59825.0,-0.7599999999999909
15225.0,150,13958.0,66.46666666666667,1.8888087248177976,149,59190.0,0.06557699588011501,149,59190.0,6.350000000000023
15230.0,146,14037.0,67.16267942583733,2.0912484724511575,145,58530.0,0.07399215818957514,145,58530.0,6.600000000000023
15235.0,141,14169.0,68.44927536231884,2.2334358433785773,140,57309.0,0.07886091457948784,140,57309.0,12.209999999999923
15240.0,142,13882.0,67.71707317073171,2.189025341738614,142,57212.0,0.07665298009346377,142,57212.0,0.9700000000000273
15245.0,144,13188.0,63.710144927536234,2.057585045559736,144,57931.0,0.06690392691329364,144,57931.0,-7.189999999999941
15250.0,144,12497.0,60.08173076923077,2.0939862564651284,144,57165.0,0.057291440991952755,144,57165.0,7.659999999999968
15255.0,144,11613.0,56.10144927536232,1.9686989128022028,144,57808.0,0.0539850477184941,144,57808.0,-6.430000000000064
15260.0,145,10779.0,52.3252427184466,1.9350485290858195,145,58414.0,0.0552442636888404,145,58414.0,-6.059999999999945
15265.0,148,10096.0,48.53846153846154,1.9744087337867193,148,59060.0,0.0572635679159199,148,59060.0,-6.460000000000036
15270.0,149,9428.0,45.110047846889955,2.0577573202992627,149,59737.0,0.05494658088739681,149,59737.0,-6.769999999999982
15275.0,150,8766.0,42.14423076923077,1.9421347505734943,150,60480.0,0.05428004342670918,150,60480.0,-7.42999999999995
15280.0,152,8112.0,39.18840579710145,1.7867497355943924,152,61237.0,0.04825332346038542,152,61237.0,-7.57000000000005
15285.0,155,7550.0,36.29807692307692,1.7298288958980679,155,62002.0,0.044223689200410116,155,62002.0,-7.649999999999977
15290.0,160,7150.0,34.54106280193237,1.5948704144206236,160,62120.0,0.03951109930047666,160,62120.0,-1.1800000000000637
15295.0,160,6658.0,32.4780487804878,1.455214530212294,160,62254.0,0.03328275610213326,160,62254.0,-1.3399999999999181
15300.0,163,6193.0,30.357843137254903,1.2607230608729698,163,62389.0,0.03186683668625972,163,62389.0,-1.3500000000000227
15305.0,159,5690.0,27.48792270531401,1.3017802426540759,159,62658.0,0.032527869717281624,159,62658.0,-2.6900000000000546
15310.0,160,5785.0,27.8125,1.2927718104816288,160,62422.0,0.03666560547209743,160,62422.0,2.3600000000000136
15315.0,163,5901.0,28.1,1.343166157067213,163,62239.0,0.04095435175301646,163,62239.0,1.830000000000041
15320.0,166,6032.0,28.31924882629108,1.418882766041733,166,61761.0,0.03805516263072267,166,61761.0,4.779999999999973
15325.0,164,6165.0,28.674418604651162,1.6103655554983207,164,61615.0,0.04905336536526764,164,61615.0,1.4600000000000364
15330.0,160,6058.0,28.57547169811321,1.411537416994521,160,61672.0,0.039297206365405804,160,61672.0,-0.57000000000005
15335.0,157,5787.0,27.169014084507044,1.5603742670664746,157,60976.0,0.045703065836101835,157,60976.0,6.960000000000036
15340.0,153,5495.0,26.166666666666668,1.6745394922543282,153,60261.0,0.05503725115661074,153,60261.0,7.149999999999977
15345.0,148,5180.0,24.549763033175356,1.8904167405815884,148,58799.0,0.05919738623886117,148,58799.0,14.620000000000005
15350.0,144,4757.0,22.760765550239235,1.9183281123889993,144,59479.0,0.06046386459724891,144,59479.0,-6.7999999999999545
15355.0,142,4522.0,21.636363636363637,1.9507674210467638,142,60121.0,0.061568415965898245,142,60121.0,-6.420000000000073
15360.0,146,4550.0,21.770334928229666,2.023711587939308,146,60801.0,0.06393092696600179,146,60801.0,-6.7999999999999545
15365.0,148,4502.0,21.7487922705314,1.8808912540443838,148,60818.0,0.05970997051057301,148,60818.0,-0.16999999999995907
15370.0,151,4426.0,21.278846153846153,1.8321619865570158,151,60844.0,0.05265301885515856,151,60844.0,-0.2600000000001046
15375.0,152,4513.0,21.49047619047619,1.9107566848937907,152,60878.0,0.057882199905015905,152,60878.0,-0.33999999999991815
15380.0,154,4567.0,21.851674641148325,1.6715297181136606,154,61620.0,0.04714275228225849,154,61620.0,-7.420000000000073
15385.0,157,4676.0,22.48076923076923,1.5627286433840175,157,62376.0,0.04550944181155772,157,62376.0,-7.559999999999945
15390.0,159,4796.0,23.169082125603865,1.5585640830731293,159,63164.0,0.04636954058339763,159,63164.0,-7.8799999999999955
15395.0,158,4949.0,24.024271844660195,1.4493337732875355,158,63266.0,0.04393902050004084,158,63266.0,-1.0199999999999818
15400.0,163,5371.0,25.698564593301434,1.4115227257674743,163,63379.0,0.038554680003616164,163,63379.0,-1.1299999999999955
15405.0,164,5804.0,27.37735849056604,1.2884924704375322,164,63503.0,0.03369853326696759,164,63503.0,-1.240000000000009
15410.0,164,6006.0,28.197183098591548,1.2846046335484769,164,63924.0,0.030056175823749698,164,63924.0,-4.210000000000036
15415.0,163,6047.0,28.658767772511847,1.2179097976245807,163,63954.0,0.03387276024823096,163,63954.0,-0.2999999999999545
15420.0,160,6079.0,28.947619047619046,1.3883573569870227,160,63973.0,0.04394078797634281,160,63973.0,-0.19000000000005457
15425.0,158,6095.0,28.886255924170616,1.4723555795554872,158,63591.0,0.043535346979606315,158,63591.0,3.82000000000005
15430.0,156,6163.0,29.347619047619048,1.6023911428407267,156,63220.0,0.05274951742336186,156,63220.0,3.7099999999999227
15435.0,158,6394.0,30.447619047619046,1.4069865858900763,158,64005.0,0.04327556467471193,158,64005.0,-7.849999999999909
15440.0,164,6715.0,31.824644549763033,1.4005312241979246,164,64812.0,0.041368542702445464,164,64812.0,-8.07000000000005
15445.0,163,7022.0,33.12264150943396,1.4361068318469772,163,65590.0,0.043360086274990016,163,65590.0,-7.779999999999973
15450.0,163,7225.0,34.241706161137444,1.429384544320662,163,65740.0,0.03877604547859566,163,65740.0,-1.5
15455.0,159,7345.0,34.976190476190474,1.439769771928967,159,65225.0,0.047178939746948444,159,65225.0,5.149999999999977
15460.0,156,7463.0,35.87980769230769,1.3856725167909625,156,65410.0,0.050006416364775444,156,65410.0,-1.8500000000000227
15465.0,154,7592.0,36.32535885167464,1.4221794732958875,154,66137.0,0.04644563378610716,154,66137.0,-7.269999999999982
15470.0,157,7778.0,37.21531100478469,1.4230052586663933,157,66848.0,0.05204751848377652,157,66848.0,-7.110000000000014
15475.0,160,8125.0,38.8755980861244,1.49325868133414,160,67599.0,0.05346571589075898,160,67599.0,-7.509999999999991
15480.0,165,8345.0,40.12019230769231,1.3052612570039512,165,67552.0,0.04170762250017181,165,67552.0,0.4700000000000273
15485.0,166,8315.0,39.40758293838863,1.2998652965954471,166,66658.0,0.037140038857991504,166,66658.0,8.93999999999994
15490.0,165,8287.0,39.089622641509436,1.3780552144167852,165,65767.0,0.04044039129232795,165,65767.0,8.910000000000082
15495.0,162,8247.0,38.71830985915493,1.5234298524021825,162,64088.0,0.04318896323158879,162,64088.0,16.789999999999964
15500.0,159,8089.0,38.33649289099526,1.478898858132529,159,64259.0,0.04196499115387315,159,64259.0,-1.7100000000000364
15505.0,157,7849.0,36.84976525821596,1.5240130784367723,157,63797.0,0.045195850329565496,157,63797.0,4.6200000000000045
15510.0,153,7595.0,35.825471698113205,1.655228008916498,153,63322.0,0.05188248471754659,153,63322.0,4.75
15515.0,151,7324.0,34.54716981132076,1.6170691141333664,151,63238.0,0.04889868721915922,151,63238.0,0.8400000000000318
15520.0,155,7195.0,33.93867924528302,1.5025417534401022,155,63168.0,0.04300828337065415,155,63168.0,0.7000000000000455
15525.0,157,7075.0,32.906976744186046,1.5884498974985612,157,63123.0,0.04754456494626398,157,63123.0,0.4499999999999318
15530.0,155,6956.0,32.2037037037037,1.718815521244805,155,61449.0,0.05063541716430602,155,61449.0,16.74000000000001
15535.0,153,6529.0,30.087557603686637,1.7316933195447468,152,61740.0,0.05109683381715176,152,61740.0,-2.909999999999968
15540.0,153,5920.0,27.92452830188679,1.6307396045384037,153,62503.0,0.05148307216588563,153,62503.0,-7.6299999999999955
15545.0,149,5436.0,25.641509433962263,1.6825292993207666,149,62780.0,0.050754547007110046,149,62780.0,-2.769999999999982
15550.0,152,5211.0,24.814285714285713,1.617830718337794,152,63449.0,0.05098792133165738,152,63449.0,-6.690000000000055
15555.0,153,4970.0,23.666666666666668,1.3466022344735151,153,64141.0,0.04299674413437483,153,64141.0,-6.919999999999959
15560.0,151,4922.0,23.438095238095237,1.50680001592972,151,64761.0,0.052818171068466854,151,64761.0,-6.2000000000000455
15565.0,153,4949.0,23.454976303317537,1.5380294662857747,153,65382.0,0.05405847601500679,153,65382.0,-6.210000000000036
15570.0,160,5136.0,24.341232227488153,1.4414491450033564,160,66110.0,0.04769936617150676,160,66110.0,-7.279999999999973
15575.0,167,5299.0,24.64651162790698,1.200160303446019,167,66424.0,0.03373062391066328,167,66424.0,-3.1399999999999864
15580.0,165,5458.0,25.50467289719626,1.226434685319191,165,66251.0,0.037582188911658626,165,66251.0,1.7300000000000182
15585.0,167,5637.0,26.218604651162792,1.3511392780134863,167,66084.0,0.0419378206338076,167,66084.0,1.669999999999959
15590.0,169,5798.0,27.093457943925234,1.284162692252482,169,66908.0,0.03226292283366574,169,66908.0,-8.240000000000009
15595.0,173,6055.0,27.903225806451612,1.3335656990653033,173,67750.0,0.028804616901789676,173,67750.0,-8.419999999999959
15600.0,175,6447.0,29.84722222222222,1.2941348397451284,175,68603.0,0.03052313330583541,175,68603.0,-8.529999999999973
15605.0,176,6905.0,31.674311926605505,1.2698443446651733,176,68777.0,0.030920882964852403,176,68777.0,-1.740000000000009
15610.0,178,7203.0,33.04128440366973,1.1978912743691834,178,68955.0,0.024699392741478702,178,68955.0,-1.7799999999999727
15615.0,176,7501.0,34.095454545454544,1.3553942392552982,176,69166.0,0.03117083397558906,176,69166.0,-2.1100000000000136
15620.0,171,7781.0,35.36818181818182,1.4747015458642951,171,68690.0,0.0394711660214268,171,68690.0,4.759999999999991
15625.0,166,7933.0,36.38990825688074,1.459569934021262,166,68333.0,0.03922574554585237,166,68333.0,3.5699999999999363
15630.0,162,7990.0,37.16279069767442,1.4557164043919197,162,68075.0,0.041012349097070605,162,68075.0,2.580000000000041
15635.0,157,8025.0,38.03317535545024,1.5436181812497938,157,67794.0,0.05129429501020801,157,67794.0,2.8099999999999454
15640.0,154,8067.0,38.59808612440192,1.656484776673649,154,67084.0,0.05171392182683406,154,67084.0,7.100000000000023
15645.0,154,7877.0,37.688995215311,1.623935608093445,154,66939.0,0.05168081168386431,154,66939.0,1.4500000000000455
15650.0,155,7470.0,35.40284360189573,1.664600470727538,155,65904.0,0.047989057195839076,155,65904.0,10.350000000000023
15655.0,151,7050.0,33.25471698113208,1.8087716094398376,151,64883.0,0.054250529951605,151,64883.0,10.209999999999923
15660.0,149,6618.0,31.364928909952607,1.8797718750039398,149,63070.0,0.0579150676834424,149,63070.0,18.129999999999995
15665.0,145,6015.0,28.642857142857142,1.8414552944719091,145,63749.0,0.059607608065446405,145,63749.0,-6.789999999999964
15670.0,142,5564.0,26.62200956937799,1.9408573293719245,142,64368.0,0.06460971651284653,142,64368.0,-6.189999999999941
15675.0,146,5558.0,26.593301435406698,1.9973154155907522,146,65024.0,0.06782756192257638,146,65024.0,-6.560000000000059
15680.0,152,5533.0,26.60096153846154,1.798795143538496,152,64902.0,0.05761726186179007,152,64902.0,1.2200000000000273
15685.0,152,5495.0,26.166666666666668,1.8561354585441736,152,63941.0,0.05375875986050211,152,63941.0,9.610000000000014
15690.0,151,5503.0,26.330143540669855,1.95025869931331,151,62971.0,0.06257407076477164,151,62971.0,9.699999999999932
15695.0,152,5631.0,26.942583732057415,1.9688358533716994,152,61301.0,0.06449048142244437,152,61301.0,16.700000000000045
15700.0,153,5543.0,26.270142180094787,1.8760050590678343,153,61340.0,0.057977553797821324,153,61340.0,-0.38999999999998636
15705.0,152,5312.0,25.66183574879227,1.6927482938979035,152,60694.0,0.05517975547218556,152,60694.0,6.459999999999923
15710.0,150,5202.0,25.009615384615383,1.8008447829781624,150,60072.0,0.0596045549467864,150,60072.0,6.220000000000027
15715.0,152,5514.0,26.13270142180095,1.9747106160043282,152,58787.0,0.061672195978012566,152,58787.0,12.850000000000023
15720.0,156,5836.0,27.79047619047619,1.8383663438780853,156,57707.0,0.05735243029735431,156,57707.0,10.799999999999955
15725.0,154,6026.0,28.42452830188679,1.7105005588453688,154,58412.0,0.05323001810269162,154,58412.0,-7.0499999999999545
15730.0,150,6200.0,29.38388625592417,1.8330850764865643,150,59069.0,0.060012680810377105,150,59069.0,-6.57000000000005
15735.0,151,6500.0,30.516431924882628,2.0879651426652623,151,59732.0,0.07079141917000352,151,59732.0,-6.6299999999999955
15740.0,153,6840.0,32.264150943396224,2.103885872063591,153,60435.0,0.06273385524019785,153,60435.0,-7.029999999999973
15745.0,155,6934.0,32.70754716981132,1.9947355199278727,155,60622.0,0.05867225589994321,155,60622.0,-1.8700000000000045
15750.0,156,6840.0,32.264150943396224,1.9685619576855178,156,60336.0,0.0531522008393229,156,60336.0,2.8600000000000136
15755.0,157,6750.0,31.990521327014218,1.8501038647194865,157,60155.0,0.0514245367833449,157,60155.0,1.8100000000000591
15760.0,154,6619.0,31.669856459330145,1.7507724403205958,154,60909.0,0.04748797436390458,154,60909.0,-7.540000000000077
15765.0,155,6628.0,31.561904761904763,1.782156420031614,155,61666.0,0.04753563643479054,155,61666.0,-7.569999999999936
15770.0,162,6925.0,33.133971291866025,1.6661434780004727,162,62449.0,0.045147473835020394,162,62449.0,-7.830000000000041
15775.0,169,7209.0,33.84507042253521,1.4491607936102227,169,62786.0,0.03624159289082181,169,62786.0,-3.3700000000000045
15780.0,168,7475.0,35.093896713615024,1.4327225764765874,168,62692.0,0.03527921270863429,168,62692.0,0.9400000000000546
15785.0,166,7734.0,36.309859154929576,1.5727680634394967,166,62638.0,0.04275614078878401,166,62638.0,0.5399999999999636
15790.0,162,7976.0,38.16267942583732,1.524888021842537,162,62143.0,0.04388517058440764,162,62143.0,4.9500000000000455
15795.0,161,8206.0,38.70754716981132,1.7497911716520647,161,61654.0,0.05327460468489707,161,61654.0,4.889999999999986
15800.0,158,8422.0,39.72641509433962,1.8912287551631624,158,61165.0,0.056259830165871695,158,61165.0,4.889999999999986
15805.0,154,8648.0,40.60093896713615,1.8682001438257663,154,61090.0,0.05902564578107427,154,61090.0,0.75
15810.0,156,8913.0,41.649532710280376,1.8477072637164507,155,61794.0,0.05712996598036669,155,61794.0,-7.040000000000077
15815.0,163,9619.0,45.58767772511848,1.6413546384345399,162,62558.0,0.05084050152763743,162,62558.0,-7.639999999999986
15820.0,168,10356.0,49.31428571428572,1.5305618376109893,167,63347.0,0.04778546037891167,167,63347.0,-7.889999999999986
15825.0,165,11069.0,52.2122641509434,1.6712501674255253,165,64106.0,0.049947590991893887,165,64106.0,-7.589999999999918
15830.0,166,11428.0,54.161137440758296,1.6373361085545994,166,63983.0,0.0463727502666445,166,63983.0,1.2299999999999045
15835.0,164,11534.0,54.923809523809524,1.6637476374165128,164,62982.0,0.052110865424887236,164,62982.0,10.009999999999991
15840.0,161,11656.0,56.309178743961354,1.7454083139266485,161,61989.0,0.058191118339771836,161,61989.0,9.930000000000064
15845.0,161,11811.0,56.78365384615385,1.788367284511038,161,60125.0,0.057982618465446306,161,60125.0,18.639999999999986
15850.0,163,11970.0,57.82608695652174,1.7332541192662008,163,58335.0,0.060133920434158,163,58335.0,17.899999999999977
15855.0,163,11992.0,57.65384615384615,1.4727433952075728,163,59151.0,0.04691425691469375,163,59151.0,-8.159999999999968
15860.0,167,11941.0,57.40865384615385,1.4387689480972665,167,59996.0,0.041313923626602155,167,59996.0,-8.450000000000045
15865.0,167,11886.0,57.42028985507246,1.3923062839135432,167,60365.0,0.042473601896284,167,60365.0,-3.689999999999941
15870.0,164,11655.0,56.30434782608695,1.3828998856713228,164,61123.0,0.04174607490865077,164,61123.0,-7.580000000000041
15875.0,159,11362.0,54.36363636363637,1.4872072508717724,159,61805.0,0.0474486227966238,159,61805.0,-6.819999999999936
15880.0,160,11213.0,53.65071770334928,1.485214266423352,160,62551.0,0.051309402072936675,160,62551.0,-7.460000000000036
15885.0,162,11045.0,52.84688995215311,1.3683556151275365,162,62879.0,0.03960813646927588,162,62879.0,-3.2799999999999727
15890.0,163,10881.0,51.81428571428572,1.409813875100675,163,62735.0,0.04463710952928366,163,62735.0,1.4399999999999409
15895.0,159,10861.0,51.71904761904762,1.5189298183994349,159,62582.0,0.0504286674672447,159,62582.0,1.5299999999999727
15900.0,162,11317.0,53.89047619047619,1.5801845633362095,162,61979.0,0.04979746657538656,162,61979.0,6.030000000000086
15905.0,168,11732.0,55.07981220657277,1.436470256387429,168,62790.0,0.04272912534963904,168,62790.0,-8.110000000000014
15910.0,167,12171.0,56.873831775700936,1.413878967853266,167,63555.0,0.03540353234197596,167,63555.0,-7.649999999999977
15915.0,166,12754.0,59.32093023255814,1.4328742750799641,166,64267.0,0.03587118482048085,166,64267.0,-7.1200000000000045
15920.0,168,13361.0,62.72769953051643,1.4115841137842584,168,64647.0,0.03951608253587645,168,64647.0,-3.800000000000068
15925.0,169,14010.0,65.77464788732394,1.2960347380535602,169,64606.0,0.03754861475808491,169,64606.0,0.41000000000008185
15930.0,167,14652.0,68.78873239436619,1.3938736223719828,167,64563.0,0.04480378340435434,167,64563.0,0.42999999999995
15935.0,168,15288.0,70.77777777777777,1.409761570170853,167,65328.0,0.03927916213944015,167,65328.0,-7.649999999999977
15940.0,168,15910.0,74.0,1.3659998640481963,168,66164.0,0.03771595131233095,168,66164.0,-8.360000000000014
15945.0,166,16594.0,77.54205607476635,1.35525751023883,166,66898.0,0.040839594935814016,166,66898.0,-7.340000000000032
15950.0,168,16630.0,78.07511737089202,1.3188156000011415,168,67007.0,0.038865358677516386,168,67007.0,-1.0900000000000318
15955.0,171,16287.0,75.75348837209302,1.285440700437481,171,67138.0,0.03441729407926201,171,67138.0,-1.3099999999999454
15960.0,173,15951.0,74.1906976744186,1.2379680770033357,173,66564.0,0.03347817601409741,173,66564.0,5.740000000000009
15965.0,169,15607.0,72.5906976744186,1.2699013529390157,169,65994.0,0.0403960870836259,169,65994.0,5.699999999999932
15970.0,166,15249.0,70.59722222222223,1.4759202333893557,166,64722.0,0.04541714065904013,166,64722.0,12.720000000000027
15975.0,163,14798.0,68.50925925925925,1.3951235261764192,163,65474.0,0.04031577135939858,163,65474.0,-7.519999999999982
15980.0,162,14311.0,66.25462962962963,1.4505417279688688,162,66179.0,0.0444149682826174,162,66179.0,-7.0499999999999545
15985.0,162,13966.0,65.26168224299066,1.545557643503483,162,66891.0,0.05219823303166082,162,66891.0,-7.1200000000000045
15990.0,167,13506.0,63.11214953271028,1.4203359218703957,167,67217.0,0.039134514737410704,167,67217.0,-3.259999999999991
15995.0,170,12957.0,59.986111111111114,1.4191975651236175,170,67076.0,0.03653219132194217,170,67076.0,1.4099999999999682
16000.0,167,12401.0,57.67906976744186,1.5025538706978248,167,66921.0,0.0446142778701702,167,66921.0,1.5499999999999545
16005.0,164,11837.0,54.800925925925924,1.6301724313553978,164,66397.0,0.04810554652096324,164,66397.0,5.240000000000009
16010.0,161,11205.0,52.116279069767444,1.682713595374731,161,66445.0,0.05166196334322344,161,66445.0,-0.4800000000000182
16015.0,157,10728.0,49.666666666666664,1.7519545168547987,157,65750.0,0.050863331625756625,157,65750.0,6.9500000000000455
16020.0,158,11068.0,51.004608294930875,1.899329033175132,158,65060.0,0.0586069052127622,158,65060.0,6.899999999999977
16025.0,159,11408.0,52.330275229357795,1.889098849546445,159,63673.0,0.055257356747474465,159,63673.0,13.870000000000005
16030.0,159,11633.0,54.10697674418605,1.7395388324891823,159,64362.0,0.049087551441617666,159,64362.0,-6.889999999999986
16035.0,156,11786.0,55.594339622641506,1.6763714858780296,156,64987.0,0.057041733793248936,156,64987.0,-6.25
16040.0,156,12081.0,56.985849056603776,1.7518844543071705,156,65626.0,0.057850156337922995,156,65626.0,-6.389999999999986
16045.0,158,12414.0,57.73953488372093,1.8247048574656426,158,66270.0,0.05501637647402234,158,66270.0,-6.440000000000055
16050.0,159,12759.0,59.34418604651163,1.8528633696909154,159,66997.0,0.05545012509436796,159,66997.0,-7.269999999999982
16055.0,160,13053.0,60.995327102803735,1.7216727869315018,160,67306.0,0.049473060666900125,160,67306.0,-3.089999999999918
16060.0,161,13454.0,63.16431924882629,1.683692171108252,161,67166.0,0.04623347367555228,161,67166.0,1.3999999999999773
16065.0,162,13859.0,64.76168224299066,1.7337860029923022,162,67031.0,0.05145632617261243,162,67031.0,1.3500000000000227
16070.0,160,14253.0,67.23113207547169,1.663401239346543,160,67779.0,0.042253654219925336,160,67779.0,-7.480000000000018
16075.0,162,14734.0,69.17370892018779,1.7101687804847923,162,68542.0,0.04286259906434218,162,68542.0,-7.6299999999999955
16080.0,168,15335.0,71.32558139534883,1.7212519545616196,168,69360.0,0.038452131247296496,168,69360.0,-8.180000000000064
16085.0,172,15274.0,70.71296296296296,1.4401382334850168,172,69298.0,0.031963932020715236,172,69298.0,0.6200000000000045
16090.0,171,14757.0,69.28169014084507,1.3415249108748755,171,68312.0,0.0341725748920164,171,68312.0,9.860000000000014
16095.0,168,14234.0,66.82629107981221,1.4612935773276485,168,67323.0,0.039894390793550734,168,67323.0,9.889999999999986
16100.0,166,13608.0,63.58878504672897,1.480806468389087,166,67661.0,0.03789471560937116,166,67661.0,-3.3799999999999955
16105.0,165,12910.0,59.76851851851852,1.4768271046570545,165,67999.0,0.034286378591108224,165,67999.0,-3.3799999999999955
16110.0,162,12200.0,57.00934579439252,1.503618407950555,162,68301.0,0.039681499615996096,162,68301.0,-3.019999999999982
16115.0,158,11454.0,54.028301886792455,1.4639091503893058,158,69029.0,0.04000198071479399,158,69029.0,-7.279999999999973
16120.0,159,10827.0,51.803827751196174,1.3245450166990766,159,69757.0,0.036636845461971546,159,69757.0,-7.280000000000086
16125.0,164,10337.0,49.45933014354067,1.3085939857996254,164,70509.0,0.037159590801472464,164,70509.0,-7.519999999999982
16130.0,167,9818.0,46.75238095238095,1.2167687538083714,167,70797.0,0.03346420994525118,167,70797.0,-2.8799999999999955
16135.0,163,9258.0,44.08571428571429,1.2549563284559262,163,70757.0,0.038614579707999856,163,70757.0,0.39999999999997726
16140.0,161,8691.0,41.385714285714286,1.384850332112724,161,70753.0,0.04354243223392,161,70753.0,0.04000000000007731
16145.0,157,8161.0,39.047846889952154,1.4723295425777245,157,70371.0,0.04777530364108943,157,70371.0,3.8199999999999363
16150.0,154,7863.0,37.80288461538461,1.6211211883628778,154,70068.0,0.054977422493088464,154,70068.0,3.0300000000000864
16155.0,157,8355.0,40.16826923076923,1.5041810654670869,157,70792.0,0.04574795454200076,157,70792.0,-7.240000000000009
16160.0,163,8918.0,42.66985645933014,1.3721019448836858,163,71541.0,0.040485850968823345,163,71541.0,-7.490000000000009
16165.0,160,9505.0,45.04739336492891,1.4063091937651429,160,72260.0,0.038937731870327334,160,72260.0,-7.190000000000055
16170.0,165,10194.0,48.312796208530806,1.3610374541581303,165,72673.0,0.038248661641855655,165,72673.0,-4.1299999999999955
16175.0,168,10883.0,51.33490566037736,1.433745629973833,168,72761.0,0.04129124906140552,168,72761.0,-0.8799999999999955
16180.0,167,11569.0,54.829383886255926,1.4828165993980982,167,72851.0,0.047843232494382486,167,72851.0,-0.8999999999999773
16185.0,162,11774.0,55.800947867298575,1.489544772722883,162,72755.0,0.04353729568815418,162,72755.0,0.9600000000000364
16190.0,158,11647.0,55.199052132701425,1.6417902653007366,158,71766.0,0.047844780479709456,158,71766.0,9.889999999999986
16195.0,154,11517.0,54.84285714285714,1.75003144462488,154,70783.0,0.05530862555336004,154,70783.0,9.829999999999927
16200.0,156,11359.0,54.34928229665072,1.625909588633089,156,71457.0,0.051085296790449444,156,71457.0,-6.740000000000009
16205.0,156,11216.0,53.665071770334926,1.5629735104785962,156,72107.0,0.047245697192603506,156,72107.0,-6.5
16210.0,160,11165.0,53.166666666666664,1.6056568117893135,160,72797.0,0.04635624208559958,160,72797.0,-6.899999999999977
16215.0,162,10782.0,51.34285714285714,1.4554690996464354,162,72645.0,0.04032843418776416,162,72645.0,1.5199999999999818
16220.0,160,10163.0,47.93867924528302,1.5709156677993934,160,71583.0,0.04142062118917458,160,71583.0,10.620000000000005
16225.0,156,9534.0,45.18483412322275,1.6446507176740004,156,70534.0,0.049731000787569965,156,70534.0,10.490000000000009
16230.0,154,8847.0,41.92890995260664,1.6158508857797567,154,70407.0,0.04748420591642346,154,70407.0,1.2699999999999818
16235.0,154,8117.0,38.65238095238095,1.6552250738659497,154,69477.0,0.05024334535229509,154,69477.0,9.300000000000068
16240.0,156,7388.0,35.014218009478675,1.6807077735930054,156,68613.0,0.050221214978465135,156,68613.0,8.639999999999986
16245.0,154,6683.0,31.52358490566038,1.7733607668081894,154,66965.0,0.052006292723202376,154,66965.0,16.480000000000018
16250.0,152,5954.0,28.48803827751196,1.7312653497513677,152,67375.0,0.05063435521455648,152,67375.0,-4.100000000000023
16255.0,153,5666.0,27.11004784688995,1.5973605365065746,153,67472.0,0.05095137807746737,153,67472.0,-0.9700000000000273
16260.0,156,5386.0,25.28638497652582,1.745094750111651,156,67577.0,0.054000023785201204,156,67577.0,-1.0499999999999545
16265.0,153,5103.0,24.07075471698113,1.8123380420861792,153,67399.0,0.05775222593263716,153,67399.0,1.7799999999999727
16270.0,151,4809.0,22.577464788732396,2.047550554102586,151,67232.0,0.06536091595376925,151,67232.0,1.669999999999959
16275.0,147,4506.0,21.355450236966824,1.9929188913325793,147,67075.0,0.06230180785266997,147,67075.0,1.57000000000005
16280.0,145,4321.0,20.67464114832536,2.022767735742627,144,67206.0,0.06949673580309175,144,67206.0,-1.3099999999999454
16285.0,145,4566.0,21.742857142857144,2.016964611266958,145,67056.0,0.07001040151804866,145,67056.0,1.5
16290.0,146,4817.0,22.829383886255926,2.062781890227741,146,67198.0,0.07093964592855373,146,67198.0,-1.4200000000000728
16295.0,144,5107.0,24.089622641509433,2.10789303935381,144,67394.0,0.07099383890668075,144,67394.0,-1.9600000000000364
16300.0,145,5289.0,25.066350710900473,2.0806071132610393,145,67198.0,0.07191501435736423,145,67198.0,1.9600000000000364
16305.0,149,5350.0,25.355450236966824,1.9118782115732595,148,66133.0,0.06671061427832868,148,66133.0,10.649999999999977
16310.0,147,5409.0,25.757142857142856,2.052334827718644,146,65076.0,0.07316082125533088,146,65076.0,10.57000000000005
16315.0,147,5261.0,25.052380952380954,1.9113811106241805,145,65785.0,0.07017301463032824,145,65785.0,-7.090000000000032
16320.0,152,5244.0,24.97142857142857,1.803727310664016,151,66500.0,0.06532636994462347,151,66500.0,-7.149999999999977
16325.0,156,5452.0,25.71698113207547,1.6432225327323307,156,67125.0,0.055784777381224476,156,67125.0,-6.25
16330.0,157,5730.0,26.77570093457944,1.6790909158950311,157,67597.0,0.049766452996849966,157,67597.0,-4.720000000000027
16335.0,160,5977.0,27.929906542056074,1.6195570147883513,160,67860.0,0.045995336460386844,160,67860.0,-2.6299999999999955
16340.0,162,6258.0,29.242990654205606,1.7453147123196104,162,68117.0,0.0506362186030801,162,68117.0,-2.5699999999999363
16345.0,164,6575.0,30.58139534883721,1.712416035876228,164,68140.0,0.04657910185333522,164,68140.0,-0.2300000000000182
16350.0,160,6882.0,32.009302325581395,1.9249514349071557,160,68170.0,0.05846581699407127,160,68170.0,-0.3000000000000682
16355.0,157,7094.0,32.9953488372093,1.7960684784142094,156,68794.0,0.051391911375845874,156,68794.0,-6.240000000000009
16360.0,159,7262.0,33.93457943925234,1.7070441915253758,158,69568.0,0.04976026167096265,158,69568.0,-7.739999999999895
16365.0,158,7486.0,34.657407407407405,1.725010403226693,158,70339.0,0.0489778714717257,158,70339.0,-7.710000000000036
16370.0,161,7847.0,36.3287037037037,1.6589044445684957,161,70215.0,0.043536231463476634,161,70215.0,1.240000000000009
16375.0,165,8216.0,37.86175115207373,1.565803027981102,165,69213.0,0.0459043138190188,165,69213.0,10.019999999999982
16380.0,164,8643.0,39.8294930875576,1.6438771148603286,164,68274.0,0.05404683210652158,164,68274.0,9.389999999999986
16385.0,167,9112.0,41.60730593607306,1.5191015988184378,167,68929.0,0.04811364859206559,167,68929.0,-6.5499999999999545
16390.0,167,9587.0,43.977064220183486,1.5294967113714804,167,69440.0,0.04785011503969747,167,69440.0,-5.110000000000014
16395.0,168,10065.0,46.169724770642205,1.528731607860697,168,69987.0,0.05220124641219875,168,69987.0,-5.470000000000027
16400.0,168,10545.0,48.81944444444444,1.4913319921490784,168,70471.0,0.05180713349251846,168,70471.0,-4.840000000000032
16405.0,173,10627.0,48.52511415525114,1.422964260896345,173,71294.0,0.044684822739280795,173,71294.0,-8.230000000000018
16410.0,177,10449.0,47.93119266055046,1.2721130875984454,177,71271.0,0.03505263709054695,177,71271.0,0.2300000000000182
16415.0,179,10261.0,47.06880733944954,1.1527041890787098,179,71263.0,0.028170201489907388,179,71263.0,0.08000000000004093
16420.0,176,10024.0,45.981651376146786,1.1633141191686183,176,72021.0,0.030266535267547943,176,72021.0,-7.580000000000041
16425.0,175,9743.0,44.085972850678736,1.21046926910864,175,72682.0,0.03219826396276253,175,72682.0,-6.610000000000014
16430.0,170,9449.0,42.95,1.3229807827300577,170,73349.0,0.040715884216451136,170,73349.0,-6.669999999999959
16435.0,171,9274.0,41.963800904977376,1.3940929202028591,171,73984.0,0.04156723761751515,171,73984.0,-6.350000000000023
16440.0,178,9344.0,42.28054298642534,1.3885753861048018,178,74711.0,0.041274530683892065,178,74711.0,-7.269999999999982
16445.0,184,9446.0,41.98222222222222,1.2636951648417194,184,75511.0,0.03157658457618805,184,75511.0,-8.0
16450.0,188,9570.0,42.723214285714285,1.0184216312993015,188,76372.0,0.022285993424158386,188,76372.0,-8.610000000000014
16455.0,190,9710.0,42.9646017699115,1.0639981092076793,190,77263.0,0.01950361925717048,190,77263.0,-8.909999999999968
16460.0,192,9861.0,44.02232142857143,0.9568384162854671,192,78181.0,0.017137585229262387,192,78181.0,-9.17999999999995
16465.0,193,9910.0,44.044444444444444,1.057295751654557,192,79104.0,0.019600712425710803,192,79104.0,-9.230000000000018
16470.0,194,10065.0,44.933035714285715,1.0929786201304132,193,80010.0,0.018266192651744985,193,80010.0,-9.06000000000006
16475.0,193,10771.0,48.737556561085974,0.9491828698754465,193,80902.0,0.015070319792048025,193,80902.0,-8.919999999999959
16480.0,196,11506.0,51.828828828828826,0.9789253890081794,196,81794.0,0.015041334666907531,196,81794.0,-8.920000000000073
16485.0,200,12273.0,55.035874439461885,0.9936473014107098,200,82708.0,0.016883699267079215,200,82708.0,-9.139999999999986
16490.0,200,13048.0,59.30909090909091,0.8740968614173598,200,83631.0,0.017587104937807213,200,83631.0,-9.229999999999905
16495.0,197,13487.0,61.58447488584475,0.85798316212621,197,83657.0,0.016734156335566335,197,83657.0,-0.2600000000001046
16500.0,193,13684.0,62.77064220183486,0.8972181184732205,193,82767.0,0.01962861990213871,193,82767.0,8.900000000000091
16505.0,188,13859.0,64.16203703703704,0.9713438522273324,188,81882.0,0.029859159090172494,188,81882.0,8.849999999999909
16510.0,185,14003.0,65.13023255813954,0.925516497720781,185,82766.0,0.02587045751156816,185,82766.0,-8.839999999999918
16515.0,185,14153.0,65.52314814814815,1.0221958352915643,185,83697.0,0.027240911307300254,185,83697.0,-9.31000000000006
16520.0,185,14303.0,66.2175925925926,1.064731547290966,185,84608.0,0.03034294232517009,185,84608.0,-9.110000000000014
16525.0,182,13940.0,64.83720930232558,1.0663604398986086,182,85074.0,0.026936190019092105,182,85074.0,-4.659999999999968
16530.0,178,13263.0,62.56132075471698,1.0461498941726566,178,85182.0,0.02679456243734977,178,85182.0,-1.080000000000041
16535.0,174,12748.0,60.132075471698116,1.2172479473208466,174,85268.0,0.03658072894185129,174,85268.0,-0.8599999999999
16540.0,170,12210.0,57.594339622641506,1.3730545902708926,170,84989.0,0.03887977100823098,170,84989.0,2.7899999999999636
16545.0,165,11650.0,55.476190476190474,1.5176409795043801,165,84759.0,0.05069064750039035,165,84759.0,2.2999999999999545
16550.0,161,11068.0,52.7047619047619,1.630397382289357,161,84550.0,0.04912317209356439,161,84550.0,2.090000000000032
16555.0,157,10466.0,49.60189573459716,1.7148149440324467,156,84700.0,0.05435935250809821,156,84700.0,-1.5
16560.0,157,9928.0,47.27619047619048,1.725253589200336,157,85441.0,0.05525640179969734,157,85441.0,-7.409999999999968
16565.0,163,9879.0,47.49519230769231,1.5141947035417096,163,86213.0,0.04919054680007055,163,86213.0,-7.720000000000027
16570.0,169,9862.0,47.41346153846154,1.4308788781560453,169,86985.0,0.046267038845811355,169,86985.0,-7.720000000000027
16575.0,166,9530.0,45.38095238095238,1.5316355409185987,166,86831.0,0.04714890949454903,166,86831.0,1.5400000000000773
16580.0,164,9021.0,42.957142857142856,1.6220477588544053,164,85748.0,0.050879658284343744,164,85748.0,10.829999999999927
16585.0,160,8555.0,40.73809523809524,1.7710882312963945,160,84673.0,0.05824692678770975,160,84673.0,10.75
16590.0,157,8154.0,39.391304347826086,1.7261350038812717,157,85055.0,0.05631124925183533,157,85055.0,-3.8199999999999363
16595.0,157,8239.0,39.80193236714976,1.7568291917921155,157,85130.0,0.05937535731371621,157,85130.0,-0.75
16600.0,159,8325.0,40.21739130434783,1.701290744483412,159,85200.0,0.0561063623644622,159,85200.0,-0.7000000000000455
16605.0,158,8283.0,40.01449275362319,1.4499616320704145,158,85789.0,0.04044662110189512,158,85789.0,-5.889999999999986
16610.0,159,8229.0,39.7536231884058,1.4744461356210068,158,86377.0,0.04486993737269471,158,86377.0,-5.8799999999999955
16615.0,159,8307.0,39.9375,1.4251421324874671,159,86971.0,0.042511568560021105,159,86971.0,-5.940000000000055
16620.0,160,8394.0,40.35576923076923,1.482018913402727,160,87532.0,0.04456611259437707,160,87532.0,-5.610000000000014
16625.0,160,8146.0,38.79047619047619,1.4111551435854868,160,87282.0,0.03911169255156997,160,87282.0,2.5
16630.0,160,7673.0,36.71291866028708,1.4104026356099642,160,86126.0,0.04063943529745981,160,86126.0,11.56000000000006
16635.0,156,7185.0,34.377990430622006,1.5665691258902164,156,84983.0,0.05092608598323437,156,84983.0,11.42999999999995
16640.0,155,6754.0,32.628019323671495,1.4514700018559112,155,85594.0,0.04678951028025813,155,85594.0,-6.110000000000014
16645.0,158,6810.0,32.42857142857143,1.4608700463409792,158,86208.0,0.043833838878672024,158,86208.0,-6.139999999999986
16650.0,162,7000.0,33.0188679245283,1.5528879315254054,162,86855.0,0.04589264425315982,162,86855.0,-6.469999999999914
16655.0,170,7212.0,33.388888888888886,1.4291706238810138,170,86674.0,0.03426699053462835,170,86674.0,1.8099999999999454
16660.0,173,7418.0,34.184331797235025,1.416024877825928,173,85628.0,0.032150362749154913,173,85628.0,10.460000000000036
16665.0,171,7630.0,35.48837209302326,1.4589368743172613,171,84635.0,0.04028246325680997,171,84635.0,9.92999999999995
16670.0,169,7830.0,36.76056338028169,1.4670010231122317,169,82782.0,0.041929749150439,169,82782.0,18.529999999999973
16675.0,167,8016.0,37.283720930232555,1.5643233487425239,167,80965.0,0.046930796950786745,167,80965.0,18.170000000000073
16680.0,164,8192.0,38.460093896713616,1.6376690806131045,164,79207.0,0.05193859116909626,164,79207.0,17.579999999999927
16685.0,160,8259.0,38.59345794392523,1.622576023981119,159,79918.0,0.04854340211760174,159,79918.0,-7.1099999999999
16690.0,157,8467.0,39.93867924528302,1.6845485802281734,157,80586.0,0.05499265075158072,157,80586.0,-6.680000000000064
16695.0,161,9186.0,43.12676056338028,1.7912279398228588,161,81258.0,0.05907437314235503,161,81258.0,-6.720000000000027
16700.0,165,9645.0,45.49528301886792,1.63286925349015,165,81590.0,0.04222142716273286,165,81590.0,-3.3199999999999363
16705.0,161,9909.0,46.96208530805687,1.699287882276251,161,81530.0,0.04663593977597219,161,81530.0,0.6000000000000227
16710.0,159,10156.0,48.132701421800945,1.816711522821236,159,81450.0,0.05302338716630348,159,81450.0,0.7999999999999545
16715.0,156,10348.0,48.582159624413144,1.8748728034106428,156,82114.0,0.052762108130164735,156,82114.0,-6.639999999999986
16720.0,156,10616.0,50.312796208530806,1.8757919376412793,156,82781.0,0.05335979777230125,156,82781.0,-6.669999999999959
16725.0,161,10936.0,51.58490566037736,1.8940836402454901,161,83458.0,0.05497549859126144,161,83458.0,-6.7700000000000955
16730.0,166,10860.0,51.46919431279621,1.5331970376097084,165,83267.0,0.04075045398437042,165,83267.0,1.9100000000000819
16735.0,168,10515.0,49.36619718309859,1.4912188432385585,168,84014.0,0.03312020014449577,168,84014.0,-7.470000000000027
16740.0,165,10157.0,47.910377358490564,1.511399885180199,165,82920.0,0.03491662240855298,165,82920.0,10.93999999999994
16745.0,163,9696.0,45.95260663507109,1.4813079855430196,163,83234.0,0.039428918641865325,163,83234.0,-3.1399999999999864
16750.0,160,9159.0,44.2463768115942,1.3769682241008154,160,83147.0,0.03978365890354333,160,83147.0,0.8700000000000045
16755.0,156,8608.0,41.786407766990294,1.4147049903712456,156,83055.0,0.043420562461120894,156,83055.0,0.9200000000000728
16760.0,154,8047.0,38.8743961352657,1.560596715250931,154,82609.0,0.04928056836771097,154,82609.0,4.459999999999923
16765.0,151,7591.0,36.671497584541065,1.7408216482608951,151,82271.0,0.0623903543493172,151,82271.0,3.3799999999999955
16770.0,154,7490.0,36.18357487922705,1.7204408965196856,154,81936.0,0.05915129464279571,154,81936.0,3.3500000000000227
16775.0,155,7397.0,35.056872037914694,1.8556925351918845,155,81934.0,0.0659711442170761,155,81934.0,0.01999999999998181
16780.0,155,7300.0,34.76190476190476,1.7939234285454322,154,81568.0,0.06356315008416495,154,81568.0,3.660000000000082
16785.0,154,7046.0,33.235849056603776,1.7422293960821083,154,82192.0,0.05611800420858618,154,82192.0,-6.240000000000009
16790.0,156,6865.0,32.535545023696685,1.738367308082697,156,82821.0,0.05646789443158501,156,82821.0,-6.290000000000077
16795.0,159,6946.0,33.076190476190476,1.7245546221801447,158,83446.0,0.05666617322248536,158,83446.0,-6.25
16800.0,159,7534.0,35.70616113744076,1.7801878651752865,159,84005.0,0.05630781906872936,159,84005.0,-5.589999999999918
16805.0,156,7744.0,36.87619047619047,1.7221130574887848,156,83701.0,0.05150376266056297,156,83701.0,3.0399999999999636
16810.0,158,7828.0,37.63461538461539,1.732058109970963,158,82488.0,0.05706787855041681,158,82488.0,12.129999999999995
16815.0,163,8040.0,38.285714285714285,1.750767995972509,163,81317.0,0.059289126638145,163,81317.0,11.710000000000036
16820.0,165,8039.0,38.28095238095238,1.6159771239719796,165,81046.0,0.050551122013439496,165,81046.0,2.7099999999999227
16825.0,164,7889.0,37.388625592417064,1.4572644488862265,164,79870.0,0.038574546105172684,164,79870.0,11.759999999999991
16830.0,165,7744.0,37.05263157894737,1.4755380293803835,165,78711.0,0.043863038526403185,165,78711.0,11.590000000000032
16835.0,162,7505.0,35.90909090909091,1.3976124210468546,162,79286.0,0.041260543418631127,162,79286.0,-5.75
16840.0,160,7197.0,34.43540669856459,1.4673286834435373,160,79796.0,0.04434102496800308,160,79796.0,-5.100000000000023
16845.0,156,6934.0,33.177033492822964,1.4976408773063108,156,80300.0,0.04890594875445522,156,80300.0,-5.039999999999964
16850.0,158,6661.0,31.870813397129186,1.49582222628382,158,80047.0,0.047165585804610444,158,80047.0,2.5299999999999727
16855.0,159,6335.0,30.023696682464454,1.4773971951864848,159,78905.0,0.04078885415739837,159,78905.0,11.420000000000073
16860.0,158,6039.0,28.485849056603772,1.6503628951116665,158,77787.0,0.05003504674989419,158,77787.0,11.17999999999995
16865.0,153,5746.0,26.850467289719628,1.610819575756433,153,78387.0,0.042990964242477336,153,78387.0,-6.0
16870.0,152,5550.0,26.17924528301887,1.6790269935460402,152,78927.0,0.04936190125658824,152,78927.0,-5.399999999999977
16875.0,157,5776.0,27.245283018867923,1.617948907543862,157,79493.0,0.04883368559822357,157,79493.0,-5.659999999999968
16880.0,164,6008.0,27.94418604651163,1.4442759319758929,164,79290.0,0.03703112315129445,164,79290.0,2.0299999999999727
16885.0,165,6315.0,29.101382488479263,1.4827225311882954,165,78230.0,0.03664210118135271,165,78230.0,10.600000000000023
16890.0,170,6932.0,31.944700460829495,1.4908748964480774,170,77231.0,0.04135319804653456,170,77231.0,9.990000000000009
16895.0,171,7558.0,34.51141552511415,1.5114637064982035,171,75396.0,0.04052838228179834,171,75396.0,18.34999999999991
16900.0,168,8177.0,37.50917431192661,1.6537061838601501,168,73563.0,0.046366547357383346,168,73563.0,18.33000000000004
16905.0,164,8569.0,39.48847926267281,1.6119370400564383,164,73370.0,0.046609980763166595,164,73370.0,1.92999999999995
16910.0,162,8809.0,40.972093023255816,1.542520620481588,162,72254.0,0.0470022075349265,162,72254.0,11.160000000000082
16915.0,157,9080.0,42.23255813953488,1.764523016429029,157,71139.0,0.05730729309930493,157,71139.0,11.149999999999977
16920.0,158,9401.0,43.72558139534884,1.76620841726803,158,70975.0,0.05218641897204561,158,70975.0,1.6399999999999864
16925.0,158,9696.0,45.097674418604655,1.7318009381030544,158,70834.0,0.04617830473796752,158,70834.0,1.4099999999999682
16930.0,156,9979.0,46.413953488372094,1.7785566519592173,156,70872.0,0.050657466047992435,156,70872.0,-0.37999999999999545
16935.0,153,10086.0,47.13084112149533,1.6507750964199395,153,71471.0,0.0484764750135396,153,71471.0,-5.990000000000009
16940.0,151,10091.0,47.375586854460096,1.735208451292559,151,72003.0,0.05390001899862925,151,72003.0,-5.319999999999936
16945.0,148,10297.0,48.34272300469483,1.8626965692792798,148,72528.0,0.05803654027795681,148,72528.0,-5.25
16950.0,153,10132.0,47.79245283018868,1.7543226781912085,153,72705.0,0.054453913497562595,153,72705.0,-1.7699999999999818
16955.0,159,9662.0,45.575471698113205,1.4875808375250499,159,72420.0,0.04213805231361593,159,72420.0,2.849999999999909
16960.0,158,9205.0,43.41981132075472,1.5854746765521421,158,72146.0,0.04661496549657913,158,72146.0,2.740000000000009
16965.0,155,8692.0,41.19431279620853,1.5326126934081574,155,72771.0,0.043699524104544724,155,72771.0,-6.25
16970.0,153,8225.0,39.354066985645936,1.4463009164054814,153,73386.0,0.043914754830493764,153,73386.0,-6.149999999999977
16975.0,159,8090.0,38.160377358490564,1.3998690817708628,159,73972.0,0.04363154969632756,159,73972.0,-5.860000000000014
16980.0,166,7918.0,36.82790697674419,1.2897128400467102,166,73998.0,0.036242483057499136,166,73998.0,-0.2599999999999909
16985.0,169,7699.0,35.47926267281106,1.3418142848398804,169,73357.0,0.03810475341676319,169,73357.0,6.409999999999968
16990.0,171,7494.0,34.534562211981566,1.3687405296335762,171,72833.0,0.0403953742094822,171,72833.0,5.240000000000009
16995.0,172,7255.0,33.433179723502306,1.2308141671352664,172,73557.0,0.03281648709651186,172,73557.0,-7.240000000000009
17000.0,171,7013.0,32.31797235023041,1.297929687094405,171,74252.0,0.03824385928242529,171,74252.0,-6.949999999999932
17005.0,171,6892.0,31.61467889908257,1.4595607200947924,171,74985.0,0.04291368652551048,171,74985.0,-7.330000000000041
17010.0,171,6837.0,31.506912442396313,1.518165324070014,171,75766.0,0.040174399247749536,171,75766.0,-7.809999999999945
17015.0,171,6664.0,30.70967741935484,1.4531070070764727,171,75696.0,0.03558872828820205,171,75696.0,0.6999999999999318
17020.0,172,6816.0,31.70232558139535,1.2972882869591544,172,75616.0,0.030458687306832852,172,75616.0,0.8000000000000682
17025.0,172,6970.0,32.26851851851852,1.2944924926812926,172,74608.0,0.03153728113718894,172,74608.0,10.079999999999927
17030.0,169,7113.0,33.08372093023256,1.286426861357751,169,73580.0,0.03442852715563121,169,73580.0,10.280000000000086
17035.0,166,7033.0,32.711627906976744,1.2521377399945222,166,73789.0,0.039064394748490244,166,73789.0,-2.090000000000032
17040.0,163,6799.0,31.77102803738318,1.3200370523049088,163,73443.0,0.04115279873425215,163,73443.0,3.4600000000000364
17045.0,159,6606.0,31.014084507042252,1.4749735447364891,159,73057.0,0.0465460026589017,159,73057.0,3.8599999999999
17050.0,161,6478.0,30.130232558139536,1.5058003507765714,161,73745.0,0.03843620957610224,161,73745.0,-6.8799999999999955
17055.0,161,6415.0,29.56221198156682,1.55129244706306,161,74416.0,0.03706141609536798,161,74416.0,-6.709999999999923
17060.0,163,6402.0,29.63888888888889,1.5957539173293596,163,75092.0,0.040390951752514226,163,75092.0,-6.759999999999991
17065.0,165,6399.0,29.901869158878505,1.5046612821989893,165,75842.0,0.04085093846466282,165,75842.0,-7.5
17070.0,166,6401.0,30.051643192488264,1.4493373454593748,166,76629.0,0.04011882768858736,166,76629.0,-7.8700000000000045
17075.0,163,6327.0,29.704225352112676,1.426978481761985,163,76839.0,0.03535571073176739,163,76839.0,-2.1000000000000227
17080.0,160,6298.0,29.848341232227487,1.4968895886044513,160,76443.0,0.04211036903523349,160,76443.0,3.9600000000000364
17085.0,160,6623.0,31.24056603773585,1.6585290585287567,160,76027.0,0.04875552187802627,160,76027.0,4.159999999999968
17090.0,161,6950.0,33.095238095238095,1.6324611626836631,161,75048.0,0.047484995065776775,161,75048.0,9.789999999999964
17095.0,160,7281.0,34.67142857142857,1.7070822164603823,160,74080.0,0.05459519782438103,160,74080.0,9.680000000000064
17100.0,159,7691.0,36.278301886792455,1.795086966861558,159,73787.0,0.05316976029429653,159,73787.0,2.92999999999995
17105.0,160,8364.0,39.267605633802816,1.8120388567542065,160,73233.0,0.05658314763540741,160,73233.0,5.539999999999964
17110.0,163,9049.0,42.48356807511737,1.844068326248345,163,72700.0,0.056969875035615465,163,72700.0,5.330000000000041
17115.0,162,9652.0,45.528301886792455,1.753493657652753,161,73363.0,0.056978231668064316,161,73363.0,-6.6299999999999955
17120.0,163,10317.0,48.436619718309856,1.6768877209489481,163,73997.0,0.05110620059184691,163,73997.0,-6.340000000000032
17125.0,162,10992.0,51.36448598130841,1.772674804466194,162,74668.0,0.0525635550374852,162,74668.0,-6.709999999999923
17130.0,163,11275.0,53.43601895734597,1.721322970064899,163,74624.0,0.05185986426349894,163,74624.0,0.4399999999999409
17135.0,158,11277.0,53.44549763033175,1.8839553870736803,158,73841.0,0.05659077783854901,158,73841.0,7.830000000000041
17140.0,155,11304.0,54.34615384615385,1.9486251773809573,155,73106.0,0.06321038200061452,155,73106.0,7.350000000000023
17145.0,155,11404.0,54.82692307692308,1.9764931173747304,155,71793.0,0.0645116758437453,155,71793.0,13.129999999999995
17150.0,157,11442.0,55.27536231884058,1.79795400081205,157,72380.0,0.058144372459900694,157,72380.0,-5.8700000000000045
17155.0,157,11482.0,55.20192307692308,1.6993630982635834,157,72946.0,0.053539763994394966,157,72946.0,-5.660000000000082
17160.0,162,11607.0,55.80288461538461,1.7215489992477417,162,73556.0,0.049388735718286794,162,73556.0,-6.099999999999909
17165.0,164,11747.0,56.7487922705314,1.6749207033798554,164,74209.0,0.045694009737162034,164,74209.0,-6.530000000000086
17170.0,166,11894.0,57.737864077669904,1.6084064719642557,166,74891.0,0.03894077495824183,166,74891.0,-6.819999999999936
17175.0,166,12048.0,58.48543689320388,1.5155057413395308,166,75581.0,0.03706746011633762,166,75581.0,-6.899999999999977
17180.0,165,12114.0,58.80582524271845,1.5124348975885316,165,75593.0,0.037832011614105585,165,75593.0,-0.12000000000000455
17185.0,162,12108.0,59.06341463414634,1.4876943325269065,162,75019.0,0.04071734820295714,162,75019.0,5.739999999999895
17190.0,161,12088.0,58.39613526570049,1.644689997092084,161,74437.0,0.0469750861793642,161,74437.0,5.82000000000005
17195.0,157,12211.0,58.990338164251206,1.7030551786663841,157,73432.0,0.04907116953961304,157,73432.0,10.049999999999955
17200.0,160,12856.0,61.80769230769231,1.8009928425711679,160,72548.0,0.05445299068046328,160,72548.0,8.840000000000032
17205.0,161,13464.0,65.04347826086956,1.4840295152936231,161,73188.0,0.04101020930016538,161,73188.0,-6.399999999999977
17210.0,166,14130.0,67.60765550239235,1.4348848919239092,166,73846.0,0.04049041911280866,166,73846.0,-6.580000000000041
17215.0,166,14806.0,70.17061611374407,1.5645657538760087,166,74530.0,0.04553316375567497,166,74530.0,-6.839999999999918
17220.0,168,14942.0,71.15238095238095,1.4969168711207024,168,74315.0,0.0361795834123019,168,74315.0,2.1499999999999773
17225.0,165,14697.0,69.98571428571428,1.5550781826442657,165,73184.0,0.04359118180247615,165,73184.0,11.309999999999945
17230.0,161,14434.0,68.73333333333333,1.6685641620026452,161,72071.0,0.0500329781772976,161,72071.0,11.129999999999995
17235.0,159,13799.0,65.70952380952382,1.642043501765928,159,72273.0,0.048492401693181704,159,72273.0,-2.019999999999982
17240.0,155,12939.0,61.90909090909091,1.710184949657324,155,71965.0,0.048912693644759225,155,71965.0,3.080000000000041
17245.0,151,12126.0,58.29807692307692,1.815748126656587,151,71643.0,0.05917057415608696,151,71643.0,3.2200000000000273
17250.0,152,11359.0,54.61057692307692,1.8847778629202763,152,70821.0,0.058815697093154165,152,70821.0,8.219999999999914
17255.0,153,10594.0,50.688995215311,1.956674648608767,153,69992.0,0.06554013593785227,153,69992.0,8.290000000000077
17260.0,152,9830.0,46.80952380952381,1.9567784000164634,152,69154.0,0.05804264855205968,152,69154.0,8.379999999999995
17265.0,150,9056.0,42.91943127962085,2.041845392968336,149,68972.0,0.0656579116789142,149,68972.0,1.8199999999999363
17270.0,146,8264.0,39.92270531400966,1.9927803016985248,146,68378.0,0.06648817518466205,146,68378.0,5.940000000000055
17275.0,145,7461.0,35.87019230769231,1.9705276746144542,145,68247.0,0.06717220802261886,145,68247.0,1.3099999999999454
17280.0,143,6500.0,31.553398058252426,1.9648159669189689,142,68868.0,0.06984249431849224,142,68868.0,-6.209999999999923
17285.0,146,5849.0,28.67156862745098,1.8384287493429639,146,69496.0,0.0670335180102186,146,69496.0,-6.280000000000086
17290.0,153,6082.0,29.524271844660195,1.8092679910448546,153,70159.0,0.06116469592154584,153,70159.0,-6.6299999999999955
17295.0,161,6412.0,30.679425837320576,1.691642449762907,161,70861.0,0.05359979616255354,161,70861.0,-7.019999999999982
17300.0,160,6802.0,32.54545454545455,1.726384051372305,160,71483.0,0.05490061488745088,160,71483.0,-6.220000000000027
17305.0,161,7225.0,34.73557692307692,1.6809296658873303,161,71652.0,0.05303248258429192,161,71652.0,-1.6899999999999409
17310.0,167,7546.0,36.10526315789474,1.5337992572226637,167,71336.0,0.04848914204004912,167,71336.0,3.159999999999968
17315.0,168,7890.0,37.57142857142857,1.45041209132026,168,71039.0,0.04308067848252101,168,71039.0,2.9700000000000273
17320.0,169,8119.0,38.661904761904765,1.3796132946492576,169,71316.0,0.03861135433928908,169,71316.0,-2.769999999999982
17325.0,169,8269.0,39.00471698113208,1.347187958363779,169,71594.0,0.03077210853497229,169,71594.0,-2.7800000000000864
17330.0,168,8410.0,39.66981132075472,1.4135760152799393,168,71857.0,0.03943717338585587,168,71857.0,-2.6299999999999955
17335.0,163,8533.0,40.44075829383886,1.4486720291474586,163,71287.0,0.04351877531963299,163,71287.0,5.7000000000000455
17340.0,161,8642.0,41.15238095238095,1.5619110078734517,161,70720.0,0.04998614485677241,161,70720.0,5.669999999999959
17345.0,159,8736.0,41.6,1.5532262835088497,158,70549.0,0.05500288758905248,158,70549.0,1.7100000000000364
17350.0,157,8682.0,41.34285714285714,1.445774374675152,156,70760.0,0.04765027044171332,156,70760.0,-2.1100000000000136
17355.0,157,8539.0,40.46919431279621,1.4446426116827693,157,71361.0,0.04923844871607914,157,71361.0,-6.009999999999991
17360.0,160,8483.0,40.39523809523809,1.4075276793691174,159,71971.0,0.047930372675172944,159,71971.0,-6.100000000000023
17365.0,161,8601.0,40.76303317535545,1.3612615681895273,160,72466.0,0.04718452117494449,160,72466.0,-4.949999999999932
17370.0,160,8861.0,41.60093896713615,1.4590043618755686,160,72959.0,0.047503096357969385,160,72959.0,-4.930000000000064
17375.0,161,9417.0,44.2112676056338,1.3103880746740744,161,73166.0,0.043194363727552504,161,73166.0,-2.0699999999999363
17380.0,165,10032.0,46.44444444444444,1.369515468904496,165,72982.0,0.04792838742321921,165,72982.0,1.8399999999999181
17385.0,169,10734.0,49.013698630136986,1.4499488424594116,169,72817.0,0.0475017338110583,169,72817.0,1.650000000000091
17390.0,172,11467.0,51.886877828054295,1.5520000396066893,172,72665.0,0.0490103534332888,172,72665.0,1.5199999999999818
17395.0,174,12213.0,54.766816143497756,1.6725391757611605,174,72596.0,0.051947549353841896,174,72596.0,0.6899999999999409
17400.0,175,12886.0,58.04504504504504,1.4880265871852236,174,73149.0,0.0432976702388014,174,73149.0,-5.529999999999973
17405.0,179,13527.0,61.20814479638009,1.2832765727349753,178,73853.0,0.033360536168833374,178,73853.0,-7.039999999999964
17410.0,176,14137.0,63.9683257918552,1.3527821407217022,176,74563.0,0.035118631105817893,176,74563.0,-7.100000000000023
17415.0,175,14744.0,66.71493212669684,1.339980875794596,175,75033.0,0.03387219168977147,175,75033.0,-4.7000000000000455
17420.0,175,15398.0,69.67420814479638,1.3603064299829175,175,75293.0,0.038690600529595075,175,75293.0,-2.599999999999909
17425.0,172,16051.0,72.3018018018018,1.4730573339821775,172,75557.0,0.044596890722804906,172,75557.0,-2.6400000000001
17430.0,172,16731.0,75.70588235294117,1.5275933321968203,172,75661.0,0.048458616195378626,172,75661.0,-1.0399999999999636
17435.0,171,17452.0,78.61261261261261,1.6691207480875434,171,75781.0,0.05506616422271325,171,75781.0,-1.1999999999999318
17440.0,168,18147.0,82.86301369863014,1.560627981465646,167,76289.0,0.05203062687101441,167,76289.0,-5.080000000000041
17445.0,173,18789.0,85.79452054794521,1.3991364728873292,173,76986.0,0.04515660915573129,173,76986.0,-6.970000000000027
17450.0,174,19419.0,87.86877828054298,1.3584439751046589,174,77711.0,0.040896457889256214,174,77711.0,-7.25
17455.0,173,20052.0,89.91928251121077,1.4648077464344578,173,78122.0,0.04100648681220986,173,78122.0,-4.110000000000014
17460.0,172,20068.0,90.8054298642534,1.3736219892705934,172,77904.0,0.03979189822535028,172,77904.0,2.1800000000000637
17465.0,169,19699.0,89.13574660633485,1.4059687787248747,169,76743.0,0.044033155689395094,169,76743.0,11.610000000000014
17470.0,171,19351.0,87.56108597285068,1.4249831981248124,171,75597.0,0.048340675426622036,171,75597.0,11.459999999999923
17475.0,172,19016.0,85.27354260089686,1.4138617207162238,172,76182.0,0.044302755713427115,172,76182.0,-5.850000000000023
17480.0,174,18677.0,83.37946428571429,1.449098736899631,174,76621.0,0.04340552066123222,174,76621.0,-4.389999999999986
17485.0,174,18339.0,82.23766816143498,1.4632191645642594,174,77069.0,0.048207884464193766,174,77069.0,-4.480000000000018
17490.0,175,18004.0,81.09909909909909,1.3695928422564587,175,77468.0,0.040500621373148166,175,77468.0,-3.9899999999998954
17495.0,174,17544.0,78.67264573991031,1.4079660931500002,174,77939.0,0.03965496098434309,174,77939.0,-4.710000000000036
17500.0,175,17022.0,76.33183856502242,1.3976731324080918,175,78189.0,0.040361351609061985,175,78189.0,-2.5
17505.0,177,16509.0,73.37333333333333,1.4367868831732842,177,78455.0,0.039251167101334326,177,78455.0,-2.659999999999968
17510.0,176,15951.0,71.20982142857143,1.3324504896686886,176,79069.0,0.03389779309898031,176,79069.0,-6.1400000000001
17515.0,173,15350.0,68.22222222222223,1.3754745097352874,173,79680.0,0.033647651709748955,173,79680.0,-6.1099999999999
17520.0,170,14737.0,65.79017857142857,1.4314291887419983,170,80190.0,0.04006841634221973,170,80190.0,-5.100000000000023
17525.0,170,13785.0,60.99557522123894,1.4068523995987285,170,80183.0,0.037564019473229925,170,80183.0,0.06999999999993634
17530.0,178,13363.0,58.60964912280702,1.4262291461097734,178,79521.0,0.03629229461216826,178,79521.0,6.6200000000000045
17535.0,182,12971.0,57.39380530973451,1.2989538260538382,182,78889.0,0.03499254518431166,182,78889.0,6.32000000000005
17540.0,179,12528.0,55.18942731277533,1.3661129995711028,179,79528.0,0.03441696478140883,179,79528.0,-6.389999999999986
17545.0,177,12039.0,52.572052401746724,1.4527514667229258,177,80082.0,0.03239891359579677,177,80082.0,-5.540000000000077
17550.0,173,11558.0,51.36888888888889,1.5282990137522,173,80647.0,0.0429433471586268,173,80647.0,-5.649999999999977
17555.0,172,10933.0,49.247747747747745,1.3647261495676402,171,80414.0,0.037121058549159064,171,80414.0,2.330000000000041
17560.0,174,10244.0,46.77625570776256,1.2632005444691308,174,81113.0,0.033848186795127994,174,81113.0,-6.990000000000009
17565.0,177,9691.0,43.85067873303167,1.25907100443827,177,79997.0,0.031165498124726396,177,79997.0,11.159999999999968
17570.0,178,9145.0,41.193693693693696,1.312362724670383,178,77986.0,0.035135548074097835,178,77986.0,20.110000000000014
17575.0,174,8585.0,38.671171171171174,1.3455841129446087,174,76896.0,0.03658289676563569,174,76896.0,10.899999999999977
17580.0,172,8015.0,36.1036036036036,1.426263496163107,172,75817.0,0.039968731919293427,172,75817.0,10.790000000000077
17585.0,169,7343.0,33.2262443438914,1.4124895226244154,169,76459.0,0.04308437758492102,169,76459.0,-6.420000000000073
17590.0,165,6817.0,31.12785388127854,1.4821890794791284,165,77029.0,0.04832949895293282,165,77029.0,-5.699999999999932
17595.0,166,7096.0,32.25454545454546,1.5195357448532003,166,77620.0,0.047230029267160765,166,77620.0,-5.910000000000082
17600.0,168,7328.0,33.61467889908257,1.4121843993891456,168,77600.0,0.041894637239201546,168,77600.0,0.20000000000004547
17605.0,169,7462.0,34.073059360730596,1.4322172531655877,169,76861.0,0.040756975248090105,169,76861.0,7.389999999999986
17610.0,169,7599.0,34.857798165137616,1.4801175151453965,169,76129.0,0.04465417424376864,169,76129.0,7.32000000000005
17615.0,167,7682.0,34.91818181818182,1.4604478284142237,167,76774.0,0.0409287081994316,167,76774.0,-6.4500000000000455
17620.0,163,7821.0,35.55,1.6535755934952034,163,77361.0,0.045210164876548505,163,77361.0,-5.8700000000000045
17625.0,163,8272.0,37.6,1.725286311275651,163,77977.0,0.05141971982170844,163,77977.0,-6.159999999999968
17630.0,167,8751.0,39.5972850678733,1.6507489988252906,167,77994.0,0.04212157811283838,167,77994.0,-0.17000000000007276
17635.0,172,9226.0,41.74660633484163,1.542105901538543,172,77301.0,0.033989027659673,172,77301.0,6.930000000000064
17640.0,173,9715.0,44.56422018348624,1.5561104160688206,173,76712.0,0.04066369845412173,173,76712.0,5.889999999999986
17645.0,170,10193.0,46.75688073394495,1.496081753008824,170,75548.0,0.03916624087082286,170,75548.0,11.639999999999986
17650.0,167,10240.0,47.1889400921659,1.5271398126045383,167,75917.0,0.04184669065237822,167,75917.0,-3.689999999999941
17655.0,164,9990.0,46.25,1.447284049860862,164,76260.0,0.04183920096417992,164,76260.0,-3.4300000000000637
17660.0,162,9730.0,45.25581395348837,1.5346202691409672,162,76220.0,0.04551437036921563,162,76220.0,0.39999999999997726
17665.0,161,9550.0,44.00921658986175,1.5964863832092961,161,75815.0,0.048955970163881035,161,75815.0,4.050000000000068
17670.0,160,9322.0,43.157407407407405,1.64243006839023,160,75561.0,0.04933357619660878,160,75561.0,2.5399999999999636
17675.0,160,8922.0,41.30555555555556,1.6137630276751822,160,74388.0,0.04861385805914325,160,74388.0,11.730000000000018
17680.0,156,8511.0,39.22119815668203,1.867856754052353,156,73231.0,0.059362616451131674,156,73231.0,11.57000000000005
17685.0,154,7917.0,36.483870967741936,1.7513334859868075,154,73787.0,0.05409292435832918,154,73787.0,-5.560000000000059
17690.0,151,7204.0,33.351851851851855,1.8387349783256957,151,74262.0,0.05495974381961304,151,74262.0,-4.75
17695.0,147,6606.0,31.014084507042252,1.932671512442314,147,74733.0,0.06450235707240629,147,74733.0,-4.710000000000036
17700.0,151,6068.0,28.62264150943396,1.7037880955771472,151,74673.0,0.05521551419967017,151,74673.0,0.6000000000000227
17705.0,157,5463.0,25.52803738317757,1.5205301656441095,157,73996.0,0.0454544983631106,157,73996.0,6.769999999999982
17710.0,156,4873.0,22.665116279069768,1.6803996365260905,156,73336.0,0.05171858186937613,156,73336.0,6.600000000000023
17715.0,153,4385.0,20.207373271889402,1.6880625707025687,153,73906.0,0.04697872864519373,153,73906.0,-5.699999999999932
17720.0,156,4412.0,20.425925925925927,1.7144308402242314,156,74421.0,0.047464752066993514,156,74421.0,-5.150000000000091
17725.0,161,4471.0,20.6036866359447,1.65214983170971,161,74961.0,0.05388099037770967,161,74961.0,-5.399999999999977
17730.0,165,4597.0,21.18433179723502,1.5180925030685541,165,74985.0,0.04354663195258308,165,74985.0,-0.2400000000000091
17735.0,168,4818.0,22.10091743119266,1.4608110007729336,168,74368.0,0.04115116272337141,168,74368.0,6.170000000000073
17740.0,171,5339.0,24.6036866359447,1.4136937832472802,171,73774.0,0.04295950642831756,171,73774.0,5.939999999999941
17745.0,172,5869.0,26.799086757990867,1.392011074256545,172,72542.0,0.04132385017821039,172,72542.0,12.32000000000005
17750.0,170,6398.0,29.21461187214612,1.4839646124383326,170,71316.0,0.04584984057142334,170,71316.0,12.259999999999991
17755.0,166,6700.0,30.454545454545453,1.4470765566305555,166,71132.0,0.04537262420595826,166,71132.0,1.8399999999999181
17760.0,163,6874.0,31.53211009174312,1.4479241537351732,163,70032.0,0.04872562098522046,163,70032.0,11.0
17765.0,159,7101.0,32.875,1.53571568531856,159,68935.0,0.05663816131684143,159,68935.0,10.970000000000027
17770.0,160,7178.0,33.07834101382488,1.5929723967423508,160,69266.0,0.05209022659477749,160,69266.0,-3.3099999999999454
17775.0,161,7058.0,32.08181818181818,1.664823586878684,161,69254.0,0.04855416666746068,161,69254.0,0.12000000000000455
17780.0,157,6928.0,31.34841628959276,1.8769650728009943,157,69230.0,0.056255050989839676,157,69230.0,0.2400000000000091
17785.0,155,6784.0,30.977168949771688,1.898414347691841,155,68861.0,0.05709183454737135,155,68861.0,3.689999999999941
17790.0,153,6451.0,29.591743119266056,1.9312146808411257,153,69578.0,0.061630718909877424,153,69578.0,-7.169999999999959
17795.0,150,6015.0,27.465753424657535,1.8984701286501233,150,70172.0,0.05838640172794444,150,70172.0,-5.940000000000055
17800.0,150,5704.0,25.927272727272726,1.980988117080622,150,70664.0,0.06181704166149704,150,70664.0,-4.919999999999959
17805.0,153,5534.0,24.816143497757846,1.8884157711937586,153,70973.0,0.053942508903203824,153,70973.0,-3.090000000000032
17810.0,155,5382.0,24.352941176470587,1.8407441295807867,155,70921.0,0.05176387195381181,155,70921.0,0.5199999999999818
17815.0,157,5244.0,23.945205479452056,1.8445488522595763,157,70878.0,0.053772099780058126,157,70878.0,0.43000000000006366
17820.0,155,5045.0,23.685446009389672,1.685497045746755,155,70646.0,0.050996033014658784,155,70646.0,2.3199999999999363
17825.0,159,5006.0,23.39252336448598,1.5663682374203383,159,69512.0,0.047589090319766346,159,69512.0,11.340000000000032
17830.0,159,4984.0,23.18139534883721,1.5919289600094777,159,68415.0,0.05171817138249185,159,68415.0,10.970000000000027
17835.0,159,5043.0,23.13302752293578,1.577117713083586,159,68753.0,0.04769235932368191,159,68753.0,-3.3799999999999955
17840.0,164,5451.0,25.004587155963304,1.570108268389978,164,68761.0,0.04710948738384242,164,68761.0,-0.08000000000004093
17845.0,166,5873.0,26.817351598173516,1.4457198416679744,166,68771.0,0.04643647304900159,166,68771.0,-0.10000000000002274
17850.0,163,6294.0,28.60909090909091,1.6581592272115473,163,68425.0,0.051635950804188466,163,68425.0,3.4600000000000364
17855.0,162,6551.0,29.642533936651585,1.6312649315330343,162,69152.0,0.052911464306760116,162,69152.0,-7.269999999999982
17860.0,159,6693.0,30.701834862385322,1.5573685450829564,159,69608.0,0.04797833533396504,159,69608.0,-4.560000000000059
17865.0,158,6845.0,31.113636363636363,1.5772220631675329,158,70066.0,0.050997592589565224,158,70066.0,-4.579999999999927
17870.0,154,7067.0,32.122727272727275,1.6393331936045632,154,70385.0,0.05700444389669983,154,70385.0,-3.1900000000000546
17875.0,156,7427.0,33.91324200913242,1.5682721129366264,156,70362.0,0.05420214807464686,156,70362.0,0.2300000000000182
17880.0,161,7823.0,35.39819004524887,1.6569929955638265,161,70385.0,0.05462601389271494,161,70385.0,-0.2300000000000182
17885.0,164,8264.0,37.39366515837104,1.5395989192626462,163,71032.0,0.044444498402718316,163,71032.0,-6.470000000000027
17890.0,167,8865.0,40.113122171945705,1.4359734110455984,167,71814.0,0.041325179087358846,167,71814.0,-7.819999999999936
17895.0,169,9476.0,42.493273542600896,1.4356162239287293,169,72328.0,0.04170722451989367,169,72328.0,-5.139999999999986
17900.0,167,10085.0,45.224215246636774,1.4520091418869576,167,72698.0,0.04048799394393673,167,72698.0,-3.7000000000000455
17905.0,171,10776.0,48.32286995515695,1.3970938734595535,171,72702.0,0.03990733890272513,171,72702.0,-0.03999999999996362
17910.0,178,11499.0,51.56502242152467,1.2862435589189705,178,72721.0,0.03724133665674829,178,72721.0,-0.19000000000005457
17915.0,178,12240.0,54.88789237668161,1.3187076675653906,178,72399.0,0.03731629856729118,178,72399.0,3.2200000000000273
17920.0,176,12908.0,57.625,1.398678970081726,176,73175.0,0.04117113281457956,176,73175.0,-7.759999999999991
17925.0,174,13518.0,59.8141592920354,1.444539137388466,174,73685.0,0.03537883596582691,174,73685.0,-5.100000000000023
17930.0,172,14138.0,62.28193832599119,1.5348073141702538,172,74215.0,0.04096474970464686,172,74215.0,-5.2999999999999545
17935.0,169,14752.0,66.45045045045045,1.3413369556483716,169,74579.0,0.041276287008518,169,74579.0,-3.6399999999999864
17940.0,171,15441.0,69.55405405405405,1.3647996899238106,171,74579.0,0.042351095962379445,171,74579.0,0.0
17945.0,176,16160.0,72.14285714285714,1.4070995466794238,176,74601.0,0.04231581426256569,176,74601.0,-0.22000000000002728
17950.0,177,16848.0,75.55156950672645,1.2898895677972337,176,75263.0,0.035826613768290064,176,75263.0,-6.6200000000000045
17955.0,176,17502.0,77.78666666666666,1.344426982030031,176,76068.0,0.033162078864566416,176,76068.0,-8.049999999999955
17960.0,172,18144.0,80.64,1.4863464220107647,172,76661.0,0.03918356038786383,172,76661.0,-5.930000000000064
17965.0,170,18431.0,82.28125,1.4088401804050317,170,76544.0,0.03854896955034174,170,76544.0,1.169999999999959
17970.0,173,18558.0,83.5945945945946,1.3405267954378233,173,76435.0,0.0361908997047701,173,76435.0,1.0900000000000318
17975.0,179,18713.0,84.2927927927928,1.184985994236227,179,75427.0,0.03158126857117811,179,75427.0,10.080000000000041
17980.0,177,18878.0,85.03603603603604,1.261227367502509,177,74419.0,0.03801267339360788,177,74419.0,10.079999999999927
17985.0,175,18969.0,85.0627802690583,1.2633088702775317,175,75113.0,0.03461710614605728,175,75113.0,-6.939999999999941
17990.0,172,19006.0,86.39090909090909,1.2301538387992406,172,75679.0,0.04048420767585474,172,75679.0,-5.659999999999968
17995.0,171,19053.0,85.82432432432432,1.3487209778826137,171,76262.0,0.043571369681527895,171,76262.0,-5.830000000000041
18000.0,168,18421.0,82.97747747747748,1.3730538801557954,168,76105.0,0.03780811431805596,168,76105.0,1.57000000000005
18005.0,173,17406.0,78.05381165919283,1.3539691057347516,173,75058.0,0.03683755937517178,173,75058.0,10.469999999999914
18010.0,178,16415.0,73.28125,1.3694894611913608,178,74092.0,0.03735069694295069,178,74092.0,9.660000000000082
18015.0,176,15427.0,69.17937219730942,1.3529734996227656,176,72338.0,0.0380940340024956,176,72338.0,17.539999999999964
18020.0,173,14367.0,64.71621621621621,1.4255704631353674,173,73017.0,0.04085693702535763,173,73017.0,-6.789999999999964
18025.0,170,13252.0,59.426008968609864,1.4660545244047967,170,73588.0,0.04349154391168328,170,73588.0,-5.710000000000036
18030.0,166,12280.0,55.06726457399103,1.7008612706967403,166,74161.0,0.04980623707198946,166,74161.0,-5.730000000000018
18035.0,168,11802.0,52.9237668161435,1.6028246148593823,168,74037.0,0.0417367834651107,168,74037.0,1.240000000000009
18040.0,174,11362.0,50.723214285714285,1.578048803898602,174,73338.0,0.04056167709083365,174,73338.0,6.990000000000009
18045.0,175,10943.0,49.292792792792795,1.4465862988099687,175,72668.0,0.03948572270479646,175,72668.0,6.7000000000000455
18050.0,173,10520.0,47.81818181818182,1.4776657533579396,173,71292.0,0.04530721100477086,173,71292.0,13.759999999999991
18055.0,172,10030.0,45.59090909090909,1.3929550717438326,172,71960.0,0.041839880237349754,172,71960.0,-6.680000000000064
18060.0,167,9535.0,43.34090909090909,1.550461356952727,167,72549.0,0.04816548714002998,167,72549.0,-5.889999999999986
18065.0,164,9282.0,42.19090909090909,1.676534389327847,164,73151.0,0.0502860085576437,164,73151.0,-6.019999999999982
18070.0,167,10020.0,45.339366515837106,1.81419680410503,167,73761.0,0.050269193585331,167,73761.0,-6.100000000000023
18075.0,173,10522.0,47.3963963963964,1.5960075423057654,173,73662.0,0.03861821257421222,173,73662.0,0.9900000000000091
18080.0,174,10858.0,49.13122171945702,1.4848864161487674,174,73580.0,0.0366645922858301,174,73580.0,0.82000000000005
18085.0,170,11186.0,50.16143497757847,1.6940073602694634,170,72575.0,0.04578799687076946,170,72575.0,10.049999999999955
18090.0,169,11083.0,50.60730593607306,1.580184538917923,169,72854.0,0.04224375925614001,169,72854.0,-2.7899999999999636
18095.0,166,10711.0,49.13302752293578,1.5562453894944575,166,72610.0,0.042313936063913274,166,72610.0,2.439999999999941
18100.0,165,10375.0,47.591743119266056,1.7026705925271308,165,72337.0,0.04807047819304538,165,72337.0,2.730000000000018
18105.0,165,10045.0,46.29032258064516,1.5989533156737818,165,71565.0,0.043639328758032635,165,71565.0,7.720000000000027
18110.0,166,9720.0,45.0,1.6738463815199385,166,70807.0,0.052395550896561435,166,70807.0,7.579999999999927
18115.0,162,9383.0,43.845794392523366,1.6465375685437118,162,70054.0,0.051019822723517516,162,70054.0,7.530000000000086
18120.0,161,9033.0,42.40845070422535,1.5956719378707938,160,69786.0,0.051591126498800065,160,69786.0,2.67999999999995
18125.0,156,8663.0,40.29302325581396,1.7732499129312769,156,69110.0,0.05998884877747673,156,69110.0,6.759999999999991
18130.0,154,8273.0,38.300925925925924,1.8326536211561046,154,68872.0,0.0635893513642736,154,68872.0,2.3799999999999955
18135.0,153,7693.0,35.61574074074074,1.700951440694065,153,69517.0,0.058209317304858114,153,69517.0,-6.449999999999932
18140.0,154,7111.0,32.76958525345622,1.8354926062862034,154,70168.0,0.06157873012415575,154,70168.0,-6.509999999999991
18145.0,160,7025.0,32.523148148148145,1.6954878962717876,160,70846.0,0.05740338575382975,160,70846.0,-6.780000000000086
18150.0,166,6955.0,32.199074074074076,1.6491756119461929,164,70641.0,0.054364874445267275,164,70641.0,2.050000000000068
18155.0,164,6927.0,32.21860465116279,1.6357570978384925,164,69543.0,0.05722117310852171,164,69543.0,10.980000000000018
18160.0,165,7439.0,34.43981481481482,1.778218731168728,165,68467.0,0.06419193313541616,165,68467.0,10.759999999999991
18165.0,167,7876.0,36.46296296296296,1.6071460089523915,167,69077.0,0.053184388579788335,167,69077.0,-6.100000000000023
18170.0,166,8261.0,38.06912442396313,1.6059400026025483,166,69589.0,0.044459408060197325,166,69589.0,-5.1200000000000045
18175.0,167,8648.0,39.669724770642205,1.633052152851195,167,70119.0,0.046709442619741165,167,70119.0,-5.300000000000068
18180.0,166,9033.0,41.62672811059908,1.5431486730038584,166,69972.0,0.04128837856478576,166,69972.0,1.4700000000000273
18185.0,170,9489.0,43.527522935779814,1.4746875884304758,170,69829.0,0.03978241946793635,170,69829.0,1.4300000000000637
18190.0,170,9952.0,46.074074074074076,1.376661819015345,170,69706.0,0.03711778795080673,170,69706.0,1.2300000000000182
18195.0,170,10372.0,47.79723502304147,1.3452452484482804,170,70381.0,0.03411672321999499,170,70381.0,-6.75
18200.0,166,10749.0,49.534562211981566,1.4355196843871134,166,70947.0,0.03817095119306545,166,70947.0,-5.660000000000082
18205.0,164,11111.0,51.20276497695853,1.454428941951535,164,71516.0,0.04375269823875323,164,71516.0,-5.689999999999941
18210.0,163,11505.0,53.0184331797235,1.540206286640758,163,72046.0,0.04881619018127145,163,72046.0,-5.300000000000068
18215.0,164,11533.0,52.903669724770644,1.4700816985101262,164,71918.0,0.0419768241539011,164,71918.0,1.2800000000000864
18220.0,172,11494.0,53.21296296296296,1.2406356088317343,172,70971.0,0.03413296579923256,172,70971.0,9.469999999999914
18225.0,173,11476.0,52.401826484018265,1.2374580456883784,173,70051.0,0.03413219683679941,173,70051.0,9.200000000000045
18230.0,171,11456.0,52.07272727272727,1.4114583442616278,171,68299.0,0.03867051881934729,171,68299.0,17.519999999999982
18235.0,170,11428.0,51.945454545454545,1.4414046336081587,170,66559.0,0.04284309407292718,170,66559.0,17.399999999999977
18240.0,170,11401.0,51.35585585585586,1.5668861918159867,170,64979.0,0.04880007285013468,170,64979.0,15.800000000000068
18245.0,167,11065.0,49.61883408071749,1.4895791739891746,167,65746.0,0.04048890086623249,167,65746.0,-7.670000000000073
18250.0,171,10559.0,47.138392857142854,1.5373018269251035,171,66528.0,0.042472724294951136,171,66528.0,-7.819999999999936
18255.0,175,10054.0,44.684444444444445,1.4732471660215516,175,66893.0,0.03956451424847505,175,66893.0,-3.6499999999999773
18260.0,171,9489.0,42.74324324324324,1.443768241693056,171,66915.0,0.04247001624185746,171,66915.0,-0.22000000000002728
18265.0,167,8865.0,40.113122171945705,1.500369658837598,167,66150.0,0.04642956072670141,167,66150.0,7.649999999999977
18270.0,162,8220.0,37.36363636363637,1.7135587788955828,162,65751.0,0.05426404982533629,162,65751.0,3.990000000000009
18275.0,158,7418.0,34.184331797235025,1.5671488808201197,158,66379.0,0.0496171251441472,158,66379.0,-6.279999999999973
18280.0,154,6672.0,30.746543778801843,1.7413143823750394,154,66925.0,0.05484151063343484,154,66925.0,-5.460000000000036
18285.0,155,6547.0,30.310185185185187,1.7103941493700205,155,67504.0,0.0582335822806426,155,67504.0,-5.789999999999964
18290.0,158,6625.0,30.389908256880734,1.7598092847648932,158,68030.0,0.05480548129279245,158,68030.0,-5.259999999999991
18295.0,163,6502.0,29.963133640552996,1.4628800426887114,163,67871.0,0.0408576383131572,163,67871.0,1.5899999999999181
18300.0,166,6254.0,28.68807339449541,1.3683318689218515,166,68626.0,0.033050815105999685,166,68626.0,-7.5499999999999545
18305.0,163,6067.0,27.95852534562212,1.3770040187665606,163,67574.0,0.03481734937247645,163,67574.0,10.519999999999982
18310.0,163,5934.0,27.47222222222222,1.326528080961563,163,68234.0,0.03761877458817182,163,68234.0,-6.600000000000023
18315.0,160,6070.0,27.844036697247706,1.4307699860836465,160,68841.0,0.040510791863094066,160,68841.0,-6.069999999999936
18320.0,164,6300.0,28.89908256880734,1.5237421772199262,164,69473.0,0.043150230522264986,164,69473.0,-6.32000000000005
18325.0,172,6472.0,29.68807339449541,1.3053386084704068,172,69625.0,0.03184368376394163,172,69625.0,-1.5199999999999818
18330.0,178,6588.0,30.359447004608295,1.16650764760302,178,69202.0,0.027052178786204497,178,69202.0,4.230000000000018
18335.0,173,6697.0,30.579908675799086,1.3233674676635212,173,68876.0,0.03377698761466405,173,68876.0,3.259999999999991
18340.0,171,6793.0,30.87727272727273,1.506465226673338,171,67993.0,0.04000104022254557,171,67993.0,8.830000000000041
18345.0,168,6873.0,31.383561643835616,1.5282410661878474,168,67128.0,0.044861611165218154,168,67128.0,8.649999999999977
18350.0,165,6941.0,31.986175115207374,1.587055237253265,165,66270.0,0.05361638647032817,165,66270.0,8.579999999999927
18355.0,160,6896.0,31.63302752293578,1.5978485209320352,160,66935.0,0.05027097647873333,160,66935.0,-6.649999999999977
18360.0,160,6886.0,31.587155963302752,1.6685240147464824,160,67549.0,0.05171411941935386,160,67549.0,-6.139999999999986
18365.0,163,7414.0,34.00917431192661,1.7896224789962805,163,68185.0,0.05702439420725895,163,68185.0,-6.360000000000014
18370.0,166,7982.0,36.61467889908257,1.8277591396351525,166,68840.0,0.05430699090158811,166,68840.0,-6.5499999999999545
18375.0,169,8572.0,39.50230414746544,1.7895289103950587,169,69582.0,0.05081957997049023,169,69582.0,-7.420000000000073
18380.0,170,9174.0,42.86915887850467,1.675570289982906,170,70349.0,0.045256300915675354,170,70349.0,-7.669999999999959
18385.0,171,9821.0,45.89252336448598,1.5695511286894746,171,71123.0,0.040660128636402545,171,71123.0,-7.740000000000009
18390.0,168,10161.0,47.481308411214954,1.5993156385449667,168,71330.0,0.038924406105885705,168,71330.0,-2.0699999999999363
18395.0,168,10366.0,48.666666666666664,1.662425607400162,168,70981.0,0.04612728935738564,168,70981.0,3.490000000000009
18400.0,169,10571.0,49.629107981220656,1.6405824613000388,169,70635.0,0.04220560423362749,169,70635.0,3.4599999999999227
18405.0,171,10782.0,50.14883720930233,1.5152928794794331,171,71401.0,0.03118972816101591,171,71401.0,-7.659999999999968
18410.0,174,11009.0,51.44392523364486,1.4280024287933346,174,72186.0,0.028935813639924535,174,72186.0,-7.850000000000023
18415.0,174,11243.0,52.29302325581396,1.467883736316185,174,72972.0,0.030101201532028526,174,72972.0,-7.860000000000014
18420.0,173,11287.0,53.240566037735846,1.3308566682462766,173,73165.0,0.028481386668956152,173,73165.0,-1.92999999999995
18425.0,170,11184.0,53.25714285714286,1.3229976368243883,170,72780.0,0.038552905498601464,170,72780.0,3.8500000000000227
18430.0,166,11062.0,52.92822966507177,1.3915646575847662,166,72416.0,0.04078668567433593,166,72416.0,3.6399999999999864
18435.0,162,10552.0,50.00947867298578,1.5241963454024052,162,72270.0,0.04203565430045417,162,72270.0,1.4599999999999227
18440.0,158,9771.0,46.52857142857143,1.5462049087975893,158,71216.0,0.04243700335406728,158,71216.0,10.540000000000077
18445.0,156,8978.0,42.95693779904306,1.6036526701515592,156,70177.0,0.049723477234271465,156,70177.0,10.389999999999986
18450.0,154,8171.0,39.66504854368932,1.5363873427579173,154,68264.0,0.04953909013675498,154,68264.0,19.129999999999995
18455.0,152,7416.0,36.0,1.5364703669880604,152,68402.0,0.053204652355455316,152,68402.0,-1.3799999999999955
18460.0,155,7133.0,34.45893719806763,1.4424717726368455,155,69137.0,0.04546709013745933,155,69137.0,-7.350000000000023
18465.0,155,6852.0,32.628571428571426,1.5343904679396625,155,68747.0,0.046930890734620714,155,68747.0,3.8999999999999773
18470.0,152,6560.0,31.09004739336493,1.6798428378283412,152,68339.0,0.05152530728081607,152,68339.0,4.080000000000041
18475.0,149,6290.0,29.81042654028436,1.6937954046453605,149,67931.0,0.05399373012066129,149,67931.0,4.080000000000041
18480.0,144,5963.0,28.5311004784689,1.742908676140921,144,68021.0,0.05735570771130257,144,68021.0,-0.900000000000091
18485.0,142,5774.0,27.626794258373206,1.80510476184043,142,68623.0,0.05921556629523368,142,68623.0,-6.019999999999982
18490.0,147,5764.0,27.57894736842105,1.8597301037906413,147,69272.0,0.05987658133205972,147,69272.0,-6.490000000000009
18495.0,151,5738.0,27.323809523809523,1.73257222858423,151,69413.0,0.051914224146861754,151,69413.0,-1.4099999999999682
18500.0,149,5810.0,27.932692307692307,1.6986594578530094,149,68989.0,0.04984587240567189,149,68989.0,4.240000000000009
18505.0,151,6385.0,30.260663507109005,1.8091715540928808,151,68574.0,0.05321680439644968,151,68574.0,4.149999999999977
18510.0,154,6808.0,32.41904761904762,1.5904391414483636,154,68423.0,0.041452483079719354,154,68423.0,1.509999999999991
18515.0,150,7116.0,33.885714285714286,1.6947469423373513,150,67390.0,0.04827143087667826,150,67390.0,10.330000000000041
18520.0,148,7450.0,35.308056872037916,1.8445577658007455,148,66377.0,0.053754307984235715,148,66377.0,10.129999999999995
18525.0,149,7485.0,35.140845070422536,1.811842307463474,149,66445.0,0.05104280653577157,149,66445.0,-0.6800000000000637
18530.0,152,7295.0,33.93023255813954,1.8555053496371086,152,66046.0,0.05018014365894868,152,66046.0,3.990000000000009
18535.0,153,7117.0,33.257009345794394,1.8384147363378724,153,65651.0,0.05212482799535956,153,65651.0,3.9500000000000455
18540.0,153,6899.0,32.69668246445497,1.687959563929473,153,65524.0,0.0467519130265178,153,65524.0,1.2699999999999818
18545.0,151,6641.0,31.473933649289098,1.6495182611338857,151,64502.0,0.047950171723733004,151,64502.0,10.220000000000027
18550.0,148,6371.0,30.33809523809524,1.7619947294619118,148,63485.0,0.05624331464568565,148,63485.0,10.169999999999959
18555.0,145,6095.0,29.023809523809526,1.8165223091608536,145,61605.0,0.06086690448469375,145,61605.0,18.800000000000068
18560.0,143,5848.0,28.115384615384617,1.9347793501989083,143,59932.0,0.06757104441722067,143,59932.0,16.729999999999905
18565.0,144,5448.0,25.942857142857143,1.8688541891002919,144,60633.0,0.06211077152447974,144,60633.0,-7.009999999999991
18570.0,145,4961.0,23.736842105263158,1.7314244144394517,145,60992.0,0.05872332744699947,145,60992.0,-3.589999999999918
18575.0,142,4543.0,21.736842105263158,1.722208571138005,142,60928.0,0.0579684916678137,142,60928.0,0.6399999999999864
18580.0,146,4056.0,19.222748815165875,1.7876093849322385,146,61557.0,0.058807174524862296,146,61557.0,-6.290000000000077
18585.0,147,3555.0,16.848341232227487,1.722003798781634,147,62127.0,0.057938845214620734,147,62127.0,-5.699999999999932
18590.0,146,3400.0,16.037735849056602,1.920010385298008,146,62716.0,0.06274857221425544,146,62716.0,-5.889999999999986
18595.0,153,3790.0,17.710280373831775,1.8818508851863938,153,63326.0,0.057673214685326976,153,63326.0,-6.100000000000023
18600.0,158,4216.0,19.981042654028435,1.7674651441919766,158,64048.0,0.05332334663641404,158,64048.0,-7.220000000000027
18605.0,163,4573.0,21.469483568075116,1.5322352609359773,163,64845.0,0.04188696094826131,163,64845.0,-7.970000000000027
18610.0,169,4924.0,23.009345794392523,1.4410893403857796,169,65678.0,0.03527490142460418,169,65678.0,-8.329999999999927
18615.0,176,5301.0,24.655813953488373,1.3046715991515003,176,65700.0,0.030330700390009492,176,65700.0,-0.22000000000002728
18620.0,173,5598.0,26.037209302325582,1.299482920841215,173,66558.0,0.02590245193004489,173,66558.0,-8.580000000000041
18625.0,174,5927.0,27.567441860465117,1.3449881180841796,174,67395.0,0.03349924767489114,174,67395.0,-8.370000000000005
18630.0,176,6343.0,29.64018691588785,1.277342697903295,176,68263.0,0.029433654939200346,176,68263.0,-8.67999999999995
18635.0,181,6936.0,32.26046511627907,1.132035424646173,180,68292.0,0.02451658617432927,180,68292.0,-0.2899999999999636
18640.0,182,7517.0,35.126168224299064,1.0110272717690076,182,69199.0,0.017322852647701847,182,69199.0,-9.07000000000005
18645.0,180,8098.0,37.8411214953271,1.0413696823282064,180,68391.0,0.025200539408699207,180,68391.0,8.080000000000041
18650.0,180,8668.0,40.129629629629626,1.1097093501551203,180,66731.0,0.027271048082341987,180,66731.0,16.600000000000023
18655.0,176,9005.0,41.883720930232556,1.1060549949538414,176,67159.0,0.026665066419849753,176,67159.0,-4.280000000000086
18660.0,173,9175.0,42.873831775700936,1.1610641377413724,173,67572.0,0.02902217624368704,173,67572.0,-4.1299999999999955
18665.0,168,9370.0,43.78504672897196,1.1922611002431978,168,67963.0,0.030437655561865905,168,67963.0,-3.909999999999968
18670.0,165,9213.0,43.25352112676056,1.2293303645672093,165,68091.0,0.034723616155524745,165,68091.0,-1.2799999999999727
18675.0,160,8858.0,41.586854460093896,1.3270708734072276,160,67507.0,0.03834762478475104,160,67507.0,5.839999999999918
18680.0,156,8479.0,40.37619047619047,1.2365574157074775,156,67594.0,0.0393629499014722,156,67594.0,-0.8700000000000045
18685.0,155,8133.0,38.54502369668246,1.335665749482776,155,67674.0,0.04335360828229687,155,67674.0,-0.7999999999999545
18690.0,152,7791.0,37.27751196172249,1.409798789341991,152,66372.0,0.044718165790261964,152,66372.0,13.019999999999982
18695.0,147,7426.0,35.36190476190476,1.5663066267808177,147,65751.0,0.0520591898620732,147,65751.0,6.210000000000036
18700.0,145,6905.0,32.88095238095238,1.6482546651312657,144,66417.0,0.05309640889858306,144,66417.0,-6.659999999999968
18705.0,148,6512.0,31.00952380952381,1.5460500167292137,148,67146.0,0.04855936315683616,148,67146.0,-7.290000000000077
18710.0,149,6200.0,29.66507177033493,1.5339400998591601,149,67843.0,0.04877923419435356,149,67843.0,-6.969999999999914
18715.0,151,5913.0,28.427884615384617,1.4659740004533608,151,68506.0,0.049363939201846216,151,68506.0,-6.6299999999999955
18720.0,154,5734.0,27.567307692307693,1.467035595513183,154,69214.0,0.047925799278246695,154,69214.0,-7.080000000000041
18725.0,161,5869.0,27.81516587677725,1.3691332250550288,161,70000.0,0.04065031073784931,161,70000.0,-7.860000000000014
18730.0,165,5948.0,28.056603773584907,1.3211382567035266,165,70111.0,0.03511844246672293,165,70111.0,-1.1100000000000136
18735.0,165,6129.0,28.774647887323944,1.4620573164444572,165,69532.0,0.04494775354621779,165,69532.0,5.789999999999964
18740.0,165,6804.0,32.094339622641506,1.4663104011941301,165,68956.0,0.04443340224085156,165,68956.0,5.760000000000105
18745.0,167,7484.0,35.301886792452834,1.5670283958675049,167,67697.0,0.04704339963379789,167,67697.0,12.589999999999918
18750.0,167,8165.0,38.514150943396224,1.6643189765355477,167,66451.0,0.051054062229088745,167,66451.0,12.460000000000036
18755.0,166,8547.0,40.12676056338028,1.603512850739678,166,66398.0,0.0393131744142776,166,66398.0,0.5299999999999727
18760.0,164,8723.0,40.76168224299065,1.7079794022894943,164,65458.0,0.045064863029209284,164,65458.0,9.399999999999977
18765.0,162,8885.0,41.325581395348834,1.830912741090057,162,64531.0,0.052326751671720906,162,64531.0,9.270000000000095
18770.0,159,8733.0,41.0,1.7367760683132143,159,64772.0,0.04830833757785379,159,64772.0,-2.410000000000082
18775.0,157,8369.0,38.925581395348836,1.7663412022862135,157,65023.0,0.04561344410999292,157,65023.0,-2.509999999999991
18780.0,154,7992.0,37.521126760563384,1.8112043304048446,154,65246.0,0.05195787636844829,154,65246.0,-2.230000000000018
18785.0,150,7509.0,35.41981132075472,1.7597280310010508,150,65286.0,0.0503683701102623,150,65286.0,-0.39999999999997726
18790.0,146,6963.0,33.47596153846154,1.6509396816197035,146,65318.0,0.051664027594648505,146,65318.0,-0.31999999999993634
18795.0,142,6452.0,31.169082125603865,1.7372565041082013,142,64624.0,0.05753241813700828,142,64624.0,6.939999999999941
18800.0,142,5835.0,28.325242718446603,1.6618522329818886,142,65266.0,0.055554470696635785,142,65266.0,-6.419999999999959
18805.0,144,5272.0,25.468599033816425,1.4816293908716776,144,65923.0,0.04943220495189287,144,65923.0,-6.57000000000005
18810.0,147,4846.0,23.524271844660195,1.4052694269291601,147,66602.0,0.04580092478966465,147,66602.0,-6.789999999999964
18815.0,148,4394.0,21.125,1.4266971778240427,148,66618.0,0.04621533742883164,148,66618.0,-0.15999999999996817
18820.0,149,4047.0,19.55072463768116,1.4315995339267225,149,65937.0,0.04663445291430072,149,65937.0,6.809999999999945
18825.0,151,4077.0,19.695652173913043,1.4025092193184894,151,65265.0,0.04779315101759544,151,65265.0,6.720000000000027
18830.0,153,4115.0,19.783653846153847,1.4111142961236187,153,63906.0,0.048644257242079846,153,63906.0,13.590000000000032
18835.0,151,4248.0,20.228571428571428,1.625439515687779,151,62683.0,0.059407810649545686,151,62683.0,12.229999999999905
18840.0,157,4727.0,22.088785046728972,1.582224490305927,157,63436.0,0.046319908327472445,157,63436.0,-7.529999999999973
18845.0,160,5240.0,24.25925925925926,1.5124743190996033,160,64140.0,0.041094552452559045,160,64140.0,-7.039999999999964
18850.0,161,5920.0,27.40740740740741,1.637599213133827,161,64800.0,0.04611969626395333,161,64800.0,-6.600000000000023
18855.0,166,6411.0,29.81860465116279,1.5152858445796267,166,64725.0,0.04597759924902269,166,64725.0,0.75
18860.0,170,6759.0,31.43720930232558,1.4095728296478391,170,64675.0,0.03672157943642302,170,64675.0,0.5
18865.0,169,7110.0,32.61467889908257,1.5385946698085136,169,63774.0,0.041630650050935074,169,63774.0,9.009999999999991
18870.0,166,7450.0,34.651162790697676,1.5467096226513661,166,62890.0,0.05062259290700051,166,62890.0,8.840000000000032
18875.0,162,7711.0,36.201877934272304,1.4785491652899454,162,63658.0,0.04830308697416567,162,63658.0,-7.680000000000064
18880.0,159,7934.0,37.248826291079816,1.6537625046884705,159,64365.0,0.05146782414074618,159,64365.0,-7.069999999999936
18885.0,162,8291.0,39.10849056603774,1.6427705431830044,162,65075.0,0.05350013117410846,162,65075.0,-7.100000000000023
18890.0,168,8544.0,40.301886792452834,1.3635066117618997,168,65284.0,0.03599280125746108,168,65284.0,-2.090000000000032
18895.0,169,8720.0,40.93896713615023,1.3163112770086656,169,64906.0,0.032510982656310396,169,64906.0,3.7800000000000864
18900.0,167,8889.0,41.929245283018865,1.416818536938185,167,64526.0,0.0405885680224712,167,64526.0,3.7999999999999545
18905.0,163,8996.0,42.43396226415094,1.3509191695926657,163,65292.0,0.03703559686630707,163,65292.0,-7.659999999999968
18910.0,162,9075.0,42.605633802816904,1.392301083913131,162,66050.0,0.03951794161887411,162,66050.0,-7.580000000000041
18915.0,162,9215.0,42.86046511627907,1.4722319022659118,162,66774.0,0.04283536665496049,162,66774.0,-7.240000000000009
18920.0,166,9067.0,42.36915887850467,1.3664987916393168,166,66889.0,0.03723743796120126,166,66889.0,-1.1499999999999773
18925.0,169,8982.0,41.583333333333336,1.380972075288694,169,66356.0,0.04009860158381369,169,66356.0,5.330000000000041
18930.0,171,8907.0,41.62149532710281,1.3446312319471123,171,65835.0,0.04126308917130875,171,65835.0,5.209999999999923
18935.0,170,8744.0,40.294930875576036,1.3491147011900435,170,66033.0,0.03690289519916621,170,66033.0,-1.9800000000000182
18940.0,168,8508.0,39.2073732718894,1.3517990842423466,168,66223.0,0.034496333698150854,168,66223.0,-1.8999999999999773
18945.0,165,8264.0,38.25925925925926,1.31098482078029,165,66400.0,0.03589186221289796,165,66400.0,-1.7699999999999818
18950.0,162,8058.0,37.654205607476634,1.4017113492534932,162,65944.0,0.04499317574939783,162,65944.0,4.559999999999945
18955.0,161,7803.0,36.806603773584904,1.27810410438334,161,66727.0,0.04331103713521991,161,66727.0,-7.829999999999927
18960.0,162,7632.0,35.83098591549296,1.3235924191860822,162,67405.0,0.040479902504532005,162,67405.0,-6.779999999999973
18965.0,164,7599.0,35.18055555555556,1.3833594064852806,164,68109.0,0.04018375999113624,164,68109.0,-7.040000000000077
18970.0,164,7293.0,33.763888888888886,1.3419542723726199,164,68038.0,0.03950121299965331,164,68038.0,0.7100000000000364
18975.0,166,6803.0,31.350230414746544,1.3177004819934925,166,67978.0,0.03669300595899649,166,67978.0,0.6000000000000227
18980.0,163,6304.0,29.457943925233646,1.2954746042874306,163,67922.0,0.037922937402073184,163,67922.0,0.5599999999999454
18985.0,159,5924.0,27.812206572769952,1.386579369377675,159,67052.0,0.04454153718754084,159,67052.0,8.700000000000045
18990.0,161,6082.0,28.42056074766355,1.41215775851694,161,65427.0,0.04213631649305215,161,65427.0,16.25
18995.0,158,6117.0,28.58411214953271,1.4318490277242089,158,65564.0,0.042080306524662894,158,65564.0,-1.3700000000000045
19000.0,157,6110.0,28.82075471698113,1.3903706651029197,157,65031.0,0.04664544155271643,157,65031.0,5.330000000000041
19005.0,159,6207.0,29.00467289719626,1.4475490307090735,159,64512.0,0.043165359123871684,159,64512.0,5.189999999999941
19010.0,161,6275.0,29.050925925925927,1.511870701935825,161,64492.0,0.0393394840773116,161,64492.0,0.20000000000004547
19015.0,160,6315.0,29.101382488479263,1.546189594497397,160,63739.0,0.04218757077632765,160,63739.0,7.529999999999973
19020.0,158,6347.0,29.24884792626728,1.6892032465789024,158,63066.0,0.050077042744253966,158,63066.0,6.730000000000018
19025.0,154,6321.0,29.4,1.5630728678527988,154,63179.0,0.04520783479828416,154,63179.0,-1.1299999999999955
19030.0,150,6247.0,29.19158878504673,1.6855459815872642,150,62613.0,0.05012718622408943,150,62613.0,5.659999999999968
19035.0,147,6272.0,29.30841121495327,1.794843462657533,147,62026.0,0.055052112719042645,147,62026.0,5.8700000000000045
19040.0,147,6445.0,30.11682242990654,1.7788417555705898,146,62653.0,0.05219410843497694,146,62653.0,-6.269999999999982
19045.0,150,6500.0,30.232558139534884,1.6702741675490145,150,63397.0,0.04882471898527151,150,63397.0,-7.440000000000055
19050.0,149,6730.0,31.5962441314554,1.6369427089826336,149,63942.0,0.05169877486292597,149,63942.0,-5.449999999999932
19055.0,152,7030.0,33.160377358490564,1.41264815227672,152,63939.0,0.0439782392116848,152,63939.0,0.029999999999972715
19060.0,154,7340.0,34.62264150943396,1.4350485479768387,154,63998.0,0.04623887131265638,154,63998.0,-0.5900000000000318
19065.0,159,7828.0,36.40930232558139,1.399749147814771,159,63378.0,0.04345158435251399,159,63378.0,6.2000000000000455
19070.0,160,7934.0,36.902325581395345,1.320156638754767,160,63370.0,0.04297581360971537,160,63370.0,0.07999999999992724
19075.0,160,7815.0,36.348837209302324,1.2574617345841765,159,63363.0,0.040236521181396236,159,63363.0,0.07000000000005002
19080.0,163,7717.0,35.56221198156682,1.2534587654301197,163,63503.0,0.039895422554644754,163,63503.0,-1.3999999999999773
19085.0,166,7541.0,34.277272727272724,1.2218000726369458,166,64203.0,0.03733216562084596,166,64203.0,-7.0
19090.0,163,7342.0,33.22171945701358,1.3435337575772415,163,64812.0,0.04181526295821844,163,64812.0,-6.090000000000032
19095.0,166,7179.0,32.19282511210762,1.3923456370503045,166,65444.0,0.04137038269159343,166,65444.0,-6.32000000000005
19100.0,169,7060.0,31.945701357466064,1.2811208322436223,169,65553.0,0.03855763560920519,169,65553.0,-1.0899999999999181
19105.0,171,6926.0,31.339366515837103,1.1574620836642868,171,65676.0,0.02947418889993674,171,65676.0,-1.2300000000000182
19110.0,173,6800.0,30.90909090909091,1.1261524681486106,173,65812.0,0.03130258803216719,173,65812.0,-1.3600000000000136
19115.0,169,6666.0,30.3,1.2010225816203137,169,64603.0,0.03600548340695388,169,64603.0,12.090000000000032
19120.0,165,6505.0,29.568181818181817,1.2978066263246313,165,65334.0,0.03882360550182924,165,65334.0,-7.310000000000059
19125.0,166,6396.0,28.81081081081081,1.3493097977234811,166,65986.0,0.03674180846307071,166,65986.0,-6.519999999999982
19130.0,167,6297.0,28.62272727272727,1.3459957400501528,167,66671.0,0.042126914655906914,167,66671.0,-6.850000000000023
19135.0,168,6291.0,28.595454545454544,1.2086752681510384,168,66788.0,0.034791618758543,168,66788.0,-1.169999999999959
19140.0,175,6740.0,30.497737556561084,1.2013971287446064,175,66228.0,0.03201407417059861,175,66228.0,5.600000000000023
19145.0,176,7208.0,32.61538461538461,1.3031714213091528,176,65688.0,0.0397133431838783,176,65688.0,5.399999999999977
19150.0,175,7673.0,34.56306306306306,1.4287941394620807,175,64442.0,0.03904984452567062,175,64442.0,12.460000000000036
19155.0,171,8124.0,36.5945945945946,1.5166956195147243,171,63196.0,0.04553677391698824,171,63196.0,12.459999999999923
19160.0,165,8476.0,38.527272727272724,1.499251867500486,165,63950.0,0.04689387496622391,165,63950.0,-7.539999999999964
19165.0,162,8790.0,39.7737556561086,1.596376075146632,162,64613.0,0.047719372646433104,162,64613.0,-6.6299999999999955
19170.0,161,9251.0,41.85972850678733,1.826711687399224,161,65296.0,0.057941890717797304,161,65296.0,-6.830000000000041
19175.0,166,9816.0,44.61818181818182,1.8010768715553729,166,65982.0,0.05292582596555669,166,65982.0,-6.860000000000014
19180.0,171,10225.0,46.26696832579186,1.7438506391433701,171,66151.0,0.04284380416982807,171,66151.0,-1.6899999999999409
19185.0,170,10522.0,47.61085972850679,1.6532859368281747,170,66330.0,0.039436216234691374,170,66330.0,-1.7899999999999636
19190.0,168,10811.0,49.36529680365297,1.691279362820535,168,66075.0,0.04464932934934153,168,66075.0,2.5499999999999545
19195.0,164,11086.0,50.62100456621005,1.7641116622374198,164,65276.0,0.04774014198734748,164,65276.0,7.990000000000009
19200.0,160,11333.0,52.467592592592595,1.8022446596175457,160,66032.0,0.04960483784995556,160,66032.0,-7.560000000000059
19205.0,160,11748.0,54.64186046511628,1.7807605563485527,160,66751.0,0.04899181889186188,160,66751.0,-7.189999999999941
19210.0,165,12263.0,57.03720930232558,1.7622519617560795,165,67505.0,0.04668444904895001,165,67505.0,-7.539999999999964
19215.0,170,12277.0,57.36915887850467,1.4395293442283381,170,67581.0,0.03094793059148883,170,67581.0,-0.7599999999999909
19220.0,168,11945.0,56.07981220657277,1.4741740889340997,168,67163.0,0.03439406338447155,168,67163.0,4.17999999999995
19225.0,164,11596.0,54.44131455399061,1.5713100635484114,164,66731.0,0.0425916852033199,164,66731.0,4.32000000000005
19230.0,161,11233.0,52.49065420560748,1.7203219684888569,161,65893.0,0.0469488103666266,161,65893.0,8.379999999999995
19235.0,158,10855.0,50.72429906542056,1.9084430931212777,158,65170.0,0.059038400831698375,158,65170.0,7.2299999999999045
19240.0,156,10465.0,49.363207547169814,1.8462855376482177,156,64801.0,0.05416867894775729,156,64801.0,3.6900000000000546
19245.0,154,10141.0,47.83490566037736,1.8363023996053938,153,64812.0,0.057941168160278,153,64812.0,-0.11000000000001364
19250.0,157,10040.0,47.35849056603774,1.847033810465432,157,64461.0,0.06106563967689113,157,64461.0,3.509999999999991
19255.0,158,9945.0,46.47196261682243,1.791645053710679,158,64498.0,0.05787383395197095,158,64498.0,-0.37000000000000455
19260.0,158,9557.0,44.86854460093897,1.7252671011552065,158,64487.0,0.05609003150497158,158,64487.0,0.11000000000001364
19265.0,153,8955.0,41.845794392523366,1.860633175884678,153,63671.0,0.06408233083656535,153,63671.0,8.159999999999968
19270.0,151,8343.0,38.98598130841121,2.0052824754036567,151,62849.0,0.06979404270941805,151,62849.0,8.220000000000027
19275.0,151,7724.0,36.43396226415094,1.9093391821102117,149,61261.0,0.07022910041460592,149,61261.0,15.879999999999995
19280.0,148,7285.0,34.69047619047619,2.042946825390389,147,59761.0,0.07843335490814154,147,59761.0,15.0
19285.0,149,7301.0,34.766666666666666,1.851446977163441,147,60408.0,0.0711602035393502,147,60408.0,-6.470000000000027
19290.0,150,7247.0,34.345971563981045,1.889439539707443,147,61030.0,0.07069839286569389,147,61030.0,-6.219999999999914
19295.0,147,7377.0,34.79716981132076,1.9542031418594323,146,61546.0,0.070076820907572,146,61546.0,-5.160000000000082
19300.0,151,7626.0,36.14218009478673,2.0221151067596432,151,62163.0,0.0689075885544044,151,62163.0,-6.169999999999959
19305.0,155,7900.0,37.264150943396224,2.0527924711425993,155,62827.0,0.06443172102677638,155,62827.0,-6.639999999999986
19310.0,158,8185.0,38.60849056603774,1.9727428285650581,158,63587.0,0.05898444423908985,158,63587.0,-7.600000000000023
19315.0,158,8484.0,39.83098591549296,1.9599344549137825,158,64366.0,0.04967172827384153,158,64366.0,-7.789999999999964
19320.0,160,8844.0,41.521126760563384,2.0063485077728265,160,65163.0,0.04435771371336147,160,65163.0,-7.970000000000027
19325.0,164,9345.0,43.46511627906977,2.0205700109792173,162,65963.0,0.045159551864454486,162,65963.0,-8.0
19330.0,170,10169.0,47.29767441860465,1.8274761795468424,170,66800.0,0.03898735645723818,170,66800.0,-8.370000000000005
19335.0,173,10623.0,49.18055555555556,1.7054510197957924,173,66983.0,0.03570087711624201,173,66983.0,-1.830000000000041
19340.0,174,10818.0,50.31627906976744,1.5609588299074515,174,67169.0,0.026505584835608744,174,67169.0,-1.8600000000000136
19345.0,172,11010.0,51.44859813084112,1.5570078995656536,172,66727.0,0.035079367959798234,172,66727.0,4.420000000000073
19350.0,174,11191.0,52.051162790697674,1.4356846250489765,174,67578.0,0.027250840069364318,174,67578.0,-8.509999999999991
19355.0,176,11394.0,53.49295774647887,1.2666082950532578,176,68453.0,0.029279598672325952,176,68453.0,-8.75
19360.0,179,11614.0,54.52582159624413,1.2207321442026937,179,69341.0,0.030691286721257007,179,69341.0,-8.879999999999995
19365.0,180,11530.0,54.13145539906103,1.1047948994139,180,69784.0,0.025599046444376973,180,69784.0,-4.430000000000064
19370.0,178,11229.0,52.71830985915493,1.13485363299114,178,69773.0,0.025543394389689715,178,69773.0,0.11000000000001364
19375.0,174,10912.0,51.471698113207545,1.2248781187946665,174,69751.0,0.03398419571129241,174,69751.0,0.22000000000002728
19380.0,171,10576.0,49.886792452830186,1.3339663841029468,171,69286.0,0.03663173136730512,171,69286.0,4.649999999999977
19385.0,166,10221.0,47.985915492957744,1.6398469650791019,166,68816.0,0.05186812501894049,166,68816.0,4.7000000000000455
19390.0,162,9842.0,47.09090909090909,1.539732533308499,162,68344.0,0.04911453155636623,162,68344.0,4.719999999999914
19395.0,158,9449.0,45.42788461538461,1.5758128676007535,157,68301.0,0.056448910812692425,157,68301.0,0.43000000000006366
19400.0,155,9196.0,44.42512077294686,1.6473077920363606,155,67846.0,0.060473146898126016,155,67846.0,4.5499999999999545
19405.0,155,9273.0,44.36842105263158,1.7020116108299106,155,67934.0,0.0587831452884265,155,67934.0,-0.8799999999999955
19410.0,155,9241.0,44.42788461538461,1.676875639112652,155,67347.0,0.05923548764476701,155,67347.0,5.8700000000000045
19415.0,152,9240.0,44.0,1.9407959551878156,152,66755.0,0.07182117052300169,152,66755.0,5.920000000000073
19420.0,149,9286.0,44.21904761904762,2.1310176963777923,149,65506.0,0.07228294116238984,149,65506.0,12.490000000000009
19425.0,144,9371.0,44.62380952380953,2.3618013526318085,144,64258.0,0.08031330429007053,144,64258.0,12.479999999999905
19430.0,142,9107.0,43.99516908212561,2.3230464650343,142,64957.0,0.0794131786865205,142,64957.0,-6.990000000000009
19435.0,147,8832.0,42.87378640776699,2.1862646237271925,147,65664.0,0.06908050872595353,147,65664.0,-7.069999999999936
19440.0,153,8574.0,41.42028985507246,2.0818149366611265,153,65516.0,0.06260838730954675,153,65516.0,1.4800000000000182
19445.0,150,8081.0,39.03864734299517,1.9105212233124371,150,66169.0,0.052725548379538224,150,66169.0,-6.530000000000086
19450.0,151,7634.0,36.8792270531401,1.9271869742543086,151,66775.0,0.055547055633939135,151,66775.0,-6.059999999999945
19455.0,152,7330.0,35.24038461538461,1.96821507601642,152,67413.0,0.05665774330956713,152,67413.0,-6.3799999999999955
19460.0,153,6998.0,33.970873786407765,1.7812650340781464,153,67255.0,0.05008007834102641,153,67255.0,1.580000000000041
19465.0,152,6641.0,32.395121951219515,1.7342117404136568,152,66222.0,0.05244179992980952,152,66222.0,10.329999999999927
19470.0,150,6341.0,30.781553398058254,1.889314324724072,150,65202.0,0.05768774813790921,150,65202.0,10.200000000000045
19475.0,152,6210.0,30.441176470588236,1.6664389757547573,152,65893.0,0.0494250207007051,152,65893.0,-6.909999999999968
19480.0,155,6095.0,30.02463054187192,1.4959740560600505,155,66591.0,0.04199531336958187,155,66591.0,-6.980000000000018
19485.0,160,6053.0,29.67156862745098,1.4385275705660647,160,67341.0,0.0430417065977515,160,67341.0,-7.5
19490.0,163,6026.0,29.39512195121951,1.273353357169282,163,67267.0,0.03379373829462474,163,67267.0,0.7400000000000091
19495.0,161,6148.0,29.416267942583733,1.4280827465359858,161,66309.0,0.0407011645605438,161,66309.0,9.579999999999927
19500.0,159,6748.0,31.981042654028435,1.5608329135149923,159,65349.0,0.045096066491767846,159,65349.0,9.600000000000023
19505.0,158,7044.0,33.542857142857144,1.3720114215291357,157,65634.0,0.03938841240806504,157,65634.0,-2.8500000000000227
19510.0,164,7191.0,33.76056338028169,1.3350409955039433,164,66428.0,0.03537463713881246,164,66428.0,-7.939999999999941
19515.0,164,7359.0,34.38785046728972,1.3823179740193774,164,66214.0,0.043385851935570124,164,66214.0,2.1399999999999864
19520.0,161,7517.0,35.126168224299064,1.4579950605000787,161,65516.0,0.043660633548937317,161,65516.0,6.980000000000018
19525.0,157,7671.0,35.67906976744186,1.6147760002631486,157,65340.0,0.046850144153758475,157,65340.0,1.759999999999991
19530.0,158,7874.0,36.62325581395349,1.6393453591247662,158,65200.0,0.04740507022519705,158,65200.0,1.3999999999999773
19535.0,158,8078.0,37.57209302325582,1.674786683641242,158,65064.0,0.05095888523464525,158,65064.0,1.3600000000000136
19540.0,157,8272.0,38.83568075117371,1.673398552087033,156,64946.0,0.05574221325561759,156,64946.0,1.17999999999995
19545.0,154,8292.0,39.29857819905213,1.4865067764262385,154,65687.0,0.047753810625796,154,65687.0,-7.409999999999968
19550.0,157,8345.0,39.73809523809524,1.461029069636702,157,66438.0,0.048669717960006534,157,66438.0,-7.509999999999991
19555.0,156,8574.0,40.63507109004739,1.4664802102698657,156,67127.0,0.04783079016824996,156,67127.0,-6.889999999999986
19560.0,156,8894.0,42.15165876777251,1.5733378401592173,156,67764.0,0.052462632216067465,156,67764.0,-6.3700000000000045
19565.0,161,8942.0,42.179245283018865,1.4633717245047213,161,67737.0,0.04760250974116754,161,67737.0,0.2699999999999818
19570.0,162,8837.0,41.48826291079812,1.453755620386744,162,67701.0,0.040796350189847924,162,67701.0,0.36000000000001364
19575.0,163,8970.0,41.72093023255814,1.5278795706051347,163,66871.0,0.0445804126883852,163,66871.0,8.299999999999955
19580.0,164,8893.0,41.751173708920184,1.4118215251411501,164,66723.0,0.043727496448534416,164,66723.0,1.4800000000000182
19585.0,165,8669.0,40.69953051643193,1.2756185719035227,165,66563.0,0.0393440929198965,165,66563.0,1.6000000000000227
19590.0,165,8448.0,39.47663551401869,1.3300743783670086,165,65537.0,0.043002047949375566,165,65537.0,10.259999999999991
19595.0,166,8228.0,38.44859813084112,1.2558888832955701,166,64548.0,0.03807963707162908,166,64548.0,9.889999999999986
19600.0,163,7834.0,36.779342723004696,1.1801421194184927,163,64781.0,0.04119143679269544,163,64781.0,-2.3299999999999272
19605.0,161,7315.0,34.1822429906542,1.1587646116933477,161,65567.0,0.03690896955384489,161,65567.0,-7.860000000000014
19610.0,159,6783.0,31.69626168224299,1.2262928557360668,159,65827.0,0.03775261196439842,159,65827.0,-2.6000000000000227
19615.0,158,6084.0,28.036866359447004,1.3145148445534718,158,66460.0,0.04131961198572721,158,66460.0,-6.330000000000041
19620.0,154,5283.0,24.458333333333332,1.3148546592291637,154,66999.0,0.04023310236994112,154,66999.0,-5.389999999999986
19625.0,152,4651.0,21.433179723502302,1.3021535386072625,152,67640.0,0.04119996475729993,152,67640.0,-6.409999999999968
19630.0,154,4249.0,19.580645161290324,1.3566493637349553,154,67876.0,0.042705467243941315,154,67876.0,-2.3600000000000136
19635.0,159,4289.0,19.764976958525345,1.3009298275708907,159,67707.0,0.03970319598553321,159,67707.0,1.6899999999999409
19640.0,163,4355.0,20.162037037037038,1.323116850176364,163,67543.0,0.0407677185164362,163,67543.0,1.6400000000001
19645.0,162,4321.0,19.821100917431192,1.2758213150351843,162,67471.0,0.035780111374578996,162,67471.0,0.7199999999999136
19650.0,164,4443.0,20.569444444444443,1.2510045557722318,164,66623.0,0.03861336835013844,164,66623.0,8.480000000000018
19655.0,166,4582.0,20.922374429223744,1.341067793550452,166,65773.0,0.04174559158711478,166,65773.0,8.5
19660.0,164,4596.0,20.986301369863014,1.3245249585867227,164,65640.0,0.03925352750418236,164,65640.0,1.330000000000041
19665.0,164,4555.0,20.61085972850679,1.3432285027044766,164,65502.0,0.03384710454134434,164,65502.0,1.3799999999999955
19670.0,166,4662.0,21.09502262443439,1.3731526489524617,166,65380.0,0.038404073935763734,166,65380.0,1.2200000000000273
19675.0,167,4691.0,21.226244343891402,1.2571506433392807,167,65675.0,0.033434004978950736,167,65675.0,-2.9500000000000455
19680.0,165,4663.0,21.099547511312217,1.3355578496913534,165,65974.0,0.03634603242157064,165,65974.0,-2.990000000000009
19685.0,161,4615.0,20.78828828828829,1.4468976280290518,161,65766.0,0.04069688966868307,161,65766.0,2.080000000000041
19690.0,155,4365.0,20.022935779816514,1.4146184818785583,155,66368.0,0.04556074023152754,155,66368.0,-6.019999999999982
19695.0,153,3990.0,18.47222222222222,1.2989245924449966,153,66959.0,0.04312548311799234,153,66959.0,-5.910000000000082
19700.0,153,3695.0,17.10648148148148,1.3394527226376611,153,67555.0,0.04483909266196756,153,67555.0,-5.959999999999923
19705.0,154,3541.0,16.317972350230416,1.2584408920041228,154,67769.0,0.04387343917174887,154,67769.0,-2.1400000000001
19710.0,156,3531.0,16.34722222222222,1.259851009421446,156,67672.0,0.0446247830961349,156,67672.0,0.9700000000000273
19715.0,161,3800.0,17.35159817351598,1.3198632937707921,161,67788.0,0.044680471524697035,161,67788.0,-1.1599999999999682
19720.0,167,4057.0,18.357466063348415,1.2755499786662443,166,68477.0,0.03676374292776178,166,68477.0,-6.889999999999986
19725.0,166,4356.0,19.710407239819006,1.202728506951636,166,69289.0,0.03356848437426299,166,69289.0,-8.120000000000005
19730.0,167,4880.0,21.98198198198198,1.2683109771412986,167,69838.0,0.03961723392517609,167,69838.0,-5.490000000000009
19735.0,170,5217.0,23.394618834080717,1.1457878627220037,170,69746.0,0.031497580703236674,170,69746.0,0.9199999999999591
19740.0,172,5524.0,24.771300448430495,1.1859937283389905,172,69659.0,0.03356384682444201,172,69659.0,0.8700000000000045
19745.0,177,5954.0,26.699551569506728,1.133510011483208,177,68906.0,0.033780000254868665,177,68906.0,7.530000000000086
19750.0,179,6355.0,28.370535714285715,1.1473806230113617,179,69618.0,0.03321815129714573,179,69618.0,-7.1200000000000045
19755.0,179,6722.0,30.008928571428573,1.0866048096467151,179,70236.0,0.03399288744780825,179,70236.0,-6.180000000000064
19760.0,175,7079.0,31.602678571428573,1.2636671176139933,175,70859.0,0.03991013372255989,175,70859.0,-6.230000000000018
19765.0,172,7394.0,33.00892857142857,1.2390656523382668,171,70860.0,0.03536599069328435,171,70860.0,-0.009999999999990905
19770.0,174,7753.0,34.766816143497756,1.2371458903390207,174,71659.0,0.03555922106229069,174,71659.0,-7.990000000000009
19775.0,179,8178.0,36.83783783783784,1.1031980388134905,179,70889.0,0.03081120785871303,179,70889.0,7.7000000000000455
19780.0,181,8302.0,37.228699551569505,1.016019737550798,181,70833.0,0.026402375099429155,181,70833.0,0.5599999999999454
19785.0,178,8203.0,36.620535714285715,1.0041177238987649,178,70767.0,0.025065635461892482,178,70767.0,0.6600000000000819
19790.0,175,8093.0,36.129464285714285,1.0869567015956645,175,69819.0,0.02995190564004988,175,69819.0,9.479999999999905
19795.0,172,7882.0,35.03111111111111,1.119304757794179,172,70519.0,0.03094235357868178,172,70519.0,-7.0
19800.0,168,7686.0,34.46636771300449,1.1871514962492076,168,71118.0,0.03657785320197691,168,71118.0,-5.989999999999895
19805.0,169,7763.0,34.65625,1.3118536605456097,169,71740.0,0.03943571244710438,169,71740.0,-6.220000000000027
19810.0,171,7879.0,35.33183856502242,1.207702689883781,171,71659.0,0.03364353034630812,171,71659.0,0.8099999999999454
19815.0,172,8047.0,35.76444444444444,1.265208406314994,172,70712.0,0.034030677948745786,172,70712.0,9.470000000000027
19820.0,174,8226.0,36.56,1.3909268841565563,174,69803.0,0.038390926961313535,174,69803.0,9.090000000000032
19825.0,171,8078.0,36.0625,1.3241187946914097,170,70220.0,0.031120753924755083,170,70220.0,-4.170000000000073
19830.0,168,7723.0,34.94570135746606,1.2896978102061227,168,71050.0,0.033571180575977036,168,71050.0,-8.299999999999955
19835.0,168,7412.0,33.53846153846154,1.279967823034706,168,71028.0,0.036151772761912816,168,71028.0,0.22000000000002728
19840.0,167,7106.0,32.009009009009006,1.378202880202978,167,70611.0,0.04097397374583326,167,70611.0,4.169999999999959
19845.0,166,6798.0,30.62162162162162,1.3088989235916162,166,71315.0,0.03741663221516111,166,71315.0,-7.039999999999964
19850.0,169,6849.0,30.713004484304932,1.2969389171788306,169,72021.0,0.037094665494542815,169,72021.0,-7.060000000000059
19855.0,170,6901.0,31.085585585585587,1.2009079227156385,170,72722.0,0.03527497418764922,170,72722.0,-7.009999999999991
19860.0,169,6812.0,30.823529411764707,1.2074313768843852,169,72727.0,0.040749608768287884,169,72727.0,-0.049999999999954525
19865.0,170,6635.0,29.88738738738739,1.1550866965194229,170,73535.0,0.034706072799464104,170,73535.0,-8.080000000000041
19870.0,170,6460.0,29.0990990990991,1.2630781659535328,170,72764.0,0.039234383564136124,170,72764.0,7.710000000000036
19875.0,168,6302.0,28.260089686098656,1.3569311970799043,168,71987.0,0.042885653626775,168,71987.0,7.769999999999982
19880.0,169,6136.0,27.764705882352942,1.3040581579430344,169,72678.0,0.0432745597302033,169,72678.0,-6.909999999999968
19885.0,170,5934.0,26.72972972972973,1.2443766466455792,170,73280.0,0.03930887934216125,170,73280.0,-6.019999999999982
19890.0,167,5848.0,26.46153846153846,1.3747636916703478,167,73892.0,0.047225117991544024,167,73892.0,-6.1200000000000045
19895.0,169,5986.0,26.723214285714285,1.3406093785500128,169,73811.0,0.03843048292807751,169,73811.0,0.8099999999999454
19900.0,174,6080.0,27.142857142857142,1.3294686213158744,174,72876.0,0.037238056693168695,174,72876.0,9.350000000000023
19905.0,177,6197.0,27.789237668161434,1.2380441595336085,177,71990.0,0.034735748247045964,177,71990.0,8.860000000000014
19910.0,175,6314.0,28.31390134529148,1.3859579949324168,175,70253.0,0.03931883318036823,175,70253.0,17.370000000000005
19915.0,174,6206.0,27.58222222222222,1.3468455308504013,174,70634.0,0.037714872742102425,174,70634.0,-3.810000000000059
19920.0,172,5948.0,26.672645739910315,1.284730579334492,172,71503.0,0.03612662402287029,172,71503.0,-8.68999999999994
19925.0,169,5759.0,25.82511210762332,1.3456486145657953,169,71409.0,0.038495165853009355,169,71409.0,0.9399999999999409
19930.0,168,5778.0,25.91031390134529,1.4055953939674362,168,72125.0,0.04079116008397546,168,72125.0,-7.159999999999968
19935.0,170,5731.0,25.699551569506728,1.295074905247893,169,72857.0,0.0363262473978473,169,72857.0,-7.32000000000005
19940.0,170,5686.0,25.49775784753363,1.2817559986537161,170,73601.0,0.036264654278374345,170,73601.0,-7.439999999999941
19945.0,168,5672.0,25.20888888888889,1.3485782723372215,168,73948.0,0.04173051306322804,168,73948.0,-3.4700000000000273
19950.0,169,5721.0,25.654708520179373,1.3283731079996983,169,73809.0,0.04101185009788121,169,73809.0,1.3899999999999864
19955.0,168,5777.0,26.02252252252252,1.3696969456394847,168,73675.0,0.04519211300733263,168,73675.0,1.3400000000000318
19960.0,167,5878.0,26.47747747747748,1.4063546803688134,167,74395.0,0.04003838035427917,167,74395.0,-7.2000000000000455
19965.0,168,6205.0,28.076923076923077,1.3066322479351018,168,75122.0,0.036232094432986243,168,75122.0,-7.269999999999982
19970.0,169,6535.0,29.704545454545453,1.238925898097471,169,75756.0,0.0365142317279097,169,75756.0,-6.339999999999918
19975.0,166,6883.0,31.144796380090497,1.2927997468918417,166,76347.0,0.04221856590998754,166,76347.0,-5.910000000000082
19980.0,168,7383.0,33.25675675675676,1.4438380841941238,168,77046.0,0.04844409949456938,168,77046.0,-6.990000000000009
19985.0,174,8158.0,36.257777777777775,1.463339016312722,174,77750.0,0.04422571811925461,174,77750.0,-7.039999999999964
19990.0,183,8642.0,38.40888888888889,1.1804357710063553,183,78637.0,0.030026008962800443,183,78637.0,-8.870000000000005
19995.0,190,8951.0,39.43171806167401,1.135556383484741,190,78720.0,0.02552424835348227,190,78720.0,-0.8300000000000409
20000.0,188,9239.0,41.062222222222225,1.1242377273989035,188,79652.0,0.022433864630297104,188,79652.0,-9.319999999999936
20005.0,184,9463.0,42.43497757847533,1.0998786162744831,184,80503.0,0.026143433578048263,184,80503.0,-8.509999999999991
20010.0,181,9659.0,43.904545454545456,1.1076184577868875,181,81321.0,0.02734286100286519,181,81321.0,-8.180000000000064
20015.0,185,9987.0,44.986486486486484,1.2115789650538438,185,82155.0,0.030342199623319327,185,82155.0,-8.339999999999918
20020.0,190,10341.0,46.37219730941704,1.1873100775634369,190,83027.0,0.02525767484468412,190,83027.0,-8.720000000000027
20025.0,190,10375.0,46.52466367713004,0.9999535404553617,190,83076.0,0.01665916318972961,190,83076.0,-0.4900000000000091
20030.0,188,10183.0,45.663677130044846,1.1020818872431501,188,82243.0,0.020638183740149287,188,82243.0,8.330000000000041
20035.0,184,9978.0,44.945945945945944,1.2450262544454487,184,81424.0,0.02753552047813512,184,81424.0,8.18999999999994
20040.0,180,9709.0,43.932126696832576,1.285200836576197,180,82315.0,0.027335765069831958,180,82315.0,-8.909999999999968
20045.0,179,9466.0,43.027272727272724,1.2974277401345058,179,83200.0,0.028236619688761806,179,83200.0,-8.850000000000023
20050.0,179,9226.0,42.321100917431195,1.3059367052382898,179,84090.0,0.030405389903866185,179,84090.0,-8.899999999999977
20055.0,177,9061.0,41.37442922374429,1.3571359693262073,177,84190.0,0.026953258459610392,177,84190.0,-1.0
20060.0,172,9271.0,42.9212962962963,1.341547058266714,172,83481.0,0.03023756496272479,172,83481.0,7.090000000000032
20065.0,171,9494.0,43.9537037037037,1.469441841203086,171,82855.0,0.03909552972790243,171,82855.0,6.259999999999991
20070.0,170,9524.0,44.504672897196265,1.3758068259056102,170,82820.0,0.03330175120640063,170,82820.0,0.34999999999990905
20075.0,165,9404.0,44.35849056603774,1.4278498081110218,165,81914.0,0.0401276379492719,165,81914.0,9.06000000000006
20080.0,161,9260.0,43.88625592417062,1.5347571527135697,161,80979.0,0.04633529540173737,161,80979.0,9.350000000000023
20085.0,156,9119.0,43.423809523809524,1.6617997203922938,156,79161.0,0.05149484346542376,156,79161.0,18.17999999999995
20090.0,153,9092.0,43.71153846153846,1.7467659928163737,153,77325.0,0.05764184181667118,153,77325.0,18.360000000000014
20095.0,153,9452.0,45.00952380952381,1.8642512893343544,153,75532.0,0.062397341974947305,153,75532.0,17.92999999999995
20100.0,153,9812.0,46.72380952380952,1.8385099580457487,153,74627.0,0.059860438809459494,153,74627.0,9.050000000000068
20105.0,154,10066.0,48.16267942583732,1.7379703142391878,154,75374.0,0.056923811833023336,154,75374.0,-7.470000000000027
20110.0,153,10236.0,48.97607655502392,1.7574286054134447,153,75390.0,0.053076882054292805,153,75390.0,-0.15999999999996817
20115.0,154,10392.0,49.72248803827751,1.7692348139526597,153,76162.0,0.056874544169371356,153,76162.0,-7.720000000000027
20120.0,149,10423.0,50.59708737864078,1.6762651363639955,149,76864.0,0.057152128118665484,149,76864.0,-7.019999999999982
20125.0,150,10558.0,51.00483091787439,1.7234736981376064,150,77515.0,0.05904717982485206,150,77515.0,-6.509999999999991
20130.0,155,10782.0,52.08695652173913,1.7411884738117964,155,78223.0,0.06281157302355704,155,78223.0,-7.080000000000041
20135.0,157,10991.0,52.84134615384615,1.6754507225182809,157,78130.0,0.05248872959300584,157,78130.0,0.9300000000000637
20140.0,161,11419.0,54.63636363636363,1.5860023490541482,161,78085.0,0.043276158834239783,161,78085.0,0.4499999999999318
20145.0,163,11859.0,56.47142857142857,1.5240691853705532,163,78060.0,0.044105226100887115,163,78060.0,0.25
20150.0,163,12300.0,58.29383886255924,1.4612457545629214,163,76369.0,0.03623407870923964,163,76369.0,16.909999999999968
20155.0,161,12680.0,60.38095238095238,1.3473722687827487,161,77145.0,0.033480202972052266,161,77145.0,-7.759999999999991
20160.0,160,13084.0,62.90384615384615,1.3762045034819854,160,77902.0,0.04059796417214127,160,77902.0,-7.569999999999936
20165.0,163,13521.0,64.08056872037915,1.4868650562925494,163,78681.0,0.040285365738923606,163,78681.0,-7.789999999999964
20170.0,164,13977.0,66.24170616113744,1.409503905294767,163,78646.0,0.03159045249740459,163,78646.0,0.34999999999990905
20175.0,163,14519.0,68.81042654028435,1.3671668206149388,163,79465.0,0.031143428359254658,163,79465.0,-8.18999999999994
20180.0,163,15076.0,71.45023696682465,1.3858748738675246,163,78688.0,0.03431186914198748,163,78688.0,7.769999999999982
20185.0,165,15618.0,74.01895734597156,1.278779479625862,165,79492.0,0.03408281141927955,165,79492.0,-8.039999999999964
20190.0,165,16254.0,76.66981132075472,1.3478024254766747,165,80295.0,0.03570910655176974,165,80295.0,-8.030000000000086
20195.0,167,16956.0,79.98113207547169,1.3258175281384947,167,81125.0,0.038003629257276336,167,81125.0,-8.299999999999955
20200.0,168,17463.0,82.76303317535545,1.19919950889333,168,81119.0,0.029983164323081304,168,81119.0,0.05999999999994543
20205.0,167,17812.0,83.6244131455399,1.3793773007666126,167,80274.0,0.03604367397386417,167,80274.0,8.450000000000045
20210.0,167,18162.0,85.66981132075472,1.4506782919467363,167,79429.0,0.04089804135375223,167,79429.0,8.450000000000045
20215.0,168,18514.0,87.33018867924528,1.4160284773262541,168,77768.0,0.039498643540709096,168,77768.0,16.610000000000014
20220.0,165,18856.0,89.36492890995261,1.4771574452037872,165,76336.0,0.04421015068477092,165,76336.0,14.319999999999936
20225.0,162,19186.0,90.5,1.5897948801502053,162,74914.0,0.05112334671523215,162,74914.0,14.220000000000027
20230.0,159,19505.0,92.00471698113208,1.6895064817731393,159,74238.0,0.052830187737079454,159,74238.0,6.759999999999991
20235.0,159,19023.0,89.30985915492958,1.6971710060127287,159,75030.0,0.05082450045275431,159,75030.0,-7.919999999999959
20240.0,161,18026.0,86.2488038277512,1.5276111482846995,161,75066.0,0.048469629157296766,161,75066.0,-0.36000000000001364
20245.0,164,17029.0,81.0904761904762,1.5097802972921126,163,75868.0,0.048145852741002186,163,75868.0,-8.019999999999982
20250.0,161,15934.0,75.87619047619047,1.4918972147018643,161,76643.0,0.046345748339959206,161,76643.0,-7.75
20255.0,159,14903.0,71.30622009569377,1.5363969659626893,159,77381.0,0.051551872218638176,159,77381.0,-7.3799999999999955
20260.0,159,13888.0,66.76923076923077,1.5883048681478438,159,78160.0,0.05414312919888411,159,78160.0,-7.790000000000077
20265.0,159,12714.0,60.83253588516747,1.6306282945586092,159,78083.0,0.04768026504134765,159,78083.0,0.7699999999999818
20270.0,160,11696.0,56.23076923076923,1.6438003725120054,160,77133.0,0.0470027499943215,160,77133.0,9.5
20275.0,161,10681.0,51.10526315789474,1.5794801994654262,161,76198.0,0.04678524892974043,161,76198.0,9.350000000000023
20280.0,161,9531.0,45.60287081339713,1.4030009327648372,161,76220.0,0.03707621672451954,161,76220.0,-0.22000000000002728
20285.0,160,8287.0,39.274881516587676,1.439817488161137,160,76256.0,0.03520721665828817,160,76256.0,-0.35999999999989996
20290.0,157,7027.0,33.46190476190476,1.4777107671983318,157,76269.0,0.039255079528721655,157,76269.0,-0.13000000000010914
20295.0,155,5754.0,27.4,1.5019319585539364,155,75127.0,0.04239749806561167,155,75127.0,11.420000000000073
20300.0,152,4614.0,22.182692307692307,1.4223628256641945,152,75077.0,0.04401986929766628,152,75077.0,0.5
20305.0,151,4445.0,21.267942583732058,1.4607488876731107,151,75024.0,0.04473908463003331,151,75024.0,0.5299999999999727
20310.0,151,4290.0,20.428571428571427,1.5317725320500652,151,74966.0,0.044973872736668294,151,74966.0,0.5800000000000409
20315.0,152,4107.0,19.46445497630332,1.4685945012617116,152,75078.0,0.04013891833911841,152,75078.0,-1.1200000000000045
20320.0,149,3889.0,18.607655502392344,1.4718025487152449,149,74546.0,0.045486207603667485,149,74546.0,5.319999999999936
20325.0,145,3654.0,17.4,1.6148748038957077,145,74012.0,0.05392772055046858,145,74012.0,5.340000000000032
20330.0,144,3451.0,16.591346153846153,1.5326527536461785,144,73969.0,0.0509258970842216,144,73969.0,0.42999999999995
20335.0,148,3592.0,17.104761904761904,1.4834150227148712,147,73938.0,0.04874429526725029,147,73938.0,0.3100000000000591
20340.0,149,3795.0,17.900943396226417,1.4953033844170263,149,73922.0,0.04659680233309028,149,73922.0,0.15999999999996817
20345.0,147,3820.0,17.934272300469484,1.5144656295190833,147,74570.0,0.0449216844346882,147,74570.0,-6.480000000000018
20350.0,149,3888.0,18.339622641509433,1.4463819287248552,149,75234.0,0.04655473269493788,149,75234.0,-6.639999999999986
20355.0,152,4175.0,19.600938967136152,1.46214280496286,152,75840.0,0.04506993616042175,152,75840.0,-6.059999999999945
20360.0,157,4439.0,20.84037558685446,1.3369591966601626,157,75953.0,0.04081661152016825,157,75953.0,-1.1299999999999955
20365.0,159,4705.0,21.985981308411215,1.2890722487214057,159,75423.0,0.03938935644203035,159,75423.0,5.2999999999999545
20370.0,161,5188.0,24.01851851851852,1.4756814471643276,161,75042.0,0.0453462623267296,161,75042.0,3.810000000000059
20375.0,163,5593.0,26.013953488372092,1.2948804800454385,162,75064.0,0.035867527273878895,162,75064.0,-0.22000000000002728
20380.0,164,5973.0,27.65277777777778,1.3834177201465536,164,75887.0,0.03514497560769916,164,75887.0,-8.230000000000018
20385.0,164,6388.0,29.850467289719628,1.2741239047136184,164,75132.0,0.03560431410560548,164,75132.0,7.5499999999999545
20390.0,165,6807.0,31.66046511627907,1.3316424382263317,165,73617.0,0.04020927656328884,165,73617.0,15.150000000000091
20395.0,163,6888.0,31.88888888888889,1.3018753448604325,163,73573.0,0.03660010347523752,163,73573.0,0.4399999999999409
20400.0,165,6807.0,31.08219178082192,1.462311418974197,165,72686.0,0.04212099057322852,165,72686.0,8.870000000000005
20405.0,164,6735.0,30.894495412844037,1.5159397410371496,164,71854.0,0.04417717379552376,164,71854.0,8.32000000000005
20410.0,163,6666.0,30.71889400921659,1.6151507695164085,163,70298.0,0.04890479936485089,163,70298.0,15.559999999999945
20415.0,159,6517.0,30.171296296296298,1.5781855565089884,159,70304.0,0.047163231942411385,159,70304.0,-0.05999999999994543
20420.0,154,6309.0,29.344186046511627,1.7000057792252357,154,69512.0,0.05342016910181968,154,69512.0,7.919999999999959
20425.0,151,6130.0,28.64485981308411,1.8018662528622071,151,68703.0,0.0566852279261927,151,68703.0,8.090000000000032
20430.0,152,5836.0,27.27102803738318,1.7743232409596992,151,69330.0,0.052580084867568114,151,69330.0,-6.269999999999982
20435.0,154,5404.0,25.01851851851852,1.7421917357724883,154,70099.0,0.048206058330447964,154,70099.0,-7.690000000000055
20440.0,151,5082.0,23.419354838709676,1.8795015135235642,151,70617.0,0.05462067021781131,151,70617.0,-5.17999999999995
20445.0,154,4888.0,22.73488372093023,1.6466611310249968,154,70719.0,0.04939001034551955,154,70719.0,-1.0200000000000955
20450.0,159,4640.0,21.58139534883721,1.6102538060993994,159,70192.0,0.05182606479532744,159,70192.0,5.2700000000000955
20455.0,162,4419.0,20.553488372093025,1.5605220589223616,162,69735.0,0.05168416161059033,162,69735.0,4.569999999999936
20460.0,161,4243.0,19.827102803738317,1.4985170713322615,161,69727.0,0.04960447917189173,161,69727.0,0.08000000000004093
20465.0,163,4447.0,20.587962962962962,1.393087075631233,163,69730.0,0.040563404776028246,163,69730.0,-0.029999999999972715
20470.0,165,4662.0,21.483870967741936,1.3443944334675657,165,69741.0,0.04069990227666426,165,69741.0,-0.11000000000001364
20475.0,165,4799.0,22.11520737327189,1.2484452261348478,165,70431.0,0.035130453549937914,165,70431.0,-6.899999999999977
20480.0,162,4913.0,22.74537037037037,1.2293287767362975,162,71117.0,0.03558784519218183,162,71117.0,-6.860000000000014
20485.0,164,5069.0,23.25229357798165,1.2256305250137407,164,71705.0,0.036981030996985194,164,71705.0,-5.8799999999999955
20490.0,164,5185.0,23.67579908675799,1.1705650779021994,164,71894.0,0.038169004152364155,164,71894.0,-1.8900000000001
20495.0,168,5356.0,24.017937219730943,1.2107219054983083,168,71570.0,0.03822258534193524,168,71570.0,3.240000000000009
20500.0,171,5548.0,24.767857142857142,1.3608910010951611,171,71370.0,0.039834922105878315,171,71370.0,2.0
20505.0,171,5753.0,25.798206278026907,1.3956093442056754,171,70692.0,0.040789079821133396,171,70692.0,6.780000000000086
20510.0,168,5961.0,27.095454545454544,1.3695348439069173,168,70682.0,0.040860559946455134,168,70682.0,0.09999999999990905
20515.0,169,6313.0,28.56561085972851,1.3056395972136687,169,70661.0,0.03714516108550867,169,70661.0,0.21000000000003638
20520.0,169,6669.0,29.905829596412556,1.4019836445847682,169,69898.0,0.03832008263868834,169,69898.0,7.6299999999999955
20525.0,167,6962.0,31.080357142857142,1.3721907890778984,167,70551.0,0.040625552204046365,167,70551.0,-6.529999999999973
20530.0,168,7286.0,32.672645739910315,1.2729131325272072,167,71231.0,0.03807205548492662,167,71231.0,-6.7999999999999545
20535.0,172,7625.0,34.04017857142857,1.1912216016601271,172,72045.0,0.03428545629993469,172,72045.0,-8.1400000000001
20540.0,170,7986.0,35.651785714285715,1.2580278417144624,170,72736.0,0.03909323093206812,170,72736.0,-6.909999999999968
20545.0,169,8473.0,37.99551569506726,1.2827599285989455,169,73306.0,0.040932997966152046,169,73306.0,-5.699999999999932
20550.0,168,8969.0,40.4009009009009,1.3521990503375307,168,73826.0,0.043680359808129204,168,73826.0,-5.2000000000000455
20555.0,168,9518.0,42.681614349775785,1.5208112193883825,167,74476.0,0.049675694803388785,167,74476.0,-6.5
20560.0,173,10183.0,45.869369369369366,1.442192834973659,172,75115.0,0.04816991422022723,172,75115.0,-6.389999999999986
20565.0,178,10872.0,48.972972972972975,1.2366767784301906,178,75842.0,0.03786789776595725,178,75842.0,-7.269999999999982
20570.0,180,11579.0,52.15765765765766,1.1737232531349449,180,76645.0,0.031120540565760527,180,76645.0,-8.030000000000086
20575.0,181,12295.0,55.134529147982065,1.1199050092840162,180,77495.0,0.028066517731504297,180,77495.0,-8.5
20580.0,186,13053.0,58.53363228699551,1.1146583537854622,186,77548.0,0.027506318194986775,186,77548.0,-0.5299999999999727
20585.0,191,13722.0,60.716814159292035,1.1144029717122081,190,76785.0,0.02384955542107578,190,76785.0,7.6299999999999955
20590.0,191,14401.0,63.7212389380531,1.1550539566567628,191,76044.0,0.027220342900257207,191,76044.0,7.409999999999968
20595.0,192,15038.0,66.53982300884955,1.0839806794048559,190,76941.0,0.025967051418132735,190,76941.0,-8.969999999999914
20600.0,190,15698.0,70.08035714285714,1.0850286565116383,190,77855.0,0.02435346483828835,190,77855.0,-9.139999999999986
20605.0,186,16345.0,72.96875,1.207686843749619,186,78732.0,0.027939177801059964,186,78732.0,-8.770000000000095
20610.0,186,17005.0,76.59909909909909,1.2309097134565177,186,79597.0,0.025919706480560318,186,79597.0,-8.649999999999977
20615.0,186,17068.0,76.88288288288288,1.257421001681344,186,79619.0,0.0278988291972631,186,79619.0,-0.22000000000002728
20620.0,182,16715.0,75.63348416289593,1.253587204983097,182,79619.0,0.026533854362310805,182,79619.0,0.0
20625.0,177,16340.0,74.27272727272727,1.3226372501518147,177,78733.0,0.03079127435708907,177,78733.0,8.860000000000014
20630.0,173,15838.0,71.99090909090908,1.3597582315061933,173,78735.0,0.03191538792866865,173,78735.0,-0.01999999999998181
20635.0,168,15243.0,69.92201834862385,1.4304962595047894,168,77865.0,0.038733394893296816,168,77865.0,8.700000000000045
20640.0,164,14625.0,67.70833333333333,1.4901924107044937,164,76989.0,0.0426192920406853,164,76989.0,8.759999999999991
20645.0,160,14047.0,65.33488372093024,1.6030742249302552,160,75279.0,0.047782379146432824,160,75279.0,17.100000000000023
20650.0,161,13675.0,63.604651162790695,1.7418737755586668,161,73648.0,0.05411434453735235,161,73648.0,16.309999999999945
20655.0,160,12866.0,59.84186046511628,1.6564440987460345,160,73775.0,0.04694515775181357,160,73775.0,-1.2699999999999818
20660.0,157,11755.0,55.448113207547166,1.5728716912148195,157,73238.0,0.04980688022788775,157,73238.0,5.3700000000000045
20665.0,154,10630.0,49.67289719626168,1.7383429892585447,154,72814.0,0.05551776731267469,154,72814.0,4.240000000000009
20670.0,151,9494.0,44.36448598130841,1.9493572787273032,151,71818.0,0.05988643698826679,151,71818.0,9.960000000000036
20675.0,146,8184.0,38.242990654205606,1.9859735684647233,146,72450.0,0.06005609477130179,146,72450.0,-6.32000000000005
20680.0,143,7076.0,33.535545023696685,2.0100512211678008,143,73012.0,0.0644233260514346,143,73012.0,-5.6200000000000045
20685.0,147,6878.0,32.75238095238095,2.0377351203972203,147,73589.0,0.06871072161004542,147,73589.0,-5.769999999999982
20690.0,152,6623.0,31.688995215311003,1.860419327286486,152,73471.0,0.058936248909164976,152,73471.0,1.17999999999995
20695.0,151,6366.0,30.170616113744074,1.9470288403047102,151,72543.0,0.058874295482136574,151,72543.0,9.280000000000086
20700.0,154,6234.0,29.545023696682463,1.954829869661286,154,71663.0,0.06260286551964409,154,71663.0,8.799999999999955
20705.0,156,6068.0,28.75829383886256,1.7294255559223621,156,72354.0,0.04889259987613613,156,72354.0,-6.909999999999968
20710.0,155,5892.0,28.19138755980861,1.6103725264349187,155,73082.0,0.045636448199267515,155,73082.0,-7.280000000000086
20715.0,157,5801.0,27.492890995260662,1.691509772290119,157,73786.0,0.04917766864872511,157,73786.0,-7.039999999999964
20720.0,159,5890.0,28.181818181818183,1.6240914049937587,159,74499.0,0.05066993633051484,159,74499.0,-7.1299999999999955
20725.0,166,6382.0,30.10377358490566,1.4634822228395814,166,74650.0,0.03858728134037327,166,74650.0,-1.509999999999991
20730.0,168,6792.0,31.887323943661972,1.337430621094309,168,74193.0,0.0347061227147188,168,74193.0,4.57000000000005
20735.0,166,7205.0,33.82629107981221,1.4184468010184081,166,73921.0,0.042810529425692335,166,73921.0,2.7199999999999136
20740.0,167,7509.0,35.25352112676056,1.3572631896438185,167,73854.0,0.03717279296279411,167,73854.0,0.6700000000000728
20745.0,164,7743.0,36.1822429906542,1.401890893834137,164,73787.0,0.036769004060565214,164,73787.0,0.6699999999999591
20750.0,161,8007.0,37.41588785046729,1.4677171705829544,161,73710.0,0.041421857604648116,161,73710.0,0.7699999999999818
20755.0,160,8315.0,38.495370370370374,1.5964710100470298,160,71989.0,0.044657426986575856,160,71989.0,17.210000000000036
20760.0,161,8688.0,40.40930232558139,1.6404953202941173,161,70484.0,0.05150111755180311,161,70484.0,15.049999999999955
20765.0,161,8947.0,41.4212962962963,1.5457477287756334,161,71185.0,0.04436194505441837,161,71185.0,-7.009999999999991
20770.0,159,9248.0,43.013953488372096,1.4740643658000832,159,71917.0,0.04221555389371315,159,71917.0,-7.319999999999936
20775.0,164,9622.0,44.96261682242991,1.4000239905259904,164,72624.0,0.0405338360548273,164,72624.0,-7.07000000000005
20780.0,160,9534.0,44.76056338028169,1.4896260222261621,160,72490.0,0.04299070389164142,160,72490.0,1.3400000000000318
20785.0,159,9177.0,43.2877358490566,1.4839844995892921,159,71455.0,0.04385656369531122,159,71455.0,10.350000000000023
20790.0,156,8891.0,42.54066985645933,1.4252130172770903,156,71311.0,0.04704048332302794,156,71311.0,1.4399999999999409
20795.0,156,8741.0,41.62380952380953,1.4940254181981718,156,71197.0,0.050499978154108865,156,71197.0,1.1399999999999864
20800.0,156,8535.0,40.259433962264154,1.526796138408861,156,71039.0,0.04635033584079191,156,71039.0,1.580000000000041
20805.0,153,8348.0,39.37735849056604,1.566718494462511,153,71711.0,0.0502173246151882,153,71711.0,-6.720000000000027
20810.0,159,8377.0,39.328638497652584,1.6253098643709536,159,72418.0,0.05158325019892709,159,72418.0,-7.069999999999936
20815.0,165,8295.0,39.12735849056604,1.4126157957200844,165,72434.0,0.04094018073951194,165,72434.0,-0.16000000000008185
20820.0,168,8132.0,38.35849056603774,1.28445088904513,168,71702.0,0.03268832583376839,168,71702.0,7.32000000000005
20825.0,165,7967.0,37.58018867924528,1.399326142617944,165,71040.0,0.04278689632023585,165,71040.0,6.6200000000000045
20830.0,162,7788.0,36.563380281690144,1.5265639295803526,162,69775.0,0.04354865426742381,162,69775.0,12.649999999999977
20835.0,159,7595.0,35.49065420560748,1.7225329795429685,159,68534.0,0.05497197465661158,159,68534.0,12.409999999999968
20840.0,157,7390.0,34.532710280373834,1.756781359874335,157,67861.0,0.051015589530656484,157,67861.0,6.730000000000018
20845.0,155,7025.0,32.674418604651166,1.7043122782855593,154,67960.0,0.04925633217646348,154,67960.0,-0.9900000000000091
20850.0,156,7029.0,33.0,1.6684908832419605,156,67435.0,0.05437640592792516,156,67435.0,5.25
20855.0,157,7034.0,32.56481481481482,1.8479230816024625,157,66921.0,0.060780527845369005,157,66921.0,5.139999999999986
20860.0,156,6907.0,32.27570093457944,1.7004349808525532,156,67570.0,0.05349215641001147,156,67570.0,-6.490000000000009
20865.0,153,6741.0,31.5,1.7256910148404958,153,68215.0,0.05578695895503474,153,68215.0,-6.449999999999932
20870.0,155,6730.0,31.5962441314554,1.8739407279006355,155,68815.0,0.06009739687310643,155,68815.0,-6.0
20875.0,156,6537.0,30.546728971962615,1.8480788549774148,156,68639.0,0.0549108149467011,156,68639.0,1.759999999999991
20880.0,155,6274.0,29.455399061032864,1.854218889977143,155,68462.0,0.04929645478345881,155,68462.0,1.7699999999999818
20885.0,155,6154.0,29.028301886792452,1.8405360240034296,155,67411.0,0.05094773221036963,155,67411.0,10.509999999999991
20890.0,157,5905.0,27.98578199052133,1.6583750603586707,157,67759.0,0.04538988623205498,157,67759.0,-3.480000000000018
20895.0,156,5570.0,26.27358490566038,1.5239457253161548,156,67729.0,0.040199698478328466,156,67729.0,0.3000000000000682
20900.0,154,5232.0,24.796208530805686,1.6979291661463853,154,67729.0,0.04817980942741938,154,67729.0,0.0
20905.0,150,4785.0,22.464788732394368,1.6818702086708797,150,68369.0,0.04274932069928287,150,68369.0,-6.400000000000091
20910.0,150,4401.0,20.75943396226415,1.706963396259446,150,69008.0,0.04583198655036471,150,69008.0,-6.389999999999986
20915.0,153,4545.0,21.540284360189574,1.566386404166706,153,69610.0,0.04572258508032925,153,69610.0,-6.019999999999982
20920.0,161,4700.0,22.274881516587676,1.3474467260546157,161,70014.0,0.04026599644740392,161,70014.0,-4.039999999999964
20925.0,162,4842.0,22.626168224299064,1.3745777358107256,162,70110.0,0.038140227756465174,162,70110.0,-0.9600000000000364
20930.0,162,4984.0,23.18139534883721,1.4693123687681262,162,70223.0,0.04376280739077752,162,70223.0,-1.1299999999999955
20935.0,160,5121.0,23.81860465116279,1.5166124125344786,160,70002.0,0.04516649376634274,160,70002.0,2.2100000000000364
20940.0,158,5339.0,25.065727699530516,1.717987683597688,158,69770.0,0.0587832421563622,158,69770.0,2.3199999999999363
20945.0,157,5699.0,26.75586854460094,1.6381415461039162,157,69611.0,0.05051086042681465,157,69611.0,1.5900000000000318
20950.0,158,6009.0,28.07943925233645,1.6867797837448015,158,68552.0,0.05176417115687043,158,68552.0,10.590000000000032
20955.0,156,6367.0,29.47685185185185,1.8518223778248508,156,67503.0,0.05487869094484198,156,67503.0,10.490000000000009
20960.0,158,6804.0,31.64651162790698,1.8948038331865267,158,65597.0,0.05651647934218561,158,65597.0,19.059999999999945
20965.0,161,6935.0,31.95852534562212,1.8067839095838967,161,65644.0,0.0498900610482567,161,65644.0,-0.4700000000000273
20970.0,158,6846.0,31.694444444444443,1.7737260307187857,158,66412.0,0.04967861695090042,158,66412.0,-7.67999999999995
20975.0,155,6741.0,31.35348837209302,1.729838278274456,155,65752.0,0.050772667737687606,155,65752.0,6.600000000000023
20980.0,152,6583.0,30.906103286384976,1.7884890002830864,152,65608.0,0.0569321834852609,152,65608.0,1.4399999999999409
20985.0,149,6408.0,30.08450704225352,1.8094780595216935,149,64564.0,0.05913656600889053,149,64564.0,10.440000000000055
20990.0,149,6268.0,29.566037735849058,1.9174531443941858,149,63546.0,0.06438369230780454,149,63546.0,10.17999999999995
20995.0,151,5982.0,27.953271028037385,1.7434687444598265,151,63942.0,0.050334988403569605,151,63942.0,-3.9599999999999227
21000.0,149,5601.0,26.419811320754718,1.725653695007442,149,63990.0,0.052789263090530524,149,63990.0,-0.4800000000000182
21005.0,148,5207.0,24.677725118483412,1.7097864241029825,148,64088.0,0.05750995299731858,148,64088.0,-0.9800000000000182
21010.0,145,4827.0,22.985714285714284,1.6687337127603006,145,63936.0,0.05457290625186434,145,63936.0,1.5199999999999818
21015.0,146,4623.0,22.014285714285716,1.6245435535981019,146,63082.0,0.05143599968208214,146,63082.0,8.539999999999964
21020.0,149,4427.0,20.784037558685448,1.593242030455052,149,62323.0,0.05145108632981593,149,62323.0,7.590000000000032
21025.0,146,3915.0,18.209302325581394,1.559351607125156,146,62916.0,0.04701384913006868,146,62916.0,-5.92999999999995
21030.0,145,3313.0,15.267281105990783,1.690919734570118,145,63370.0,0.050739179006236146,145,63370.0,-4.540000000000077
21035.0,150,3264.0,14.904109589041095,1.739046941190699,150,63856.0,0.05601843245301055,150,63856.0,-4.8599999999999
21040.0,152,3476.0,15.728506787330316,1.790108528127355,152,64286.0,0.055489653700227445,152,64286.0,-4.300000000000068
21045.0,157,3848.0,17.41176470588235,1.7084998127258064,157,64290.0,0.05291233443546908,157,64290.0,-0.03999999999996362
21050.0,164,4235.0,19.076576576576578,1.5735319571529587,164,65099.0,0.042272602167397914,164,65099.0,-8.090000000000032
21055.0,168,4703.0,20.995535714285715,1.4448380578563353,168,64409.0,0.03572824702564482,168,64409.0,6.899999999999977
21060.0,166,5203.0,23.227678571428573,1.5162825255075112,166,65126.0,0.040025222257511504,166,65126.0,-7.169999999999959
21065.0,169,5778.0,26.144796380090497,1.3356982667424053,169,65772.0,0.037131837825490455,169,65772.0,-6.460000000000036
21070.0,169,6368.0,28.945454545454545,1.4129342850465498,169,66459.0,0.04077640101825789,169,66459.0,-6.8700000000000045
21075.0,171,6778.0,30.80909090909091,1.3098636495713771,171,66527.0,0.03383423963917585,171,66527.0,-0.67999999999995
21080.0,176,7062.0,31.95475113122172,1.2734156953593452,176,66017.0,0.030575644730181088,176,66017.0,5.100000000000023
21085.0,180,7370.0,33.04932735426009,1.2455182917860854,180,65536.0,0.03164079647085191,180,65536.0,4.809999999999945
21090.0,178,7680.0,34.5945945945946,1.329522816632522,178,64391.0,0.03523413569356374,178,64391.0,11.450000000000045
21095.0,175,7975.0,35.92342342342342,1.351827116090582,175,63252.0,0.038965318847781726,175,63252.0,11.389999999999986
21100.0,172,8260.0,37.37556561085973,1.4827644484934879,172,62126.0,0.047822456339228235,172,62126.0,11.259999999999991
21105.0,167,8385.0,37.770270270270274,1.4525096560839126,167,62165.0,0.04206983795215841,167,62165.0,-0.38999999999998636
21110.0,163,8439.0,38.18552036199095,1.6335450495488613,163,61388.0,0.05263792945818573,163,61388.0,7.769999999999982
21115.0,163,8544.0,39.013698630136986,1.6296515567505747,163,60603.0,0.053774260012423344,163,60603.0,7.850000000000023
21120.0,162,8322.0,37.82727272727273,1.7168023308082494,162,60987.0,0.05425363199605758,162,60987.0,-3.840000000000032
21125.0,161,7878.0,35.80909090909091,1.733246377108695,161,61372.0,0.049735022573521484,161,61372.0,-3.8500000000000227
21130.0,157,7423.0,33.89497716894977,1.903862557481593,157,61423.0,0.056876007696053735,157,61423.0,-0.5099999999999909
21135.0,154,6768.0,31.045871559633028,1.8140248888911172,154,62072.0,0.052521220623383345,154,62072.0,-6.490000000000009
21140.0,151,6074.0,27.862385321100916,1.9045216282830744,151,62715.0,0.05535061672694096,151,62715.0,-6.42999999999995
21145.0,152,5786.0,26.3,1.9294886978330428,152,63362.0,0.055293819725420225,152,63362.0,-6.470000000000027
21150.0,155,5653.0,25.812785388127853,1.7738796380227861,155,63743.0,0.04822124218584818,155,63743.0,-3.8099999999999454
21155.0,159,5578.0,25.587155963302752,1.5742275284976133,159,63768.0,0.04076971432519365,159,63768.0,-0.25
21160.0,160,5519.0,25.433179723502302,1.6735769903763307,160,63862.0,0.04981039870337256,160,63862.0,-0.9400000000000546
21165.0,158,5411.0,25.4037558685446,1.4129381352063872,157,64539.0,0.043176327740113665,157,64539.0,-6.769999999999982
21170.0,159,5309.0,24.92488262910798,1.3884029246405276,159,65334.0,0.04215974364670401,159,65334.0,-7.9500000000000455
21175.0,160,5385.0,25.046511627906977,1.3395643853092878,160,65914.0,0.04305026172304601,160,65914.0,-5.7999999999999545
21180.0,163,5330.0,24.675925925925927,1.2793284000674119,163,65871.0,0.04017623904642361,163,65871.0,0.42999999999995
21185.0,165,5362.0,24.59633027522936,1.2502702171470865,165,65839.0,0.036829964270745044,165,65839.0,0.32000000000005
21190.0,175,5831.0,26.504545454545454,1.1225446959072478,175,64986.0,0.03416381602154435,175,64986.0,8.529999999999973
21195.0,178,6335.0,28.28125,1.1392528748270172,178,64167.0,0.034233923687760286,178,64167.0,8.190000000000055
21200.0,178,6746.0,29.982222222222223,1.2067688954358138,178,64684.0,0.032700374073433555,178,64684.0,-5.170000000000073
21205.0,176,7077.0,31.59375,1.2315890636162197,176,64814.0,0.03620570227420004,176,64814.0,-1.2999999999999545
21210.0,171,7387.0,33.125560538116595,1.4131090025496194,171,64931.0,0.04360767534437918,171,64931.0,-1.169999999999959
21215.0,168,7702.0,34.53811659192825,1.5341048414868352,168,64665.0,0.0449037931464368,168,64665.0,2.659999999999968
21220.0,168,7725.0,34.7972972972973,1.5675080247258577,168,64727.0,0.04756836234330464,168,64727.0,-0.6200000000000045
21225.0,169,7521.0,33.72645739910314,1.5341903122088856,169,64011.0,0.041216697298837424,169,64011.0,7.159999999999968
21230.0,165,7306.0,32.909909909909906,1.599642432961143,165,63293.0,0.04879990413838112,165,63293.0,7.180000000000064
21235.0,163,6911.0,30.852678571428573,1.6262937679159195,163,63948.0,0.04855106986548961,163,63948.0,-6.550000000000068
21240.0,159,6393.0,28.7972972972973,1.6838107748565871,159,64462.0,0.047809036611182,159,64462.0,-5.139999999999986
21245.0,156,5944.0,26.774774774774773,1.82406057239645,156,64963.0,0.05601054467232989,156,64963.0,-5.009999999999991
21250.0,156,5734.0,26.063636363636363,1.8190504420227827,156,65371.0,0.057951270864109956,156,65371.0,-4.080000000000041
21255.0,158,5655.0,25.472972972972972,1.8372628344116793,158,65338.0,0.05570077344440727,158,65338.0,0.3300000000000409
21260.0,161,5614.0,25.634703196347033,1.6981211799121638,161,64553.0,0.0514364709916794,161,64553.0,7.850000000000023
21265.0,163,5638.0,25.744292237442924,1.710500561648919,163,63782.0,0.050567361835770125,163,63782.0,7.709999999999923
21270.0,166,5793.0,26.573394495412845,1.6754534205211329,166,62286.0,0.04847526509758165,166,62286.0,14.960000000000036
21275.0,169,5989.0,27.347031963470318,1.5943504249898928,169,60853.0,0.045014094559087114,169,60853.0,14.330000000000041
21280.0,166,6167.0,27.90497737556561,1.5880492900305516,166,61524.0,0.04475539386841222,166,61524.0,-6.710000000000036
21285.0,165,6412.0,28.882882882882882,1.5578912568037475,165,62093.0,0.04488298218118029,165,62093.0,-5.689999999999941
21290.0,166,7012.0,31.728506787330318,1.5828343169844947,166,62682.0,0.04972225571692972,166,62682.0,-5.8900000000001
21295.0,169,7444.0,33.08444444444444,1.5731252759890446,169,63035.0,0.04012299352889174,169,63035.0,-3.5299999999999727
21300.0,171,7819.0,34.597345132743364,1.695083052300838,171,62994.0,0.04443640778241932,171,62994.0,0.40999999999996817
21305.0,173,8207.0,36.47555555555556,1.7323965750830554,173,62969.0,0.0491418095231883,173,62969.0,0.25
21310.0,170,8542.0,38.13392857142857,1.6466407996653725,170,63681.0,0.041932840234966816,170,63681.0,-7.119999999999891
21315.0,167,8836.0,39.98190045248869,1.569868371298986,167,64388.0,0.040711863624810954,167,64388.0,-7.07000000000005
21320.0,163,9159.0,41.63181818181818,1.6432933084163561,163,64990.0,0.04797026885184484,163,64990.0,-6.019999999999982
21325.0,166,9587.0,43.18468468468468,1.653878098748344,166,65580.0,0.048656724871053283,166,65580.0,-5.899999999999977
21330.0,171,9907.0,44.22767857142857,1.5596621028285012,171,65636.0,0.036470812190465066,171,65636.0,-0.5600000000000591
21335.0,174,10151.0,45.316964285714285,1.4073242403256754,174,64936.0,0.03205017147642943,174,64936.0,7.0
21340.0,174,10403.0,47.28636363636364,1.4376604864738347,174,64347.0,0.04012785713157427,174,64347.0,5.889999999999986
21345.0,170,10598.0,48.61467889908257,1.4011670677618442,170,65093.0,0.03948461638932158,170,65093.0,-7.459999999999923
21350.0,166,10747.0,49.29816513761468,1.5071653912058143,166,65770.0,0.04104292304792202,166,65770.0,-6.7700000000000955
21355.0,167,10951.0,49.55203619909502,1.6128481808933326,167,66444.0,0.04436860944228053,167,66444.0,-6.740000000000009
21360.0,170,10811.0,49.36529680365297,1.4375244854095752,169,66332.0,0.03691975803937987,169,66332.0,1.1200000000000045
21365.0,177,10627.0,48.52511415525114,1.2207555631834177,177,67140.0,0.028714920195871955,177,67140.0,-8.079999999999927
21370.0,179,10458.0,47.321266968325794,1.3116474537196534,179,66214.0,0.03159065743641421,179,66214.0,9.259999999999991
21375.0,175,10278.0,46.2972972972973,1.386236097981984,175,64417.0,0.03529032939036746,175,64417.0,17.970000000000027
21380.0,173,10085.0,45.224215246636774,1.5156250654332324,173,63501.0,0.03757720949305402,173,63501.0,9.159999999999968
21385.0,169,9886.0,45.34862385321101,1.4315667519307664,169,62594.0,0.03987739506079184,169,62594.0,9.069999999999936
21390.0,165,9717.0,44.77880184331797,1.4929416299204508,165,62537.0,0.04508638926140915,165,62537.0,0.57000000000005
21395.0,162,9496.0,43.96296296296296,1.4040053532739163,162,63291.0,0.03953026962598823,162,63291.0,-7.539999999999964
21400.0,163,9324.0,43.367441860465114,1.4179814020217962,163,63988.0,0.0424941679669519,163,63988.0,-6.970000000000027
21405.0,164,9283.0,42.77880184331797,1.5206825438650022,164,64705.0,0.04499371194902808,164,64705.0,-7.169999999999959
21410.0,166,9293.0,43.223255813953486,1.555960892910474,166,65418.0,0.04879284139648102,166,65418.0,-7.1299999999999955
21415.0,167,9309.0,43.09722222222222,1.562504080346524,167,66196.0,0.04741763520511396,167,66196.0,-7.780000000000086
21420.0,170,9337.0,43.02764976958525,1.4858440257623735,170,67028.0,0.03965588527468507,170,67028.0,-8.319999999999936
21425.0,169,9235.0,42.754629629629626,1.4118968235745013,169,67323.0,0.037388483712060876,169,67323.0,-2.9500000000000455
21430.0,169,9490.0,43.93518518518518,1.4930420948852403,169,67141.0,0.04215137557394927,169,67141.0,1.82000000000005
21435.0,167,9746.0,45.330232558139535,1.5524154677225244,167,66951.0,0.0464558848302344,167,66951.0,1.8999999999999773
21440.0,168,10008.0,46.54883720930233,1.61218167136824,168,66279.0,0.039573037111707614,168,66279.0,6.720000000000027
21445.0,170,10239.0,47.845794392523366,1.6073641078251806,170,67112.0,0.04245948796521323,170,67112.0,-8.330000000000041
21450.0,173,10515.0,49.36619718309859,1.440789621981643,173,67940.0,0.03339564544608678,173,67940.0,-8.279999999999973
21455.0,174,10805.0,50.49065420560748,1.4712897576595667,174,68771.0,0.03576695270591833,174,68771.0,-8.31000000000006
21460.0,173,10755.0,50.49295774647887,1.3827907735560363,173,68811.0,0.03482062550572194,173,68811.0,-0.39999999999997726
21465.0,171,10467.0,48.91121495327103,1.4515163549393444,171,68029.0,0.038411008469261015,171,68029.0,7.82000000000005
21470.0,170,10165.0,47.27906976744186,1.5652197794736933,170,67281.0,0.04164700890160004,170,67281.0,7.480000000000018
21475.0,166,9852.0,46.03738317757009,1.6294739017616424,166,65734.0,0.0429254063838792,166,65734.0,15.469999999999914
21480.0,162,9520.0,44.48598130841121,1.8357629891253653,162,64176.0,0.05110676166521685,162,64176.0,15.580000000000041
21485.0,156,9100.0,43.127962085308056,1.7090959980972402,156,64921.0,0.05246461195956171,156,64921.0,-7.4500000000000455
21490.0,156,8856.0,42.57692307692308,1.705740509249196,156,65634.0,0.055661434534571334,156,65634.0,-7.1299999999999955
21495.0,161,9076.0,43.42583732057416,1.77244138094082,161,66383.0,0.05756474777630796,161,66383.0,-7.490000000000009
21500.0,166,9000.0,43.26923076923077,1.5238835255067769,165,66277.0,0.03899068211169702,165,66277.0,1.0600000000000591
21505.0,163,8708.0,41.665071770334926,1.6022833257623954,163,67046.0,0.04189698818398627,163,67046.0,-7.690000000000055
21510.0,160,8397.0,39.98571428571429,1.689857364474387,160,66066.0,0.043867450979743663,160,66066.0,9.800000000000068
21515.0,158,7868.0,37.645933014354064,1.6054739725063507,158,66269.0,0.044570070021315945,158,66269.0,-2.0300000000000864
21520.0,157,7188.0,34.22857142857143,1.640398781427815,157,65933.0,0.046293497432837505,157,65933.0,3.3600000000000136
21525.0,154,6643.0,31.9375,1.6955459329548548,154,65622.0,0.05407956287653545,154,65622.0,3.1100000000000136
21530.0,155,6526.0,31.52657004830918,1.697710614470225,155,64808.0,0.0533967869774971,155,64808.0,8.139999999999986
21535.0,156,6411.0,30.52857142857143,1.8366374769660878,156,64015.0,0.05856578435170706,156,64015.0,7.930000000000064
21540.0,155,6298.0,30.278846153846153,1.7170752170477712,155,63241.0,0.050349009306044516,155,63241.0,7.740000000000009
21545.0,153,6174.0,29.54066985645933,1.7576264881553196,152,62972.0,0.05486228337862996,152,62972.0,2.689999999999941
21550.0,150,6034.0,28.870813397129186,1.8627698434114828,150,62243.0,0.0618823427965616,150,62243.0,7.290000000000077
21555.0,147,5672.0,27.26923076923077,1.8577136358209856,147,62222.0,0.06354344202829905,147,62222.0,0.2099999999999227
21560.0,143,5185.0,25.04830917874396,1.8923397862764952,143,61473.0,0.06628463221059921,143,61473.0,7.490000000000009
21565.0,141,4814.0,23.033492822966508,2.031933119854832,141,60714.0,0.06991930150407356,141,60714.0,7.590000000000032
21570.0,145,4779.0,22.86602870813397,1.9133769651955659,145,61389.0,0.0680544204642922,145,61389.0,-6.75
21575.0,146,4746.0,22.708133971291865,1.8738006414763784,146,61588.0,0.06549246495492253,146,61588.0,-1.990000000000009
21580.0,145,4804.0,23.096153846153847,1.8897478344098946,145,61777.0,0.062831861432841,145,61777.0,-1.8899999999999864
21585.0,145,4871.0,23.30622009569378,2.0021640837460484,145,62376.0,0.06076601987177542,145,62376.0,-5.990000000000009
21590.0,150,4972.0,23.789473684210527,1.832515973424632,150,63078.0,0.053112247939223874,150,63078.0,-7.019999999999982
21595.0,156,5279.0,25.258373205741627,1.5381670557500793,156,63726.0,0.0421958245594355,156,63726.0,-6.480000000000018
21600.0,158,5598.0,26.65714285714286,1.5754381433944418,158,64410.0,0.03723139932014681,158,64410.0,-6.840000000000032
21605.0,157,5644.0,26.876190476190477,1.5023024746357299,157,64288.0,0.03760369295409634,157,64288.0,1.2200000000000273
21610.0,159,5542.0,26.39047619047619,1.4368879487130448,159,64176.0,0.036933212202719355,159,64176.0,1.1200000000000045
21615.0,155,5488.0,26.133333333333333,1.4521886278485965,155,63210.0,0.043785385795725544,155,63210.0,9.659999999999968
21620.0,155,5506.0,26.471153846153847,1.3616533030853877,155,63897.0,0.043390770309187025,155,63897.0,-6.8700000000000045
21625.0,157,5736.0,27.844660194174757,1.201849094676325,157,64544.0,0.04162702948666271,157,64544.0,-6.470000000000027
21630.0,165,6049.0,28.804761904761904,1.2980666199501103,165,65235.0,0.04336348469218561,165,65235.0,-6.909999999999968
21635.0,170,6229.0,29.24413145539906,1.1898262719374495,170,65280.0,0.031878682629918054,170,65280.0,-0.4499999999999318
21640.0,176,6313.0,29.63849765258216,1.13650512636635,176,64590.0,0.030463918872602386,176,64590.0,6.899999999999977
21645.0,174,6405.0,29.929906542056074,1.2326331449169337,174,63977.0,0.036056671556892066,174,63977.0,6.1299999999999955
21650.0,173,6485.0,30.02314814814815,1.3932531368921002,173,62629.0,0.03968465827574087,173,62629.0,13.480000000000018
21655.0,168,6440.0,29.677419354838708,1.4092996443090937,168,62606.0,0.039559492251350734,168,62606.0,0.2300000000000182
21660.0,166,6311.0,29.08294930875576,1.4840610352248038,166,61715.0,0.043439320274646184,166,61715.0,8.909999999999968
21665.0,164,6169.0,28.298165137614678,1.6150019306958565,164,60878.0,0.046962902464529874,164,60878.0,8.370000000000005
21670.0,161,6069.0,28.09722222222222,1.6407234252808796,161,61051.0,0.04651538055164882,161,61051.0,-1.7300000000000182
21675.0,161,6289.0,29.11574074074074,1.5661320248810908,161,61212.0,0.04131550761427412,161,61212.0,-1.6100000000000136
21680.0,161,6513.0,30.15277777777778,1.6350783256293813,161,61374.0,0.04615491543050112,161,61374.0,-1.6200000000000045
21685.0,160,6431.0,29.63594470046083,1.5135503625994091,160,61587.0,0.04080824693233485,160,61587.0,-2.1299999999999955
21690.0,157,6143.0,28.439814814814813,1.5492607866292194,157,61798.0,0.04399292712824296,157,61798.0,-2.1100000000000136
21695.0,153,5836.0,27.144186046511628,1.550593881075764,153,61409.0,0.0466937736429236,153,61409.0,3.8899999999999864
21700.0,148,5502.0,25.830985915492956,1.5921573395231399,148,61299.0,0.052798477756235425,148,61299.0,1.1000000000000227
21705.0,148,5337.0,25.17452830188679,1.4796353340181994,148,60459.0,0.051999225806862864,148,60459.0,8.399999999999977
21710.0,150,5177.0,24.419811320754718,1.4907671856703537,150,59774.0,0.050346804188813786,150,59774.0,6.850000000000023
21715.0,147,4769.0,22.495283018867923,1.4033943059196832,147,60408.0,0.04717813882188927,147,60408.0,-6.340000000000032
21720.0,144,4245.0,20.02358490566038,1.5039641390219856,144,60925.0,0.05119856000337307,144,60925.0,-5.169999999999959
21725.0,147,4014.0,18.757009345794394,1.5635774536680402,147,61467.0,0.053708407950581225,147,61467.0,-5.419999999999959
21730.0,152,3933.0,18.041284403669724,1.5654236120340799,152,61607.0,0.04863784162393548,152,61607.0,-1.400000000000091
21735.0,155,3892.0,17.69090909090909,1.5692144710708642,155,61176.0,0.04516941711930784,155,61176.0,4.310000000000059
21740.0,161,3890.0,17.681818181818183,1.5447086701611397,161,60780.0,0.04628188607298681,161,60780.0,3.9600000000000364
21745.0,162,3934.0,17.881818181818183,1.5411071766657023,162,59836.0,0.04448097060638031,162,59836.0,9.43999999999994
21750.0,161,3998.0,18.172727272727272,1.6356878324983246,161,59894.0,0.049473653425130604,161,59894.0,-0.5800000000000409
21755.0,161,4333.0,19.695454545454545,1.6079203899600802,161,59211.0,0.04450426551819464,161,59211.0,6.830000000000041
21760.0,162,4675.0,21.347031963470318,1.6900518753908629,162,58673.0,0.05149160458672946,162,58673.0,5.3799999999999955
21765.0,163,4825.0,22.031963470319635,1.5369004445258627,163,58757.0,0.04767751524432271,163,58757.0,-0.8400000000000318
21770.0,165,4918.0,22.354545454545455,1.5545769958470332,165,58858.0,0.04323607779739104,165,58858.0,-1.009999999999991
21775.0,166,5014.0,22.484304932735427,1.6023889366803763,166,58434.0,0.042694158064953185,166,58434.0,4.240000000000009
21780.0,161,4946.0,22.27927927927928,1.6480687761836832,161,59115.0,0.04766416398552342,161,59115.0,-6.809999999999945
21785.0,159,4763.0,21.65,1.5680254086376306,159,59660.0,0.04811064729054563,159,59660.0,-5.4500000000000455
21790.0,155,4573.0,21.07373271889401,1.6467568767331733,155,60223.0,0.05431456678907508,155,60223.0,-5.6299999999999955
21795.0,152,4415.0,20.25229357798165,1.6880862041867568,152,60381.0,0.05261192716888514,152,60381.0,-1.5799999999999272
21800.0,157,4380.0,20.091743119266056,1.6672997380753822,157,59957.0,0.04925459632386918,157,59957.0,4.239999999999895
21805.0,162,4370.0,20.23148148148148,1.441842426128379,162,59653.0,0.04293305854238072,162,59653.0,3.0400000000000773
21810.0,160,4368.0,20.411214953271028,1.472699070579028,160,58963.0,0.04668314739167596,160,58963.0,6.899999999999977
21815.0,158,4406.0,20.39814814814815,1.6831806679981025,158,58305.0,0.05550505687130647,158,58305.0,6.580000000000041
21820.0,159,4562.0,21.023041474654377,1.7322089071337368,159,57690.0,0.052369980283069134,159,57690.0,6.149999999999977
21825.0,164,4637.0,20.981900452488688,1.5560444125768775,163,58493.0,0.0450351696642249,163,58493.0,-8.029999999999973
21830.0,167,4755.0,21.5158371040724,1.4756596090351148,167,59313.0,0.04328548764650132,167,59313.0,-8.200000000000045
21835.0,176,5235.0,23.475336322869953,1.4023517896083402,176,60172.0,0.03896532355466327,176,60172.0,-8.590000000000032
21840.0,179,5786.0,25.830357142857142,1.4296561830326755,179,60603.0,0.03565130251964684,179,60603.0,-4.309999999999945
21845.0,179,6385.0,28.12775330396476,1.5489679152543847,179,60583.0,0.04085646737778956,179,60583.0,0.1999999999999318
21850.0,175,6972.0,31.405405405405407,1.5784092912049015,175,60551.0,0.04721372619975328,175,60551.0,0.32000000000005
21855.0,171,7571.0,34.413636363636364,1.617959499158687,171,60122.0,0.05124981920138873,171,60122.0,4.289999999999964
21860.0,167,8229.0,37.92165898617512,1.7520422293301197,167,59809.0,0.06309234579336331,167,59809.0,3.1299999999999955
21865.0,169,8916.0,40.89908256880734,1.6026562296171252,168,60480.0,0.053266945166300816,168,60480.0,-6.709999999999923
21870.0,174,9500.0,43.18181818181818,1.450687755830937,174,61338.0,0.0427995130701792,174,61338.0,-8.580000000000041
21875.0,174,10074.0,45.79090909090909,1.3528998704239301,174,62212.0,0.03859984683170082,174,62212.0,-8.740000000000009
21880.0,173,10608.0,48.43835616438356,1.3279637671517979,173,62677.0,0.03505330747126186,173,62677.0,-4.649999999999977
21885.0,170,11202.0,50.91818181818182,1.3845336477215424,170,62966.0,0.04190211879125938,170,62966.0,-2.8899999999999864
21890.0,169,11884.0,54.018181818181816,1.4679547930144656,169,63249.0,0.0490185486889589,169,63249.0,-2.830000000000041
21895.0,168,12611.0,56.806306306306304,1.6036846221105263,168,63258.0,0.05061236821020253,168,63258.0,-0.09000000000003183
21900.0,172,13348.0,60.126126126126124,1.5843156994697436,171,63924.0,0.05055252631597404,171,63924.0,-6.659999999999968
21905.0,173,14022.0,63.44796380090498,1.4765328483859144,173,64614.0,0.045340143092660164,173,64614.0,-6.899999999999977
21910.0,174,14697.0,66.80454545454545,1.3550466734011877,174,65145.0,0.04110718870782586,174,65145.0,-5.310000000000059
21915.0,175,14928.0,67.24324324324324,1.3769454628361628,175,66015.0,0.037366693775483725,175,66015.0,-8.699999999999932
21920.0,173,14847.0,67.18099547511312,1.3308096404445806,173,66063.0,0.03580261827035965,173,66063.0,-0.4800000000000182
21925.0,171,14836.0,66.82882882882883,1.4511678938245287,171,65328.0,0.04149698702019762,171,65328.0,7.350000000000023
21930.0,175,14826.0,66.78378378378379,1.3091824453800194,175,66025.0,0.04045942151786079,175,66025.0,-6.970000000000027
21935.0,175,14841.0,66.55156950672645,1.3170453183802047,175,66577.0,0.038292182288171425,175,66577.0,-5.519999999999982
21940.0,175,14876.0,67.009009009009,1.3724020996046455,175,67160.0,0.043549660865790804,175,67160.0,-5.830000000000041
21945.0,176,14915.0,66.58482142857143,1.4761032385152124,176,67666.0,0.04248469344657081,176,67666.0,-5.059999999999945
21950.0,176,14811.0,66.12053571428571,1.3611718182923398,176,68220.0,0.03484965103687301,176,68220.0,-5.540000000000077
21955.0,177,14676.0,65.51785714285714,1.385162102503973,177,68567.0,0.04019739574391678,177,68567.0,-3.4699999999999136
21960.0,178,14549.0,65.53603603603604,1.311144297773356,178,68929.0,0.03949881988748645,178,68929.0,-3.6200000000000045
21965.0,179,14382.0,64.20535714285714,1.2682032582857303,179,69693.0,0.02976632933167041,179,69693.0,-7.639999999999986
21970.0,176,14175.0,63.28125,1.3210694778221481,176,70457.0,0.030808662430277408,176,70457.0,-7.6400000000001
21975.0,173,13954.0,62.01777777777778,1.4395438285409141,173,71105.0,0.035140872845523974,173,71105.0,-6.4799999999999045
21980.0,171,13752.0,61.66816143497758,1.3158566867900623,171,71143.0,0.033958891569814686,171,71143.0,-0.37999999999999545
21985.0,176,14102.0,62.675555555555555,1.2717245290316022,176,71193.0,0.03136953135357611,176,71193.0,-0.5
21990.0,181,14484.0,64.37333333333333,1.2175719174374686,181,71266.0,0.0311221374515586,181,71266.0,-0.7300000000000182
21995.0,183,14882.0,64.98689956331877,1.2933921854104944,183,69732.0,0.03518371076908429,183,69732.0,15.339999999999918
22000.0,179,15215.0,67.32300884955752,1.2361889799577885,179,70518.0,0.03323537569901405,179,70518.0,-7.8599999999999
22005.0,175,15525.0,69.0,1.2522055963018532,175,71197.0,0.03403668004429338,175,71197.0,-6.790000000000077
22010.0,170,15875.0,71.509009009009,1.3852334058913658,170,71879.0,0.042856037601360315,170,71879.0,-6.819999999999936
22015.0,168,16271.0,73.2927927927928,1.3524513644754128,167,71891.0,0.03832337730720751,167,71891.0,-0.12000000000000455
22020.0,174,16793.0,75.98642533936652,1.2644332976173827,174,72755.0,0.03343599240163239,174,72755.0,-8.639999999999986
22025.0,179,17337.0,77.74439461883408,1.1912346374091134,179,71986.0,0.030081593392138214,179,71986.0,7.689999999999941
22030.0,177,17841.0,80.00448430493273,1.1916493564700268,177,72785.0,0.029835599114150676,177,72785.0,-7.990000000000009
22035.0,175,18302.0,81.70535714285714,1.23308239725285,175,73500.0,0.030953706553526916,175,73500.0,-7.149999999999977
22040.0,171,18752.0,83.71428571428571,1.4361314557172158,171,74228.0,0.03997011454907589,171,74228.0,-7.279999999999973
22045.0,170,19055.0,85.06696428571429,1.392090865865778,170,74737.0,0.03501986682661202,170,74737.0,-5.090000000000032
22050.0,174,19434.0,87.9366515837104,1.2492034862778518,174,74928.0,0.03434795267958105,174,74928.0,-1.9099999999999682
22055.0,177,19836.0,89.35135135135135,1.2710377276144074,177,75139.0,0.035347614083479154,177,75139.0,-2.1100000000000136
22060.0,179,20246.0,92.44748858447488,1.179681854364956,179,75031.0,0.03562323944794259,179,75031.0,1.080000000000041
22065.0,176,20647.0,93.42533936651584,1.356826681357794,176,74921.0,0.043697617334318976,176,74921.0,1.099999999999909
22070.0,172,20167.0,90.84234234234235,1.3556736519434824,172,74883.0,0.03723816877469101,172,74883.0,0.37999999999999545
22075.0,169,19094.0,85.62331838565022,1.4605599937779714,169,74089.0,0.041721126416995026,169,74089.0,7.940000000000055
22080.0,165,18033.0,81.5972850678733,1.6453601759889689,165,73299.0,0.0528923784100858,165,73299.0,7.899999999999977
22085.0,165,16883.0,76.04954954954955,1.648204253323173,165,74016.0,0.046549592432937145,165,74016.0,-7.169999999999959
22090.0,164,15657.0,70.52702702702703,1.7352510701861394,164,74637.0,0.04748338212590358,164,74637.0,-6.210000000000036
22095.0,162,14435.0,64.73094170403587,1.8311529124960726,162,75258.0,0.05292564917934591,162,75258.0,-6.210000000000036
22100.0,161,13144.0,59.74545454545454,1.754303681327153,160,75157.0,0.04948290780888333,160,75157.0,1.009999999999991
22105.0,162,11748.0,53.4,1.689610387921825,162,75932.0,0.04478868115592517,162,75932.0,-7.75
22110.0,162,10451.0,47.940366972477065,1.7217546313039256,162,75003.0,0.04866095863801844,162,75003.0,9.290000000000077
22115.0,163,9323.0,43.16203703703704,1.488331055584412,163,75448.0,0.041748118586615084,163,75448.0,-4.4500000000000455
22120.0,165,8113.0,37.38709677419355,1.4834749471101096,165,75533.0,0.041571038032932994,165,75533.0,-0.8500000000000227
22125.0,164,6903.0,31.8110599078341,1.4636402323893625,164,75599.0,0.043117552183989785,164,75599.0,-0.6599999999999682
22130.0,161,5593.0,25.774193548387096,1.4853933324282176,161,76265.0,0.040098257594508614,161,76265.0,-6.659999999999968
22135.0,159,4503.0,20.94418604651163,1.3885627635084823,159,76926.0,0.04025784543897119,159,76926.0,-6.610000000000014
22140.0,162,4574.0,21.078341013824886,1.455537291787659,162,77514.0,0.04366511236125768,162,77514.0,-5.8799999999999955
22145.0,165,4738.0,21.73394495412844,1.2559708803934444,165,77916.0,0.03634452168599018,165,77916.0,-4.019999999999982
22150.0,169,4915.0,22.545871559633028,1.2834961871081791,169,78133.0,0.03998150712858183,169,78133.0,-2.1700000000000728
22155.0,170,5105.0,23.204545454545453,1.3617420828712128,170,78365.0,0.040801046330923185,170,78365.0,-2.3199999999999363
22160.0,169,5292.0,24.054545454545455,1.466163105289913,169,78404.0,0.04289599762935224,169,78404.0,-0.38999999999998636
22165.0,165,5541.0,25.301369863013697,1.5871619394913072,165,78463.0,0.05118083582754273,165,78463.0,-0.5900000000000318
22170.0,165,6070.0,27.71689497716895,1.7717719704579025,165,78577.0,0.05402534261606766,165,78577.0,-1.1399999999999864
22175.0,164,6377.0,29.118721461187214,1.624008562219144,164,78487.0,0.04618065742301642,164,78487.0,0.8999999999999773
22180.0,162,6562.0,30.23963133640553,1.6695394804963297,162,77463.0,0.053733710829263454,162,77463.0,10.240000000000009
22185.0,164,6848.0,31.269406392694062,1.7480076973279917,164,76450.0,0.055101852969506024,164,76450.0,10.129999999999995
22190.0,164,7100.0,32.27272727272727,1.7528923613600496,164,76990.0,0.051732698979735696,164,76990.0,-5.399999999999977
22195.0,162,7313.0,32.94144144144144,1.7769637959955666,162,77515.0,0.04700534011136874,162,77515.0,-5.25
22200.0,159,7513.0,33.99547511312217,1.8114037583399343,159,78001.0,0.05226512446814182,159,78001.0,-4.860000000000014
22205.0,157,7523.0,34.040723981900456,1.789515003436096,157,78563.0,0.052208131752793034,157,78563.0,-5.6200000000000045
22210.0,154,7428.0,34.07339449541284,1.7617195913209116,154,79117.0,0.056398211928687346,154,79117.0,-5.539999999999964
22215.0,155,7368.0,33.953917050691246,1.6739943669665798,155,79668.0,0.05236201831621281,155,79668.0,-5.509999999999991
22220.0,156,7446.0,34.47222222222222,1.571409139873419,156,80117.0,0.0520924801638674,156,80117.0,-4.490000000000009
22225.0,160,7593.0,34.830275229357795,1.4397066938331615,160,79932.0,0.0413646928364705,160,79932.0,1.849999999999909
22230.0,161,7694.0,35.620370370370374,1.4286157501951098,161,78877.0,0.04441992426774205,161,78877.0,10.550000000000068
22235.0,162,7805.0,35.96774193548387,1.4809513980910853,162,77864.0,0.04597793112172833,162,77864.0,10.129999999999995
22240.0,163,7934.0,36.56221198156682,1.410431446723415,163,78399.0,0.04197832969834056,163,78399.0,-5.350000000000023
22245.0,166,8356.0,38.330275229357795,1.3016226204686452,165,78948.0,0.03807175375146025,165,78948.0,-5.490000000000009
22250.0,171,8830.0,40.5045871559633,1.1969581102283726,171,79530.0,0.036742390771460964,171,79530.0,-5.819999999999936
22255.0,173,9226.0,41.93636363636364,1.1432020402600669,173,80202.0,0.032542605006857406,173,80202.0,-6.720000000000027
22260.0,176,9576.0,42.94170403587444,1.1507916127371582,176,80882.0,0.031683830952109096,176,80882.0,-6.800000000000068
22265.0,174,9930.0,44.52914798206278,1.2120747178821707,174,81438.0,0.03735566558822302,174,81438.0,-5.559999999999945
22270.0,172,10206.0,45.766816143497756,1.1986159741093585,172,81369.0,0.036261858766692315,172,81369.0,0.6899999999999409
22275.0,172,10542.0,47.486486486486484,1.1424066193289608,172,80439.0,0.034706164304960464,172,80439.0,9.300000000000068
22280.0,175,10896.0,48.860986547085204,1.2651026047861351,175,79517.0,0.0393250601113762,175,79517.0,9.220000000000027
22285.0,173,11206.0,50.47747747747748,1.1670196317467045,173,80168.0,0.0329165666870644,173,80168.0,-6.509999999999991
22290.0,169,11520.0,51.891891891891895,1.3269107897795793,169,80701.0,0.037929582349762715,169,80701.0,-5.330000000000041
22295.0,170,11947.0,53.573991031390136,1.4083398919499925,170,81248.0,0.04303052194444907,170,81248.0,-5.470000000000027
22300.0,171,11842.0,52.86607142857143,1.3425741172395387,170,81114.0,0.036760295104662166,170,81114.0,1.3400000000000318
22305.0,174,11502.0,51.348214285714285,1.2596267669167456,174,81878.0,0.032815608840235704,174,81878.0,-7.639999999999986
22310.0,182,11291.0,50.18222222222222,1.169614246705275,182,80910.0,0.030971535091925812,182,80910.0,9.67999999999995
22315.0,182,10923.0,48.33185840707964,1.1410875602558233,182,81425.0,0.026260537434497886,182,81425.0,-5.149999999999977
22320.0,181,10439.0,46.39555555555555,1.2053804050337968,181,81630.0,0.03127321282819499,181,81630.0,-2.0499999999999545
22325.0,177,9935.0,44.55156950672646,1.2320001310456428,177,81814.0,0.03626552132637274,177,81814.0,-1.8400000000000318
22330.0,172,9322.0,41.990990990990994,1.2697449938490721,172,82484.0,0.03480805804555026,172,82484.0,-6.7000000000000455
22335.0,169,8680.0,39.0990990990991,1.3011091521126172,169,83142.0,0.03488564199105856,169,83142.0,-6.579999999999927
22340.0,169,8130.0,36.62162162162162,1.3681718806962884,169,83704.0,0.03939436351330019,169,83704.0,-5.6200000000000045
22345.0,170,7605.0,34.25675675675676,1.2074540337633424,170,84139.0,0.03454616216893837,170,84139.0,-4.350000000000023
22350.0,172,7140.0,32.30769230769231,1.2435026177374062,172,84257.0,0.03813369916632649,172,84257.0,-1.1800000000000637
22355.0,173,6681.0,30.23076923076923,1.283020030583491,173,84373.0,0.03912841741960433,173,84373.0,-1.1599999999999682
22360.0,171,6080.0,27.38738738738739,1.339770096438962,171,84236.0,0.03550328957069729,171,84236.0,1.3700000000000045
22365.0,168,5571.0,25.094594594594593,1.4090417341556583,168,83194.0,0.037913889185444916,168,83194.0,10.419999999999959
22370.0,167,5789.0,26.076576576576578,1.5429624951906222,167,82162.0,0.04594900989154991,167,82162.0,10.32000000000005
22375.0,167,5917.0,26.895454545454545,1.3913000161681663,167,82768.0,0.04331482355147639,167,82768.0,-6.059999999999945
22380.0,164,6039.0,27.575342465753426,1.4412232311711752,164,83283.0,0.04596027842302542,164,83283.0,-5.150000000000091
22385.0,167,6404.0,28.846846846846848,1.5125170220090367,167,83806.0,0.04741142766190788,167,83806.0,-5.2299999999999045
22390.0,167,6738.0,30.35135135135135,1.431938912835037,167,84207.0,0.0430356251088505,167,84207.0,-4.010000000000105
22395.0,168,7118.0,31.776785714285715,1.4631623112920777,168,84290.0,0.041209931895321926,168,84290.0,-0.8299999999999272
22400.0,170,7508.0,33.81981981981982,1.4305115391237129,170,84371.0,0.04383206764015509,170,84371.0,-0.8100000000000591
22405.0,167,7900.0,35.585585585585584,1.5655802512151828,167,84108.0,0.04695168556769648,167,84108.0,2.6299999999999955
22410.0,164,8308.0,37.93607305936073,1.6970836579061221,164,83834.0,0.056773653887110156,164,83834.0,2.740000000000009
22415.0,164,8627.0,39.036199095022624,1.6081071881348132,164,83665.0,0.04579080168902476,164,83665.0,1.6900000000000546
22420.0,163,8866.0,40.3,1.6789971620198416,163,82630.0,0.05107289538748862,163,82630.0,10.350000000000023
22425.0,162,9155.0,41.425339366515836,1.7702142836413097,162,81608.0,0.05275114078342631,162,81608.0,10.219999999999914
22430.0,164,9497.0,42.77927927927928,1.7091985090239274,164,82212.0,0.04845383192504842,164,82212.0,-6.039999999999964
22435.0,166,9771.0,43.620535714285715,1.7214630424417317,166,82726.0,0.04556417014699878,166,82726.0,-5.139999999999986
22440.0,162,10036.0,45.207207207207205,1.7741211135912485,162,83251.0,0.05379603972716483,162,83251.0,-5.25
22445.0,160,10266.0,45.830357142857146,1.7958734562609142,160,83616.0,0.05241639767064817,160,83616.0,-3.6499999999999773
22450.0,160,10570.0,47.612612612612615,1.8211918419141104,160,83613.0,0.05234857605965318,160,83613.0,0.029999999999972715
22455.0,161,10935.0,49.70454545454545,1.792389470690636,161,83601.0,0.054490368066920356,161,83601.0,0.12000000000000455
22460.0,163,11404.0,52.31192660550459,1.7890220268800043,163,83312.0,0.05510230874227863,163,83312.0,2.8899999999999864
22465.0,165,11876.0,54.477064220183486,1.7276040838903377,165,83101.0,0.057150320956950273,165,83101.0,2.1100000000000136
22470.0,164,12275.0,56.30733944954128,1.6685688807501673,164,83769.0,0.047988822397644126,164,83769.0,-6.680000000000064
22475.0,164,12612.0,58.11981566820276,1.539416490819308,164,84300.0,0.04432426401220544,164,84300.0,-5.309999999999945
22480.0,160,12993.0,59.87557603686636,1.6695938856906591,160,84711.0,0.05075392461351952,160,84711.0,-4.110000000000014
22485.0,163,12963.0,59.19178082191781,1.5820525246056782,163,84458.0,0.048710496001434136,163,84458.0,2.5299999999999727
22490.0,167,12631.0,56.8963963963964,1.617303466699232,167,83319.0,0.04527641055258218,167,83319.0,11.389999999999986
22495.0,171,12324.0,55.513513513513516,1.5204810370927684,171,82220.0,0.047038096920040816,171,82220.0,10.990000000000009
22500.0,169,12036.0,54.21621621621622,1.5509302185017442,169,80261.0,0.048582026278772415,169,80261.0,19.590000000000032
22505.0,169,11577.0,51.91479820627803,1.5920513016547322,169,80101.0,0.04900616615148688,169,80101.0,1.6000000000000227
22510.0,165,11000.0,49.327354260089685,1.7208024085568108,165,79052.0,0.0531685018961735,165,79052.0,10.490000000000009
22515.0,166,10452.0,47.08108108108108,1.765114775950978,166,78035.0,0.05381094845175101,166,78035.0,10.169999999999959
22520.0,167,9862.0,44.62443438914027,1.6170314439110625,167,77884.0,0.04715341577177906,167,77884.0,1.509999999999991
22525.0,167,9245.0,42.02272727272727,1.5098270541034755,167,77779.0,0.0386181014567902,167,77779.0,1.0500000000000682
22530.0,164,8615.0,39.15909090909091,1.564053616877276,164,77650.0,0.04411078135884453,164,77650.0,1.2899999999999636
22535.0,162,7821.0,35.229729729729726,1.5735272665027558,162,78247.0,0.042832545157153075,162,78247.0,-5.970000000000027
22540.0,160,6911.0,31.557077625570777,1.4701704284718222,160,78682.0,0.04729821721035535,160,78682.0,-4.350000000000023
22545.0,156,5989.0,27.099547511312217,1.6524455870872952,156,79117.0,0.054339809324886884,156,79117.0,-4.349999999999909
22550.0,154,5307.0,24.013574660633484,1.749285788566135,154,79452.0,0.05778259344227738,154,79452.0,-3.3500000000000227
22555.0,159,5576.0,24.892857142857142,1.831386444626055,159,79864.0,0.059077197552938256,159,79864.0,-4.1200000000000045
22560.0,165,5931.0,26.716216216216218,1.6543731522342657,165,80366.0,0.05500761675880305,165,80366.0,-5.019999999999982
22565.0,165,6166.0,28.027272727272727,1.3278701833723574,165,81113.0,0.04091629261268634,165,81113.0,-7.470000000000027
22570.0,172,6430.0,29.227272727272727,1.153073493370756,172,81862.0,0.03146249101658481,172,81862.0,-7.490000000000009
22575.0,179,6991.0,31.349775784753362,1.0793335052077557,179,81745.0,0.024152053793618188,179,81745.0,1.169999999999959
22580.0,181,7528.0,33.607142857142854,0.9664992030162983,181,82434.0,0.023501905790186923,181,82434.0,-6.889999999999986
22585.0,179,8067.0,35.69469026548673,1.0798900681034889,179,83045.0,0.028203158040652786,179,83045.0,-6.110000000000014
22590.0,183,8672.0,38.3716814159292,1.1554080929073183,183,83709.0,0.034184848350495484,183,83709.0,-6.639999999999986
22595.0,189,9337.0,40.95175438596491,1.1669959927920965,189,84426.0,0.02644488192915341,189,84426.0,-7.169999999999959
22600.0,193,9971.0,43.54148471615721,1.0753289127558545,192,84359.0,0.018048548426549613,192,84359.0,0.6699999999999591
22605.0,192,10574.0,46.581497797356825,1.0416250541753376,192,85180.0,0.0173592513484574,192,85180.0,-8.209999999999923
22610.0,188,11146.0,49.31858407079646,1.0959478986511246,188,85127.0,0.01978947481760441,188,85127.0,0.5299999999999727
22615.0,185,11660.0,51.5929203539823,1.1441159065583508,185,85943.0,0.02417467521882691,185,85943.0,-8.159999999999968
22620.0,183,12179.0,54.370535714285715,1.130737726899565,183,86737.0,0.023434918292930075,183,86737.0,-7.940000000000055
22625.0,183,12721.0,57.3018018018018,1.1880787945516647,183,87517.0,0.0279492667502355,183,87517.0,-7.7999999999999545
22630.0,183,13040.0,59.27272727272727,1.0409055068750817,183,87395.0,0.018794589975762846,183,87395.0,1.2199999999999136
22635.0,180,13319.0,60.817351598173516,1.1169275914657553,180,86354.0,0.025692678276528047,180,86354.0,10.410000000000082
22640.0,176,13582.0,62.30275229357798,1.2364795422340877,176,85302.0,0.03372315902485048,176,85302.0,10.519999999999982
22645.0,175,13869.0,63.91244239631337,1.2845407620938443,175,83355.0,0.03564876041926329,175,83355.0,19.470000000000027
22650.0,173,14107.0,65.61395348837209,1.254052632385355,173,84091.0,0.03475083913631052,173,84091.0,-7.360000000000014
22655.0,172,14380.0,67.19626168224299,1.2812165035529544,172,84801.0,0.03677469874874489,172,84801.0,-7.100000000000023
22660.0,172,14655.0,68.80281690140845,1.3403329630949157,172,85555.0,0.03698201698008033,172,85555.0,-7.539999999999964
22665.0,170,14786.0,69.41784037558685,1.3324188825470085,170,85439.0,0.033633041160315374,170,85439.0,1.1599999999999682
22670.0,168,14869.0,69.8075117370892,1.4143888346635283,168,85333.0,0.03575410294436549,168,85333.0,1.0599999999999454
22675.0,168,14964.0,69.6,1.4846200410031254,168,85208.0,0.03768537074127659,168,85208.0,1.25
22680.0,168,15046.0,70.30841121495327,1.444460030707753,168,85942.0,0.03375845894577091,168,85942.0,-7.339999999999918
22685.0,168,15141.0,71.75829383886256,1.3490579586541014,168,86663.0,0.0391243265518611,168,86663.0,-7.210000000000036
22690.0,168,15236.0,72.89952153110048,1.2702086033924556,168,87394.0,0.03852210614589955,168,87394.0,-7.310000000000059
22695.0,166,15290.0,72.80952380952381,1.3575890796373788,166,87235.0,0.036457140949406636,166,87235.0,1.5900000000000318
22700.0,167,15630.0,74.07582938388626,1.3742849975105327,167,86195.0,0.0353955679098802,167,86195.0,10.399999999999977
22705.0,167,15975.0,75.71090047393365,1.3934339209840916,167,85150.0,0.0388726546187328,167,85150.0,10.450000000000045
22710.0,166,16313.0,78.42788461538461,1.3323043052030632,166,83218.0,0.03803379032201913,166,83218.0,19.32000000000005
22715.0,162,16638.0,79.22857142857143,1.5270899956419615,162,81289.0,0.04590171195916942,162,81289.0,19.289999999999964
22720.0,158,16820.0,80.86538461538461,1.4231640272505404,158,81185.0,0.043479162751275884,158,81185.0,1.0399999999999636
22725.0,154,16903.0,81.26442307692308,1.4981168531074567,154,80157.0,0.05130128940383396,154,80157.0,10.279999999999973
22730.0,154,17031.0,82.27536231884058,1.540745550219085,154,79127.0,0.05423869829986998,154,79127.0,10.300000000000068
22735.0,153,17365.0,83.48557692307692,1.6552366689014602,153,77255.0,0.05514248092016583,153,77255.0,18.720000000000027
22740.0,155,17616.0,83.88571428571429,1.748108544954448,155,77935.0,0.05439107354069362,155,77935.0,-6.800000000000068
22745.0,155,17943.0,85.44285714285714,1.8480805364540915,155,78578.0,0.05992328060310356,155,78578.0,-6.42999999999995
22750.0,155,18288.0,87.50239234449761,1.9239608600404179,155,79240.0,0.0597249899684807,155,79240.0,-6.6200000000000045
22755.0,153,17800.0,85.16746411483254,1.9251041456718498,153,79371.0,0.057170061793841744,153,79371.0,-1.3100000000000591
22760.0,149,16804.0,81.57281553398059,1.9189143592974502,149,78983.0,0.05625552206380074,149,78983.0,3.8799999999999955
22765.0,150,15929.0,76.95169082125604,2.0352352256146538,150,78622.0,0.0627280422398176,150,78622.0,3.6100000000000136
22770.0,151,15054.0,72.72463768115942,1.9385627123124025,151,77743.0,0.0565480629387245,151,77743.0,8.790000000000077
22775.0,150,14183.0,67.86124401913875,2.147646954529328,150,76880.0,0.06530210992700533,150,76880.0,8.629999999999995
22780.0,147,13177.0,63.65700483091788,1.9483732586400295,147,76628.0,0.05472776939135037,147,76628.0,2.519999999999982
22785.0,144,12116.0,58.531400966183575,2.029673597697802,144,75480.0,0.0651954771296793,144,75480.0,11.480000000000018
22790.0,148,11223.0,54.480582524271846,1.9770857348059674,148,74351.0,0.06611501110108911,148,74351.0,11.289999999999964
22795.0,149,10299.0,49.27751196172249,1.9123919947277463,149,74476.0,0.05673738945964533,149,74476.0,-1.25
22800.0,148,9348.0,44.72727272727273,1.9819583474508407,148,74127.0,0.0549708135339082,148,74127.0,3.490000000000009
22805.0,145,8391.0,40.34134615384615,2.035625837018044,145,73765.0,0.06602294363556029,145,73765.0,3.6200000000000045
22810.0,145,7432.0,35.73076923076923,2.0474021958819315,145,72957.0,0.06448121579056806,145,72957.0,8.079999999999927
22815.0,142,6512.0,31.458937198067634,2.197073499162717,142,72181.0,0.07313281189206505,142,72181.0,7.760000000000105
22820.0,140,5706.0,27.432692307692307,2.1441455291328926,139,72736.0,0.0699813714263427,139,72736.0,-5.550000000000068
22825.0,146,6033.0,28.86602870813397,1.9923945826586553,145,73373.0,0.0593802802126119,145,73373.0,-6.3700000000000045
22830.0,150,6475.0,31.280193236714975,1.8012310449997384,150,74051.0,0.056959679855502564,150,74051.0,-6.779999999999973
22835.0,151,6593.0,32.1609756097561,1.57630218219602,151,73796.0,0.049470872757430444,151,73796.0,2.5499999999999545
22840.0,152,6536.0,31.728155339805824,1.7151151774190352,152,72613.0,0.055810694860404,152,72613.0,11.830000000000041
22845.0,149,6546.0,31.6231884057971,1.863111638155715,149,71425.0,0.06250530002953439,149,71425.0,11.879999999999995
22850.0,152,6578.0,31.932038834951456,1.6683552703313225,152,71546.0,0.05656802188622052,152,71546.0,-1.2100000000000364
22855.0,155,6611.0,31.63157894736842,1.5797010021104554,155,71695.0,0.047769888367392405,155,71695.0,-1.490000000000009
22860.0,156,6669.0,32.21739130434783,1.5180237203702203,156,71835.0,0.050573627194930956,156,71835.0,-1.3999999999999773
22865.0,158,6734.0,32.06666666666667,1.4966229009526333,158,70993.0,0.05070965947685812,158,70993.0,8.420000000000073
22870.0,159,6807.0,32.41428571428571,1.440431780070688,159,70667.0,0.05227481302647348,159,70667.0,3.259999999999991
22875.0,163,6765.0,32.06161137440758,1.2916699420012394,161,70737.0,0.042278104809839026,161,70737.0,-0.7000000000000455
22880.0,163,6639.0,31.46445497630332,1.2935137753894532,161,71407.0,0.04235570102862523,161,71407.0,-6.7000000000000455
22885.0,163,6580.0,30.892018779342724,1.313985123695722,163,72087.0,0.04229805913509211,163,72087.0,-6.7999999999999545
22890.0,159,6333.0,29.593457943925234,1.454230303163311,159,71884.0,0.04343030616732498,159,71884.0,2.0299999999999727
22895.0,158,5929.0,27.449074074074073,1.4923044184922747,158,70780.0,0.04777046622890253,158,70780.0,11.040000000000077
22900.0,156,5684.0,26.560747663551403,1.4604455692109815,156,70566.0,0.05243611726038113,156,70566.0,2.1399999999999864
22905.0,162,5841.0,27.167441860465118,1.3125605342443998,162,71152.0,0.039389649954143985,162,71152.0,-5.860000000000014
22910.0,165,6043.0,27.847926267281107,1.3381620745415395,165,71622.0,0.045466094576827015,165,71622.0,-4.7000000000000455
22915.0,163,6285.0,28.698630136986303,1.4816284484379465,163,72151.0,0.04843360829763528,163,72151.0,-5.289999999999964
22920.0,166,6387.0,29.164383561643834,1.456481450010461,166,71960.0,0.045514937881426076,166,71960.0,1.9099999999999682
22925.0,172,6412.0,29.412844036697248,1.2948121230594398,172,70898.0,0.03806190517227177,172,70898.0,10.620000000000005
22930.0,177,6461.0,29.368181818181817,1.2956949022481503,177,69887.0,0.03574765784431533,177,69887.0,10.110000000000014
22935.0,174,6511.0,29.46153846153846,1.4059490161323145,174,68005.0,0.03988071651672287,174,68005.0,18.82000000000005
22940.0,172,6547.0,29.759090909090908,1.5129016503523778,172,66115.0,0.04471998738879133,172,66115.0,18.899999999999977
22945.0,168,6492.0,29.509090909090908,1.4371654997463137,168,66807.0,0.04014284807865137,168,66807.0,-6.920000000000073
22950.0,165,6372.0,28.832579185520363,1.5505035279716832,165,67394.0,0.04579145546794707,165,67394.0,-5.8700000000000045
22955.0,163,6378.0,28.85972850678733,1.6534849581964874,163,67963.0,0.054699433357678524,163,67963.0,-5.689999999999941
22960.0,167,6838.0,30.941176470588236,1.7806516862118162,167,68587.0,0.05203728847991206,167,68587.0,-6.240000000000009
22965.0,172,7154.0,31.9375,1.712224519105051,172,68515.0,0.04239778237938028,172,68515.0,0.7200000000000273
22970.0,173,7362.0,33.31221719457014,1.4998313653466548,173,68455.0,0.03858199171665566,173,68455.0,0.6000000000000227
22975.0,170,7566.0,34.39090909090909,1.5495081428338457,170,67562.0,0.04309979286610314,170,67562.0,8.92999999999995
22980.0,166,7752.0,35.723502304147466,1.5810929827110765,166,65813.0,0.049627934281251035,166,65813.0,17.49000000000001
22985.0,161,7676.0,35.211009174311926,1.6840681326749503,161,66017.0,0.049827864372145904,161,66017.0,-2.0399999999999636
22990.0,162,7636.0,34.8675799086758,1.7954021901875923,162,65675.0,0.0499539541311716,162,65675.0,3.419999999999959
22995.0,163,7596.0,34.3710407239819,1.7691570562397454,163,65367.0,0.04729725818644953,163,65367.0,3.080000000000041
23000.0,162,7455.0,34.04109589041096,1.7041371243118744,162,66074.0,0.040936353648549834,162,66074.0,-7.07000000000005
23005.0,159,7230.0,33.47222222222222,1.60829853367381,159,66764.0,0.03947272074290342,159,66764.0,-6.899999999999977
23010.0,157,7103.0,33.03720930232558,1.6948760955560733,157,67386.0,0.046867307980914256,157,67386.0,-6.220000000000027
23015.0,160,6960.0,32.372093023255815,1.5292891504670454,159,67284.0,0.0423664499065021,159,67284.0,1.0199999999999818
23020.0,164,6767.0,31.474418604651163,1.4497463939507127,164,68058.0,0.038535567562434564,164,68058.0,-7.740000000000009
23025.0,159,6561.0,30.516279069767442,1.487293362730167,159,67113.0,0.04128720335221381,159,67113.0,9.450000000000045
23030.0,158,6325.0,29.41860465116279,1.518224914862404,158,67338.0,0.04726643906482268,158,67338.0,-2.25
23035.0,161,6268.0,29.01851851851852,1.4885522508844995,161,67058.0,0.044557528516966885,161,67058.0,2.7999999999999545
23040.0,162,6221.0,29.070093457943926,1.490024007569174,162,66785.0,0.0454230699201272,162,66785.0,2.730000000000018
23045.0,162,6196.0,29.22641509433962,1.428871919111975,162,66025.0,0.04469938011464925,162,66025.0,7.600000000000023
23050.0,159,6312.0,29.914691943127963,1.6141678527387293,159,65312.0,0.0576462248426284,159,65312.0,7.1299999999999955
23055.0,161,6798.0,31.766355140186917,1.5802374517146685,161,65128.0,0.05260627786941091,161,65128.0,1.8400000000000318
23060.0,163,7154.0,33.120370370370374,1.4713337104674702,163,65431.0,0.04806543095779753,163,65431.0,-3.0299999999999727
23065.0,169,7437.0,34.11467889908257,1.3907197956397415,168,66218.0,0.042336389961514474,168,66218.0,-7.8700000000000045
23070.0,169,7794.0,35.75229357798165,1.4375366470638145,169,66911.0,0.04372813952818593,169,66911.0,-6.930000000000064
23075.0,164,8135.0,37.146118721461185,1.4963344627663748,164,66836.0,0.0436977381554047,164,66836.0,0.75
23080.0,159,8434.0,39.0462962962963,1.5515465483725974,159,65889.0,0.05138515160047575,159,65889.0,9.470000000000027
23085.0,159,8802.0,40.56221198156682,1.5893125743797782,159,65789.0,0.05534947324933909,159,65789.0,1.0
23090.0,165,8805.0,40.576036866359445,1.5360220523066097,165,65698.0,0.05083574940911931,165,65698.0,0.9099999999999682
23095.0,164,8583.0,39.55299539170507,1.5847846639109575,164,64805.0,0.049043517429514544,164,64805.0,8.930000000000064
23100.0,165,8463.0,39.18055555555556,1.6017865834856069,165,63929.0,0.05417013338348965,165,63929.0,8.759999999999991
23105.0,168,8272.0,38.11981566820276,1.3872855613921384,168,64592.0,0.04382265453004462,168,64592.0,-6.6299999999999955
23110.0,167,8032.0,37.013824884792626,1.3763972791164394,167,65145.0,0.03960088190867763,167,65145.0,-5.530000000000086
23115.0,165,7786.0,35.55251141552512,1.529448365528003,165,65711.0,0.04543132326310356,165,65711.0,-5.659999999999968
23120.0,161,7463.0,33.92272727272727,1.55693143124858,161,65620.0,0.04367639451340351,161,65620.0,0.9099999999999682
23125.0,165,7171.0,32.44796380090498,1.5190500114455392,165,65532.0,0.0403182925370002,165,65532.0,0.8799999999999955
23130.0,165,6885.0,31.438356164383563,1.452112994457005,165,64607.0,0.039308406870802545,165,64607.0,9.25
23135.0,163,6550.0,29.772727272727273,1.467764616997498,163,65291.0,0.04005944904418045,163,65291.0,-6.839999999999918
23140.0,161,6227.0,28.695852534562214,1.4099042078789978,161,65885.0,0.04394717508818761,161,65885.0,-5.940000000000055
23145.0,164,6083.0,27.524886877828056,1.4818065915002092,164,66500.0,0.04396894065637523,164,66500.0,-6.149999999999977
23150.0,166,5923.0,26.68018018018018,1.400810021781742,166,66424.0,0.03896225354826941,166,66424.0,0.7599999999999909
23155.0,170,5894.0,26.54954954954955,1.356428327825221,170,65658.0,0.03574524249296738,170,65658.0,7.659999999999968
23160.0,176,6376.0,28.98181818181818,1.2927322789923235,176,64926.0,0.03622928522125888,176,64926.0,7.32000000000005
23165.0,176,6866.0,30.92792792792793,1.354890546542879,176,63491.0,0.03525477982020034,176,63491.0,14.350000000000023
23170.0,173,7286.0,33.11818181818182,1.3248694873447737,173,64261.0,0.036917718637137546,173,64261.0,-7.7000000000000455
23175.0,171,7649.0,34.300448430493276,1.3990012565557248,171,64937.0,0.03827527045493421,171,64937.0,-6.759999999999991
23180.0,167,8006.0,36.06306306306306,1.6276474929226377,167,65614.0,0.04647951456594326,167,65614.0,-6.769999999999982
23185.0,167,8445.0,37.869955156950674,1.6191363255864324,167,65640.0,0.04052630802491107,167,65640.0,-0.2599999999999909
23190.0,171,8989.0,40.85909090909091,1.5379438694767726,171,64915.0,0.03932529922614002,171,64915.0,7.25
23195.0,173,9553.0,43.42272727272727,1.5549384286297148,173,64252.0,0.041768464751701734,173,64252.0,6.6299999999999955
23200.0,173,10118.0,45.782805429864254,1.6614394818612255,173,62872.0,0.043870905749973696,173,62872.0,13.799999999999955
23205.0,169,10670.0,48.721461187214615,1.7152787415058548,169,62063.0,0.04913609893955583,169,62063.0,8.090000000000032
23210.0,167,10761.0,49.362385321100916,1.6777629603822695,167,62859.0,0.047873837339602696,167,62859.0,-7.960000000000036
23215.0,166,10604.0,48.866359447004605,1.564302277408083,166,63014.0,0.04538096544225195,166,63014.0,-1.5499999999999545
23220.0,166,10589.0,49.023148148148145,1.5704682262186718,166,63173.0,0.045960020480726844,166,63173.0,-1.5900000000000318
23225.0,165,10451.0,48.609302325581396,1.4042880070233232,165,63858.0,0.03887505202012622,165,63858.0,-6.850000000000023
23230.0,164,10227.0,47.56744186046512,1.3889469279476998,164,64470.0,0.04435445515691194,164,64470.0,-6.1200000000000045
23235.0,161,10023.0,46.40277777777778,1.3553366263444806,161,65235.0,0.04765007924624946,161,65235.0,-7.649999999999977
23240.0,162,9963.0,45.91244239631337,1.4194966450094766,162,65925.0,0.045111169174621546,162,65925.0,-6.899999999999977
23245.0,163,9947.0,46.050925925925924,1.286955969098791,163,66622.0,0.044328220297115556,163,66622.0,-6.970000000000027
23250.0,166,9988.0,46.24074074074074,1.3993754227242972,166,67217.0,0.04961065328636674,166,67217.0,-5.949999999999932
23255.0,170,10057.0,46.13302752293578,1.4715474210035793,170,67928.0,0.04869763691155953,170,67928.0,-7.110000000000014
23260.0,176,10152.0,46.56880733944954,1.3509846781918449,176,68663.0,0.04061834467861116,176,68663.0,-7.350000000000023
23265.0,179,10304.0,47.483870967741936,1.1973225821290463,179,69496.0,0.03204392860457434,179,69496.0,-8.330000000000041
23270.0,179,10344.0,47.66820276497696,1.0419547722180647,179,69763.0,0.023300184593714513,179,69763.0,-2.669999999999959
23275.0,177,10419.0,47.793577981651374,1.1725278627805202,177,69428.0,0.030611754128587614,177,69428.0,3.3500000000000227
23280.0,176,10979.0,49.904545454545456,1.3453661996582589,176,69083.0,0.035024950181509855,176,69083.0,3.449999999999932
23285.0,176,11529.0,52.16742081447964,1.390640643130879,176,69906.0,0.032993956353852445,176,69906.0,-8.229999999999905
23290.0,183,12134.0,54.90497737556561,1.353296006993658,183,70744.0,0.027932805880551255,183,70744.0,-8.38000000000011
23295.0,185,12757.0,57.723981900452486,1.3373829749647046,185,71620.0,0.03147331553073925,185,71620.0,-8.759999999999991
23300.0,183,13339.0,60.35746606334842,1.3379867256112918,183,71899.0,0.02266851188294105,183,71899.0,-2.7899999999999636
23305.0,178,13869.0,63.04090909090909,1.4343512710611521,178,71558.0,0.03059959114770679,178,71558.0,3.409999999999968
23310.0,173,14374.0,65.93577981651376,1.5785813339393002,173,71383.0,0.03969668153269086,173,71383.0,1.75
23315.0,169,14320.0,65.68807339449542,1.5718098126024773,169,71338.0,0.03512499795034315,169,71338.0,0.4500000000000455
23320.0,165,13886.0,64.88785046728972,1.5042578145068053,165,70412.0,0.03684831516299874,165,70412.0,9.259999999999991
23325.0,160,13437.0,63.08450704225352,1.6189474506118113,160,69492.0,0.04505981214694955,160,69492.0,9.200000000000045
23330.0,156,13015.0,61.39150943396226,1.7274305506303238,156,67718.0,0.04817646320088844,156,67718.0,17.74000000000001
23335.0,152,12330.0,58.714285714285715,1.718982571211217,152,67739.0,0.05089424962715791,152,67739.0,-0.21000000000003638
23340.0,153,11577.0,55.39234449760765,1.6756905825153685,153,67033.0,0.05105198625674998,153,67033.0,7.059999999999945
23345.0,152,10826.0,51.308056872037916,1.8417422097862701,152,66343.0,0.0543583663560565,152,66343.0,6.900000000000091
23350.0,150,10019.0,47.9377990430622,1.7806496194156438,150,66266.0,0.047496291684519944,150,66266.0,0.7699999999999818
23355.0,146,9167.0,44.07211538461539,1.8390945618846355,146,65360.0,0.05333941967557249,146,65360.0,9.059999999999945
23360.0,144,8300.0,39.71291866028708,2.015897591139744,144,64516.0,0.06111420643877199,144,64516.0,8.440000000000055
23365.0,140,7463.0,35.87980769230769,2.1421012988712844,140,62889.0,0.06717375943803403,140,62889.0,16.269999999999982
23370.0,141,6503.0,31.567961165048544,1.9902824531193597,141,63536.0,0.06144904390599703,141,63536.0,-6.470000000000027
23375.0,142,5618.0,27.271844660194176,1.8700291780686191,142,64152.0,0.06290582891525905,142,64152.0,-6.159999999999968
23380.0,144,5000.0,24.271844660194176,1.9967948630482526,144,64805.0,0.06846422092017221,144,64805.0,-6.529999999999973
23385.0,151,5015.0,24.22705314009662,1.7624254876861623,151,64785.0,0.05564353157647933,151,64785.0,0.1999999999999318
23390.0,154,4983.0,24.307317073170733,1.5848963059875842,154,64036.0,0.048400498013359466,154,64036.0,7.490000000000009
23395.0,150,4944.0,23.884057971014492,1.7813057545721265,150,63284.0,0.05679544232502416,150,63284.0,7.519999999999982
23400.0,146,4996.0,24.135265700483092,1.9370880232433052,146,61775.0,0.06037024493160165,146,61775.0,15.090000000000032
23405.0,151,5429.0,26.10096153846154,1.864144985358353,151,62519.0,0.060237533935952076,151,62519.0,-7.440000000000055
23410.0,153,5942.0,28.295238095238094,1.8054915536082554,153,63243.0,0.04832751650582846,153,63243.0,-7.239999999999895
23415.0,159,6546.0,31.17142857142857,1.6802202041677377,159,63975.0,0.04483409927338479,159,63975.0,-7.32000000000005
23420.0,165,7031.0,33.64114832535885,1.5284277265025215,165,63992.0,0.042936163393230496,165,63992.0,-0.16999999999995907
23425.0,166,7436.0,35.40952380952381,1.3251838020071085,166,64036.0,0.035169474173717394,166,64036.0,-0.44000000000005457
23430.0,166,7835.0,36.95754716981132,1.4540022833392654,166,64073.0,0.039353269048196235,166,64073.0,-0.37000000000000455
23435.0,163,8137.0,38.201877934272304,1.4360701508707558,163,64119.0,0.03862419383306219,163,64119.0,-0.4600000000000364
23440.0,162,8368.0,39.471698113207545,1.4502532025374457,162,63647.0,0.042820712456762305,162,63647.0,4.720000000000027
23445.0,159,8585.0,40.687203791469194,1.5105588626545583,159,63429.0,0.048796240928192625,159,63429.0,2.1800000000000637
23450.0,156,8866.0,42.421052631578945,1.5887809836501265,156,62712.0,0.052153861503827746,156,62712.0,7.169999999999959
23455.0,158,9247.0,44.24401913875598,1.6142174072969295,158,62008.0,0.05771233351895833,158,62008.0,7.039999999999964
23460.0,160,9636.0,45.885714285714286,1.6020259859289678,160,61815.0,0.051145354630965964,160,61815.0,1.9300000000000637
23465.0,157,10018.0,47.25471698113208,1.754795174776644,156,61138.0,0.05737025346513274,156,61138.0,6.769999999999982
23470.0,154,10384.0,49.21327014218009,1.8527153691682314,153,60468.0,0.05991472237916174,153,60468.0,6.7000000000000455
23475.0,150,10613.0,50.29857819905213,1.775002628892707,150,60398.0,0.05769607630625417,150,60398.0,0.6999999999999318
23480.0,149,10788.0,50.647887323943664,1.8982860937205255,149,59558.0,0.06160024982483686,149,59558.0,8.399999999999977
23485.0,146,11029.0,51.779342723004696,2.1143735755386377,146,58777.0,0.07236569519742503,146,58777.0,7.810000000000059
23490.0,146,11191.0,52.7877358490566,2.073006569881983,146,59413.0,0.06668602498990521,146,59413.0,-6.360000000000014
23495.0,146,11316.0,53.6303317535545,2.080809164265867,146,59996.0,0.06405843048897107,146,59996.0,-5.830000000000041
23500.0,146,11708.0,55.22641509433962,2.2356287510855584,146,60587.0,0.07473847059223884,146,60587.0,-5.909999999999968
23505.0,152,12160.0,57.08920187793427,2.0590479899333527,152,60828.0,0.06355219862399292,152,60828.0,-2.409999999999968
23510.0,158,12580.0,58.78504672897196,1.9407231507134464,158,60596.0,0.05373535895427548,158,60596.0,2.3199999999999363
23515.0,157,13010.0,61.367924528301884,1.8129839065693014,157,60375.0,0.05289032780493636,157,60375.0,2.2100000000000364
23520.0,158,13354.0,62.990566037735846,1.7147195122036074,158,60380.0,0.04303895426714572,158,60380.0,-0.049999999999954525
23525.0,155,13629.0,64.2877358490566,1.7436924728071443,155,59639.0,0.043940542284744685,155,59639.0,7.409999999999968
23530.0,152,13891.0,66.14761904761905,1.8355851442670856,152,58976.0,0.05361250674545875,152,58976.0,6.6299999999999955
23535.0,148,14045.0,67.20095693779905,1.6904606914197313,148,59639.0,0.047198537282908355,148,59639.0,-6.6299999999999955
23540.0,148,14179.0,68.16826923076923,1.7252630266149669,148,60235.0,0.05376974004739537,148,60235.0,-5.960000000000036
23545.0,150,14574.0,69.73205741626795,1.7527238584775857,150,60868.0,0.05762426989582748,150,60868.0,-6.329999999999927
23550.0,157,14997.0,71.07582938388626,1.6047757339690667,156,60957.0,0.04630063141406515,156,60957.0,-0.8900000000001
23555.0,160,15439.0,72.48356807511738,1.5096899834709032,160,61756.0,0.03877733084216844,160,61756.0,-7.989999999999895
23560.0,160,15945.0,74.85915492957747,1.496417669776604,160,61189.0,0.04262478351817706,160,61189.0,5.669999999999959
23565.0,160,15756.0,73.97183098591549,1.4578502540552745,160,61238.0,0.04352954506595681,160,61238.0,-0.4900000000000091
23570.0,161,15073.0,71.09905660377359,1.388691075421116,161,61295.0,0.03915002040496899,161,61295.0,-0.57000000000005
23575.0,161,14393.0,67.57276995305165,1.3822454755725468,161,60610.0,0.038072587548271634,161,60610.0,6.850000000000023
23580.0,159,13618.0,64.54028436018957,1.2925194455361593,159,61338.0,0.03922120821011279,159,61338.0,-7.279999999999973
23585.0,157,12821.0,61.05238095238095,1.2507463706522013,157,62000.0,0.04215346067397863,157,62000.0,-6.6200000000000045
23590.0,159,12244.0,57.75471698113208,1.419676325951166,159,62687.0,0.04627070335138813,159,62687.0,-6.8700000000000045
23595.0,166,11679.0,54.574766355140184,1.1970879482784034,166,62746.0,0.033422069948895794,166,62746.0,-0.5900000000000318
23600.0,168,11102.0,51.398148148148145,1.227987639493986,168,62099.0,0.03326611804167844,168,62099.0,6.470000000000027
23605.0,167,10527.0,48.51152073732719,1.2972325504833861,167,61489.0,0.0383826901989195,167,61489.0,6.100000000000023
23610.0,164,9948.0,45.84331797235023,1.4731500070184436,164,60170.0,0.04186622545939098,164,60170.0,13.18999999999994
23615.0,160,9382.0,43.43518518518518,1.5920440717424043,160,58845.0,0.04958832605189171,160,58845.0,13.25
23620.0,160,8848.0,40.96296296296296,1.6986068204193814,160,57623.0,0.05434603849774044,160,57623.0,12.220000000000027
23625.0,160,8321.0,38.70232558139535,1.5701700423228935,160,57205.0,0.05367802999399865,160,57205.0,4.180000000000064
23630.0,159,8058.0,37.30555555555556,1.6887613313891043,159,56243.0,0.056829402857452256,159,56243.0,9.620000000000005
23635.0,161,8659.0,39.903225806451616,1.6386399167753096,160,56960.0,0.054485506946613874,160,56960.0,-7.170000000000073
23640.0,162,9191.0,41.96803652968037,1.8055523314456934,162,57631.0,0.05756911523241585,162,57631.0,-6.709999999999923
23645.0,159,9865.0,44.84090909090909,1.98517641507705,159,58312.0,0.0645667581343854,159,58312.0,-6.810000000000059
23650.0,162,10205.0,47.02764976958525,1.9079528681811369,162,58486.0,0.057408142737262934,162,58486.0,-1.740000000000009
23655.0,163,10287.0,47.84651162790698,1.8321870892348802,161,58670.0,0.05183855997120469,161,58670.0,-1.8400000000000318
23660.0,161,10376.0,48.713615023474176,1.8475116480454328,161,59477.0,0.050588225271919494,161,59477.0,-8.069999999999936
23665.0,161,10466.0,49.136150234741784,1.7269394024373108,161,60223.0,0.04822213630527167,161,60223.0,-7.460000000000036
23670.0,164,10535.0,49.0,1.6173965268823685,164,60981.0,0.04292837302936932,164,60981.0,-7.579999999999927
23675.0,166,10679.0,49.669767441860465,1.482773412894058,166,61754.0,0.03607675693999053,166,61754.0,-7.730000000000018
23680.0,172,10510.0,49.11214953271028,1.3245366949492583,172,61849.0,0.02764521646857114,172,61849.0,-0.9500000000000455
23685.0,173,10123.0,47.52582159624413,1.1729530673015822,173,61966.0,0.027180077883281084,173,61966.0,-1.169999999999959
23690.0,170,9723.0,46.08056872037915,1.1530353663284816,170,62070.0,0.03091801607381909,170,62070.0,-1.0400000000000773
23695.0,167,9221.0,43.70142180094787,1.1225203369407384,167,62255.0,0.03427969329721698,167,62255.0,-1.849999999999909
23700.0,164,8643.0,40.7688679245283,1.1996811687958315,164,61776.0,0.034498742033052365,164,61776.0,4.789999999999964
23705.0,161,8052.0,37.9811320754717,1.3193678815299203,161,61293.0,0.04033575729308123,161,61293.0,4.830000000000041
23710.0,159,7482.0,35.29245283018868,1.4274621242535306,159,60251.0,0.04385408405156215,159,60251.0,10.419999999999959
23715.0,158,6958.0,32.976303317535546,1.3986807589649832,158,61035.0,0.04558418712865028,158,61035.0,-7.840000000000032
23720.0,159,6810.0,32.12264150943396,1.356141292714403,159,61747.0,0.04001633624749478,159,61747.0,-7.1200000000000045
23725.0,158,6804.0,31.794392523364486,1.3773439257058147,158,62407.0,0.04054385441107037,158,62407.0,-6.600000000000023
23730.0,163,6828.0,32.056338028169016,1.315081848642291,163,62651.0,0.04264147272279607,163,62651.0,-2.439999999999941
23735.0,164,6837.0,31.8,1.372204932561565,164,62350.0,0.04251678921243532,164,62350.0,3.009999999999991
23740.0,163,6844.0,31.832558139534882,1.502165620896637,163,62069.0,0.04811656835129402,163,62069.0,2.8099999999999454
23745.0,161,6963.0,32.236111111111114,1.57723954280407,161,61284.0,0.049579450496215344,161,61284.0,7.850000000000023
23750.0,161,7541.0,35.074418604651164,1.6886013318079467,161,61042.0,0.05788064264820224,161,61042.0,2.4200000000000728
23755.0,161,8121.0,37.423963133640555,1.8447970175361836,161,60290.0,0.06009921837926827,161,60290.0,7.519999999999982
23760.0,161,8730.0,40.23041474654378,1.9349644325091584,161,59554.0,0.0655144531475765,161,59554.0,7.360000000000014
23765.0,164,9359.0,43.3287037037037,1.7313205056668437,164,60366.0,0.053902990748441876,164,60366.0,-8.120000000000005
23770.0,171,9948.0,46.269767441860466,1.5404274898413037,170,61199.0,0.04678389864834244,170,61199.0,-8.330000000000041
23775.0,169,10576.0,48.73732718894009,1.6285198540975345,169,61954.0,0.04860599901567996,169,61954.0,-7.5499999999999545
23780.0,167,11292.0,52.036866359447004,1.6950303216446114,167,62696.0,0.050195519425477196,167,62696.0,-7.420000000000073
23785.0,166,11549.0,53.22119815668203,1.6604807862242634,166,62836.0,0.05255620076067183,166,62836.0,-1.3999999999999773
23790.0,166,11550.0,53.47222222222222,1.630967929292139,166,62292.0,0.05201666409335694,166,62292.0,5.440000000000055
23795.0,167,11623.0,54.31308411214953,1.570727419255059,167,61768.0,0.053468268865448476,167,61768.0,5.240000000000009
23800.0,168,11713.0,54.73364485981308,1.6613447004061195,168,60595.0,0.056394345257364496,168,60595.0,11.729999999999905
23805.0,169,11803.0,54.89767441860465,1.6177070485562666,169,59551.0,0.05302147397512229,169,59551.0,10.440000000000055
23810.0,170,11763.0,54.458333333333336,1.4844431374712568,170,60395.0,0.04523998158972172,170,60395.0,-8.440000000000055
23815.0,175,11652.0,53.94444444444444,1.3337073902537822,175,61250.0,0.035988216908034026,175,61250.0,-8.549999999999955
23820.0,175,11542.0,53.93457943925234,1.32605396905512,175,61544.0,0.0396981391381445,175,61544.0,-2.9400000000000546
23825.0,174,11379.0,52.925581395348836,1.3057628061947395,174,61826.0,0.037232965896352437,174,61826.0,-2.8199999999999363
23830.0,170,11064.0,51.22222222222222,1.4034200323804318,170,62515.0,0.04246615878102499,170,62515.0,-6.889999999999986
23835.0,168,10670.0,49.1705069124424,1.343644229357937,168,63205.0,0.04006670476459685,168,63205.0,-6.899999999999977
23840.0,164,10329.0,47.81944444444444,1.4665068005236337,164,63765.0,0.05086270121485083,164,63765.0,-5.600000000000023
23845.0,164,10090.0,46.49769585253456,1.3458060103241023,164,64122.0,0.047134656019528424,164,64122.0,-3.57000000000005
23850.0,163,10116.0,46.403669724770644,1.4461961979825346,163,64137.0,0.04699801182361765,163,64137.0,-0.14999999999997726
23855.0,170,10598.0,48.39269406392694,1.4249993289107823,170,64277.0,0.046902158155973574,170,64277.0,-1.3999999999999773
23860.0,176,11115.0,50.75342465753425,1.2983393170688897,176,64148.0,0.039643596293132084,176,64148.0,1.2899999999999636
23865.0,175,11689.0,52.89140271493213,1.457866952295341,175,64080.0,0.04639547226187929,175,64080.0,0.6800000000000637
23870.0,173,12230.0,55.339366515837106,1.4245817991336183,171,64769.0,0.040831925869844014,171,64769.0,-6.8900000000001
23875.0,175,12765.0,57.76018099547511,1.3255326569811259,174,65583.0,0.03768889617876371,174,65583.0,-8.139999999999986
23880.0,172,13338.0,59.81165919282511,1.3865027317975978,172,66396.0,0.03843443434015527,172,66396.0,-8.129999999999995
23885.0,169,13920.0,62.7027027027027,1.3931248391907303,169,66931.0,0.04226847601340036,169,66931.0,-5.349999999999909
23890.0,172,14655.0,65.71748878923766,1.4701964205635107,172,67390.0,0.04934938068386993,172,67390.0,-4.590000000000032
23895.0,172,15173.0,67.43555555555555,1.4141498638556256,172,67569.0,0.042029323798332734,172,67569.0,-1.7900000000000773
23900.0,174,15547.0,69.40625,1.4863863097720724,174,67140.0,0.045613050562118236,174,67140.0,4.290000000000077
23905.0,174,15922.0,71.72072072072072,1.4843197132780908,174,66748.0,0.04560825872861379,174,66748.0,3.919999999999959
23910.0,173,16270.0,73.61990950226244,1.4940215119021,173,67454.0,0.041575737498192385,173,67454.0,-7.059999999999945
23915.0,174,16647.0,75.66818181818182,1.4191506404729863,174,68078.0,0.04113822008034276,174,68078.0,-6.240000000000009
23920.0,175,17027.0,76.6981981981982,1.4831581463413566,175,68723.0,0.04425334295600052,175,68723.0,-6.4500000000000455
23925.0,176,16750.0,75.7918552036199,1.280154533857251,175,68674.0,0.03312125971371142,175,68674.0,0.4900000000000091
23930.0,179,16057.0,72.65610859728507,1.2191645061140113,179,69512.0,0.03012559856963284,179,69512.0,-8.379999999999995
23935.0,179,15368.0,68.91479820627802,1.2496335580419216,179,68630.0,0.029435949040255222,179,68630.0,8.82000000000005
23940.0,178,14673.0,65.79820627802691,1.290383522068355,178,66894.0,0.035005518333207884,178,66894.0,17.3599999999999
23945.0,174,13857.0,62.139013452914796,1.2495867970552537,174,67130.0,0.03184445351921164,174,67130.0,-2.3599999999999
23950.0,172,12966.0,58.66968325791855,1.223667646876696,172,67373.0,0.035420367164117124,172,67373.0,-2.4300000000000637
23955.0,171,12111.0,54.309417040358746,1.2606190278962923,171,67610.0,0.034427607709509186,171,67610.0,-2.3700000000000045
23960.0,167,11351.0,51.130630630630634,1.385836574369083,167,67226.0,0.041635057743228045,167,67226.0,3.840000000000032
23965.0,168,10723.0,48.3018018018018,1.3117849394264138,168,67936.0,0.03623043862606275,168,67936.0,-7.100000000000023
23970.0,168,10017.0,45.12162162162162,1.3018820975267602,168,68546.0,0.03841150115759956,168,68546.0,-6.100000000000023
23975.0,165,9300.0,41.517857142857146,1.4615302432869053,165,69159.0,0.04364015046868723,165,69159.0,-6.1299999999999955
23980.0,164,8594.0,38.36607142857143,1.4665300666532153,163,69066.0,0.03967535438469204,163,69066.0,0.9300000000000637
23985.0,166,7895.0,35.723981900452486,1.3164731677404466,166,69853.0,0.03600651220604855,166,69853.0,-7.8700000000000045
23990.0,167,7429.0,33.768181818181816,1.3472788137962204,167,68920.0,0.03889235504324595,167,68920.0,9.329999999999927
23995.0,166,7887.0,35.85,1.4040441042305727,166,67139.0,0.044094512512860264,166,67139.0,17.81000000000006
24000.0,166,8288.0,37.502262443438916,1.3897229262019506,166,67857.0,0.03847499163135326,166,67857.0,-7.180000000000064
24005.0,165,8653.0,39.51141552511415,1.2629192513623786,165,68515.0,0.03817833847293187,165,68515.0,-6.579999999999927
24010.0,163,9065.0,41.20454545454545,1.4859370399796383,163,69177.0,0.04489533333020732,163,69177.0,-6.6200000000000045
24015.0,168,9532.0,42.55357142857143,1.4191867868092984,168,69334.0,0.03677501827745582,168,69334.0,-1.57000000000005
24020.0,174,9954.0,44.83783783783784,1.344461901550853,174,68866.0,0.035034534836924355,174,68866.0,4.680000000000064
24025.0,178,10401.0,46.64125560538117,1.291909764537065,178,68429.0,0.034076315566701404,178,68429.0,4.3700000000000045
24030.0,175,10849.0,48.65022421524664,1.4289409516295863,175,67363.0,0.039124838905341054,175,67363.0,10.659999999999968
24035.0,172,11283.0,50.82432432432432,1.5257769052882937,172,66307.0,0.04572918059064626,172,66307.0,10.559999999999945
24040.0,169,11197.0,50.43693693693694,1.5520965932666444,169,67158.0,0.04590549638949188,169,67158.0,-8.509999999999991
24045.0,170,10829.0,48.56053811659193,1.5525863522636922,170,67996.0,0.04061968442321671,170,67996.0,-8.379999999999995
24050.0,174,10580.0,47.873303167420815,1.5341937345593983,174,68360.0,0.04208054994120036,174,68360.0,-3.6399999999999864
24055.0,174,10295.0,46.58371040723982,1.4776062862756327,174,68731.0,0.03719463707898306,174,68731.0,-3.7099999999999227
24060.0,173,9878.0,45.31192660550459,1.375848632242929,173,69456.0,0.03850963504419124,173,69456.0,-7.25
24065.0,171,9357.0,42.53181818181818,1.396705099257502,171,70177.0,0.03822857729783975,171,70177.0,-7.210000000000036
24070.0,169,8836.0,40.163636363636364,1.512295219634695,169,70773.0,0.04744629958432507,169,70773.0,-5.960000000000036
24075.0,168,8244.0,37.99078341013825,1.3066812237769725,168,70703.0,0.04359880640532829,168,70703.0,0.7000000000000455
24080.0,168,7611.0,35.07373271889401,1.3704048364752228,168,70644.0,0.042154440637624024,168,70644.0,0.5899999999999181
24085.0,172,7190.0,33.133640552995395,1.280443778291758,172,69744.0,0.0371311620753771,172,69744.0,9.0
24090.0,174,6633.0,30.566820276497698,1.1463676797781062,174,69906.0,0.03311169992861262,174,69906.0,-1.6199999999998909
24095.0,173,5984.0,27.703703703703702,0.9413444327494122,173,70062.0,0.027347975015812147,173,70062.0,-1.5600000000000591
24100.0,171,5374.0,24.764976958525345,1.1164671576562624,171,70247.0,0.034326022411167285,171,70247.0,-1.8500000000000227
24105.0,169,4847.0,22.23394495412844,1.09454426232563,169,70933.0,0.0348185464096616,169,70933.0,-6.860000000000014
24110.0,168,4851.0,22.15068493150685,1.1375993184370192,168,71521.0,0.03631447281322418,168,71521.0,-5.8799999999999955
24115.0,164,4841.0,22.004545454545454,1.2345592808569623,164,72118.0,0.039032876205178556,164,72118.0,-5.969999999999914
24120.0,167,4872.0,21.945945945945947,1.2582325374396703,166,72032.0,0.036719101541067015,166,72032.0,0.8599999999999
24125.0,174,4948.0,22.18834080717489,1.1398056507720804,174,72849.0,0.030016315002173197,174,72849.0,-8.169999999999959
24130.0,175,5038.0,22.693693693693692,1.1637568951932595,175,71960.0,0.030330706163486095,175,71960.0,8.889999999999986
24135.0,172,5031.0,22.66216216216216,1.1076600723695686,172,72132.0,0.02787690585211324,172,72132.0,-1.7200000000000273
24140.0,168,5043.0,22.716216216216218,1.239355225549714,168,72301.0,0.03184999699020482,168,72301.0,-1.6899999999999409
24145.0,169,5325.0,23.986486486486488,1.239520074481773,169,71797.0,0.0327536526006164,169,71797.0,5.039999999999964
24150.0,169,5570.0,25.20361990950226,1.1685080466469875,169,72506.0,0.03260522200782792,169,72506.0,-7.089999999999918
24155.0,169,5820.0,26.216216216216218,1.151291130403929,169,73104.0,0.034677181837416346,169,73104.0,-5.980000000000018
24160.0,169,6196.0,27.7847533632287,1.343311329739382,169,73722.0,0.04019724249248856,169,73722.0,-6.180000000000064
24165.0,173,6585.0,29.79638009049774,1.1139083473903006,172,73656.0,0.031582861083596786,172,73656.0,0.6600000000000819
24170.0,174,6977.0,31.42792792792793,1.1555699074756522,174,74479.0,0.028891503298650367,174,74479.0,-8.230000000000018
24175.0,175,7375.0,33.22072072072072,1.1522218630085723,175,73588.0,0.02947045035871723,175,73588.0,8.909999999999968
24180.0,172,7404.0,33.654545454545456,1.1138432749325633,172,73842.0,0.030996405657417465,172,73842.0,-2.5399999999999636
24185.0,169,7211.0,32.6289592760181,1.219014888569891,169,73507.0,0.03338866541002733,169,73507.0,3.349999999999909
24190.0,168,7124.0,32.38181818181818,1.333756698709308,168,73191.0,0.04226025690314469,168,73191.0,3.160000000000082
24195.0,168,7040.0,32.0,1.3126409530537977,168,72305.0,0.04040024044076728,168,72305.0,8.860000000000014
24200.0,166,6990.0,31.6289592760181,1.5526077536965157,166,71417.0,0.05045375510106514,166,71417.0,8.879999999999995
24205.0,168,7062.0,31.95475113122172,1.4712914905156045,168,70548.0,0.04471837281403557,168,70548.0,8.68999999999994
24210.0,170,7003.0,31.831818181818182,1.3386082423260013,169,71342.0,0.04181113143904338,169,71342.0,-7.939999999999941
24215.0,174,6867.0,30.93243243243243,1.286903737851557,174,72147.0,0.04135251025432529,174,72147.0,-8.050000000000068
24220.0,175,6745.0,30.520361990950228,1.2997577751077256,175,72965.0,0.04016496652867427,175,72965.0,-8.17999999999995
24225.0,171,6683.0,30.103603603603602,1.3889935309995542,170,73509.0,0.042093203723205075,170,73509.0,-5.440000000000055
24230.0,169,6739.0,30.493212669683256,1.427600537396855,169,74302.0,0.04427461665597402,169,74302.0,-7.92999999999995
24235.0,169,6737.0,30.62272727272727,1.3500708252915719,169,74224.0,0.04230225774445011,169,74224.0,0.7799999999999727
24240.0,169,6645.0,30.06787330316742,1.3918667877255027,169,73269.0,0.0462418376938275,169,73269.0,9.549999999999955
24245.0,172,6727.0,30.16591928251121,1.3666486910582818,171,73222.0,0.04572253715393386,171,73222.0,0.4700000000000273
24250.0,174,7265.0,32.57847533632287,1.3736282399068085,174,73912.0,0.03847979617506021,174,73912.0,-6.899999999999977
24255.0,175,7773.0,34.856502242152466,1.2985611727075497,175,74511.0,0.038500228878376834,175,74511.0,-5.990000000000009
24260.0,174,8283.0,37.47963800904977,1.216951342093436,174,75120.0,0.03639082771152815,174,75120.0,-6.090000000000032
24265.0,172,8788.0,39.76470588235294,1.3331698306726663,172,75670.0,0.04132367027555875,172,75670.0,-5.5
24270.0,171,9341.0,42.45909090909091,1.3777202848238712,171,76265.0,0.042761980343166014,171,76265.0,-5.949999999999932
24275.0,175,9726.0,43.810810810810814,1.2366207736711359,174,76482.0,0.03703700598263564,174,76482.0,-2.1700000000000728
24280.0,174,9983.0,44.766816143497756,1.227872828569197,173,76090.0,0.0356194759983858,173,76090.0,3.9200000000000728
24285.0,173,10246.0,45.53777777777778,1.3745549473115377,173,75706.0,0.03722977730113914,173,75706.0,3.840000000000032
24290.0,171,10500.0,46.666666666666664,1.5484804434482835,171,74723.0,0.03811391293158031,171,74723.0,9.829999999999927
24295.0,169,10684.0,47.91031390134529,1.4585131247961731,169,75539.0,0.038557236075229186,169,75539.0,-8.159999999999968
24300.0,169,10880.0,48.355555555555554,1.5198689206509284,169,76266.0,0.035190250300729455,169,76266.0,-7.269999999999982
24305.0,171,11331.0,49.91629955947136,1.5115085174677056,171,76938.0,0.033173134540678766,171,76938.0,-6.720000000000027
24310.0,175,11383.0,50.36725663716814,1.4687707080955938,175,76946.0,0.03659562482770508,175,76946.0,-0.08000000000004093
24315.0,179,11142.0,49.08370044052864,1.4270084145479627,179,76155.0,0.03461274299743355,179,76155.0,7.910000000000082
24320.0,179,10921.0,48.754464285714285,1.5105544934905804,179,75384.0,0.03960602135159093,179,75384.0,7.709999999999923
24325.0,174,10681.0,47.683035714285715,1.6040229161790909,174,74509.0,0.0401662963170385,174,74509.0,8.75
24330.0,170,10454.0,47.30316742081448,1.7213607028433353,170,73647.0,0.04951298392061563,170,73647.0,8.620000000000005
24335.0,165,10259.0,47.059633027522935,1.668371667351622,165,72795.0,0.053367829173004644,165,72795.0,8.519999999999982
24340.0,162,10125.0,46.875,1.7398149138503034,162,72488.0,0.05941069648436893,162,72488.0,3.07000000000005
24345.0,167,9995.0,46.05990783410138,1.6226801665334771,167,73281.0,0.052485730770417856,167,73281.0,-7.92999999999995
24350.0,170,9772.0,45.24074074074074,1.4948090090899546,170,73439.0,0.04567982887973418,170,73439.0,-1.580000000000041
24355.0,171,9538.0,43.953917050691246,1.4392524016188368,170,74248.0,0.04333162472664415,170,74248.0,-8.090000000000032
24360.0,166,9237.0,42.566820276497694,1.47468725750541,166,74503.0,0.04561838643585108,166,74503.0,-2.5499999999999545
24365.0,163,8890.0,40.96774193548387,1.5231129192269743,163,74179.0,0.050275706541373893,163,74179.0,3.240000000000009
24370.0,162,8532.0,39.137614678899084,1.6381098393832612,162,73859.0,0.05459342490891796,162,73859.0,3.199999999999932
24375.0,159,8136.0,37.15068493150685,1.6411921620902414,159,74499.0,0.05235231809065915,159,74499.0,-6.399999999999977
24380.0,159,8241.0,37.63013698630137,1.6905119879938897,159,75069.0,0.05263836538857517,159,75069.0,-5.7000000000000455
24385.0,161,8372.0,38.22831050228311,1.6655172850267315,161,75660.0,0.05298544146018959,161,75660.0,-5.909999999999968
24390.0,160,8598.0,39.440366972477065,1.5215281413957347,160,75761.0,0.04340609132257892,160,75761.0,-1.009999999999991
24395.0,163,8893.0,40.793577981651374,1.5498843805400249,163,75180.0,0.03933235520108899,163,75180.0,5.810000000000059
24400.0,164,9195.0,42.56944444444444,1.523905517167097,164,74824.0,0.044229690413626545,164,74824.0,3.5599999999999454
24405.0,164,9520.0,43.669724770642205,1.5765436764042309,164,74018.0,0.04304652650897379,164,74018.0,8.06000000000006
24410.0,162,9859.0,45.018264840182646,1.7131338765137165,162,74816.0,0.04808224432349026,162,74816.0,-7.980000000000018
24415.0,161,10348.0,47.25114155251141,1.5664307713713719,161,75500.0,0.0401283615118445,161,75500.0,-6.840000000000032
24420.0,164,10890.0,49.5,1.6284495903938179,164,76074.0,0.04356223946967965,164,76074.0,-5.740000000000009
24425.0,169,11003.0,50.242009132420094,1.4258905883843644,169,75972.0,0.03932213137230095,169,75972.0,1.0199999999999818
24430.0,171,10842.0,49.73394495412844,1.3205643932596087,171,75876.0,0.035067492679940325,171,75876.0,0.9600000000000364
24435.0,172,10691.0,49.04128440366973,1.3138842325259086,172,75791.0,0.03600915515523169,172,75791.0,0.8500000000000227
24440.0,172,10348.0,47.25114155251141,1.2958353418053203,172,75981.0,0.03673317913011388,172,75981.0,-1.8999999999999773
24445.0,169,9860.0,45.02283105022831,1.2337707649293566,169,76153.0,0.03529578541117351,169,76153.0,-1.7200000000000273
24450.0,165,9358.0,43.12442396313364,1.3001280766053998,165,75700.0,0.04191877549924688,165,75700.0,4.529999999999973
24455.0,163,8781.0,40.0958904109589,1.3130930604356144,163,76300.0,0.04494801863163048,163,76300.0,-6.0
24460.0,167,8271.0,37.25675675675676,1.353344533281817,167,76797.0,0.04304820327493816,167,76797.0,-4.970000000000027
24465.0,170,7775.0,35.02252252252252,1.2806901503251944,170,77328.0,0.03929864100056262,170,77328.0,-5.309999999999945
24470.0,166,7232.0,32.872727272727275,1.2179493970634325,166,77208.0,0.0385265691052871,166,77208.0,1.1999999999999318
24475.0,168,6726.0,30.43438914027149,1.1495973557342676,168,77111.0,0.03298910502095644,168,77111.0,0.9700000000000273
24480.0,170,6228.0,28.054054054054053,1.2040803102734468,170,77039.0,0.03355543801038151,170,77039.0,0.7200000000000273
24485.0,169,5730.0,25.81081081081081,1.2155577882898247,169,75232.0,0.035045503852710595,169,75232.0,18.069999999999936
24490.0,167,5152.0,23.103139013452914,1.2949144488440232,167,75423.0,0.03884203539592528,167,75423.0,-1.9099999999999682
24495.0,167,5108.0,22.905829596412556,1.2970962350486446,167,75008.0,0.036643784147933,167,75008.0,4.149999999999977
24500.0,167,5132.0,22.910714285714285,1.4924884815517458,167,74570.0,0.0434412937251276,167,74570.0,4.3799999999999955
24505.0,167,5131.0,22.804444444444446,1.4669349493180033,167,75198.0,0.0373377935015407,167,75198.0,-6.279999999999973
24510.0,167,5231.0,23.24888888888889,1.5138008202383242,167,75837.0,0.037424580340155444,167,75837.0,-6.389999999999986
24515.0,169,5334.0,23.919282511210763,1.3799616837161153,169,76380.0,0.03980985082738177,169,76380.0,-5.42999999999995
24520.0,166,5408.0,24.36036036036036,1.3409263118937043,166,76268.0,0.03901557129702378,166,76268.0,1.1200000000000045
24525.0,169,5536.0,24.82511210762332,1.2893075135786243,169,76163.0,0.0355962636691406,169,76163.0,1.0499999999999545
24530.0,169,5666.0,25.638009049773757,1.3035550626724284,169,76089.0,0.03787160388072492,169,76089.0,0.7400000000000091
24535.0,166,5820.0,26.216216216216218,1.481133075625466,166,74299.0,0.04643005941287798,166,74299.0,17.899999999999977
24540.0,165,6026.0,27.266968325791854,1.4405074542889016,165,74995.0,0.042878847591873416,165,74995.0,-6.960000000000036
24545.0,166,6192.0,28.145454545454545,1.3428618840563926,166,75595.0,0.04063241311627507,166,75595.0,-6.0
24550.0,165,6385.0,29.15525114155251,1.428968062025705,165,76200.0,0.04599138238609716,165,76200.0,-6.0499999999999545
24555.0,163,6563.0,29.69683257918552,1.4569901997456374,163,76310.0,0.04165878764048658,163,76310.0,-1.1000000000000227
24560.0,170,6992.0,31.638009049773757,1.3968085882221781,170,75788.0,0.040254128553891426,170,75788.0,5.220000000000027
24565.0,177,7456.0,33.285714285714285,1.3634217471791676,177,75295.0,0.0375345075318331,177,75295.0,4.92999999999995
24570.0,174,7881.0,35.5,1.2871132911907008,174,75995.0,0.034776795217840877,174,75995.0,-7.0
24575.0,172,8262.0,37.04932735426009,1.282270578305779,172,76709.0,0.03238668344664994,172,76709.0,-7.139999999999986
24580.0,168,8634.0,38.71748878923767,1.469318270447622,168,77366.0,0.040114496764449226,168,77366.0,-6.569999999999936
24585.0,169,8977.0,40.43693693693694,1.3656760032187798,168,77302.0,0.03803193515121216,168,77302.0,0.6399999999999864
24590.0,175,9361.0,42.166666666666664,1.31656693591835,175,78127.0,0.03359097845023112,175,78127.0,-8.25
24595.0,178,9763.0,43.97747747747748,1.2309367868119336,178,77199.0,0.029802657351240335,178,77199.0,9.279999999999973
24600.0,180,10125.0,45.608108108108105,1.1718565297578771,180,77949.0,0.03232291967904106,180,77949.0,-7.5
24605.0,177,10446.0,47.26696832579186,1.1001759221938503,177,78635.0,0.03312453224103808,177,78635.0,-6.860000000000014
24610.0,174,10758.0,48.678733031674206,1.2928538578540811,174,79339.0,0.04141396533149566,174,79339.0,-7.039999999999964
24615.0,174,10659.0,48.013513513513516,1.2561571670132343,174,79409.0,0.033100066533409606,174,79409.0,-0.7000000000000455
24620.0,175,10318.0,47.114155251141554,1.200686758898452,175,78714.0,0.03308274192061475,175,78714.0,6.9500000000000455
24625.0,177,10167.0,46.21363636363636,1.3032735310968662,177,78223.0,0.037654793540808175,177,78223.0,4.909999999999968
24630.0,178,10019.0,45.54090909090909,1.312173302016488,178,77091.0,0.03622735588023825,178,77091.0,11.32000000000005
24635.0,175,9860.0,44.61538461538461,1.388745721072499,175,75956.0,0.04059339007911744,175,75956.0,11.350000000000023
24640.0,172,9690.0,43.648648648648646,1.5529271402417986,172,74829.0,0.04765638445872823,172,74829.0,11.269999999999982
24645.0,167,9278.0,42.36529680365297,1.338513120088312,167,75577.0,0.04156578756653106,167,75577.0,-7.480000000000018
24650.0,169,8772.0,40.054794520547944,1.4404751630283357,169,76320.0,0.04554695262212197,169,76320.0,-7.430000000000064
24655.0,171,8412.0,38.236363636363635,1.4080327269895474,171,76347.0,0.040070628585228786,171,76347.0,-0.2699999999999818
24660.0,169,7862.0,35.574660633484164,1.4638634453218016,169,76217.0,0.03976238105898545,169,76217.0,1.3000000000000682
24665.0,165,7175.0,32.61363636363637,1.4779707613073916,165,75205.0,0.04611676960524209,165,75205.0,10.120000000000005
24670.0,163,6479.0,29.58447488584475,1.674916169480516,163,74200.0,0.05506985115172215,163,74200.0,10.049999999999955
24675.0,159,5581.0,25.60091743119266,1.6080137536922339,159,74815.0,0.05040167663180976,159,74815.0,-6.149999999999977
24680.0,155,4712.0,21.814814814814813,1.7154455530529904,155,75332.0,0.05539060687395732,155,75332.0,-5.170000000000073
24685.0,156,4506.0,20.764976958525345,1.7568661144311883,156,75850.0,0.05781658214228914,156,75850.0,-5.17999999999995
24690.0,158,4415.0,20.34562211981567,1.6114858459847725,158,75808.0,0.04764995646247463,158,75808.0,0.4199999999999591
24695.0,162,4360.0,20.092165898617512,1.4274448515004998,162,75047.0,0.03733008418610238,162,75047.0,7.610000000000014
24700.0,164,4322.0,19.91705069124424,1.517052900884851,164,74307.0,0.04201868265297759,164,74307.0,7.399999999999977
24705.0,160,4278.0,19.805555555555557,1.4994365741047413,160,72835.0,0.04327172455761254,160,72835.0,14.720000000000027
24710.0,160,4318.0,19.807339449541285,1.7590747351266371,160,71387.0,0.05384208815826702,160,71387.0,14.480000000000018
24715.0,158,4556.0,20.89908256880734,1.6153293205298889,157,71996.0,0.044525949239575285,157,71996.0,-6.090000000000032
24720.0,161,4751.0,21.89400921658986,1.5640285421713098,161,72718.0,0.04394453854940379,161,72718.0,-7.219999999999914
24725.0,163,5028.0,23.170506912442395,1.4516601632632284,163,73458.0,0.04292103107536758,163,73458.0,-7.400000000000091
24730.0,171,5624.0,25.680365296803654,1.417833164800576,171,73494.0,0.03765983751916276,171,73494.0,-0.36000000000001364
24735.0,172,6246.0,28.00896860986547,1.4436216198372782,172,72889.0,0.039870157050478375,172,72889.0,6.050000000000068
24740.0,174,6904.0,30.821428571428573,1.5804609257458817,174,72322.0,0.045362912398111806,174,72322.0,5.669999999999959
24745.0,173,7566.0,33.776785714285715,1.6173351627726973,173,71084.0,0.045982067438941406,173,71084.0,12.379999999999995
24750.0,169,7991.0,36.48858447488585,1.5214920163105254,169,71022.0,0.04897681302195275,169,71022.0,0.6200000000000045
24755.0,166,8271.0,38.115207373271886,1.4935980394594723,166,70042.0,0.05285064439521829,166,70042.0,9.800000000000068
24760.0,166,8656.0,39.88940092165899,1.5947755423963468,166,69065.0,0.055039326751613445,166,69065.0,9.769999999999982
24765.0,168,9044.0,41.10909090909091,1.6250675204942695,168,67238.0,0.050697692059810825,168,67238.0,18.269999999999982
24770.0,166,9307.0,42.49771689497717,1.550732041585083,166,67868.0,0.04709834410717202,166,67868.0,-6.2999999999999545
24775.0,164,9475.0,43.2648401826484,1.5618958250293347,164,68363.0,0.05052570653059686,164,68363.0,-4.9500000000000455
24780.0,160,9627.0,43.75909090909091,1.7542745830862616,160,68871.0,0.05935031079984648,160,68871.0,-5.080000000000041
24785.0,159,9785.0,44.07657657657658,1.882089384280722,159,69277.0,0.059675248753248346,159,69277.0,-4.059999999999945
24790.0,157,10133.0,45.64414414414414,1.9847031117746785,157,69750.0,0.06524134951493571,157,69750.0,-4.730000000000018
24795.0,164,10560.0,47.567567567567565,1.9461726141837958,164,70363.0,0.06282667716637638,164,70363.0,-6.1299999999999955
24800.0,167,11008.0,50.03636363636364,1.6676117376894068,167,70983.0,0.05415769318246456,167,70983.0,-6.2000000000000455
24805.0,171,11314.0,50.96396396396396,1.4370415274620658,171,70999.0,0.03987020254909421,171,70999.0,-0.15999999999996817
24810.0,172,11521.0,52.13122171945702,1.4254836036527636,172,70322.0,0.0385059233370896,172,70322.0,6.769999999999982
24815.0,169,11814.0,53.7,1.540005819339841,168,69790.0,0.0460351155917283,168,69790.0,5.32000000000005
24820.0,172,12342.0,55.84615384615385,1.3826907352269082,170,70543.0,0.03787786765765265,170,70543.0,-7.529999999999973
24825.0,179,12892.0,58.072072072072075,1.2348590605452423,178,71366.0,0.029755756235680747,178,71366.0,-8.230000000000018
24830.0,179,13481.0,60.183035714285715,1.3554591419164943,179,72171.0,0.028756482000508135,179,72171.0,-8.050000000000068
24835.0,178,13883.0,61.158590308370044,1.4702071251855333,178,72132.0,0.03110500783952994,178,72132.0,0.38999999999998636
24840.0,183,14191.0,62.79203539823009,1.3942230981156836,183,72986.0,0.027464159469845307,183,72986.0,-8.539999999999964
24845.0,181,14487.0,63.819383259911895,1.4091192784529412,181,72134.0,0.030976036614778994,181,72134.0,8.519999999999982
24850.0,177,14723.0,65.72767857142857,1.3676509540315263,177,72942.0,0.02838936255281638,177,72942.0,-8.079999999999927
24855.0,172,14917.0,66.89237668161435,1.4198613631722932,172,73707.0,0.03419776232867882,172,73707.0,-7.650000000000091
24860.0,172,15169.0,68.63800904977376,1.4906115463285474,172,74474.0,0.037941550242675696,172,74474.0,-7.669999999999959
24865.0,173,15429.0,70.77522935779817,1.2326226070005215,172,74448.0,0.028117163426619952,172,74448.0,0.2599999999999909
24870.0,172,15747.0,72.90277777777777,1.2165514644862734,172,75275.0,0.02720800875925185,172,75275.0,-8.269999999999982
24875.0,172,16192.0,75.31162790697674,1.1606562606233948,172,74413.0,0.029245742199425145,172,74413.0,8.620000000000005
24880.0,173,16640.0,77.3953488372093,1.1557651617303137,173,72725.0,0.03224929578499701,173,72725.0,16.879999999999995
24885.0,169,16358.0,76.08372093023256,1.117996623544956,169,72764.0,0.031541158927271,169,72764.0,-0.38999999999998636
24890.0,168,15588.0,72.16666666666667,1.2108277466258264,168,72810.0,0.032916239871412914,168,72810.0,-0.4600000000000364
24895.0,164,14827.0,68.64351851851852,1.2430162616375076,164,72835.0,0.03355308024779687,164,72835.0,-0.25
24900.0,161,14138.0,65.45370370370371,1.3858474459112575,161,72038.0,0.04159775665640137,161,72038.0,7.970000000000027
24905.0,160,13532.0,62.648148148148145,1.3227029335649907,160,72777.0,0.038609320367482686,160,72777.0,-7.389999999999986
24910.0,160,12904.0,60.299065420560744,1.3137640327242486,160,73473.0,0.04304114279351656,160,73473.0,-6.960000000000036
24915.0,163,12428.0,57.8046511627907,1.3714892643011838,163,74195.0,0.04373633583154056,163,74195.0,-7.220000000000027
24920.0,164,11863.0,55.43457943925234,1.2885373234415631,164,74171.0,0.03877031887329477,164,74171.0,0.2400000000000091
24925.0,162,11223.0,52.44392523364486,1.2833307212465952,162,74213.0,0.03514820553520782,162,74213.0,-0.4199999999999591
24930.0,159,10578.0,49.89622641509434,1.307443587873136,159,74254.0,0.04123748971998806,159,74254.0,-0.40999999999996817
24935.0,159,9640.0,45.046728971962615,1.333161215816586,159,74351.0,0.03958920486091534,159,74351.0,-0.9700000000000273
24940.0,159,8510.0,39.58139534883721,1.364954978060709,159,73999.0,0.03773761236002103,159,73999.0,3.519999999999982
24945.0,157,7437.0,34.75233644859813,1.4425045591170547,157,73653.0,0.04386253675367258,157,73653.0,3.4600000000000364
24950.0,156,6604.0,30.71627906976744,1.597479154702471,156,72746.0,0.0452927758029527,156,72746.0,9.069999999999936
24955.0,158,6629.0,30.269406392694062,1.7409098207478624,158,71863.0,0.052262057741741065,158,71863.0,8.830000000000041
24960.0,159,6590.0,30.368663594470046,1.6108638658872443,159,71867.0,0.04341642581019875,159,71867.0,-0.03999999999996362
24965.0,159,6500.0,30.09259259259259,1.5634056817340498,159,71090.0,0.047403389372664514,159,71090.0,7.769999999999982
24970.0,157,6406.0,29.795348837209303,1.734318777749991,157,70333.0,0.05794983069540443,157,70333.0,7.569999999999936
24975.0,154,6086.0,28.439252336448597,1.627064562231758,154,70264.0,0.05125968205724187,154,70264.0,0.6900000000000546
24980.0,151,5617.0,26.247663551401867,1.7710145800670565,151,70189.0,0.052687063907389926,151,70189.0,0.75
24985.0,147,5184.0,24.338028169014084,1.8173563089019455,147,69245.0,0.05798374578764382,147,69245.0,9.43999999999994
24990.0,148,4652.0,21.738317757009344,1.8577407118322269,148,69887.0,0.0573045123025185,148,69887.0,-6.419999999999959
24995.0,148,4027.0,18.906103286384976,1.8171693527674997,148,70454.0,0.054806679665109805,148,70454.0,-5.669999999999959
25000.0,147,3735.0,17.617924528301888,1.9185219960243345,147,71046.0,0.06250528288891817,147,71046.0,-5.920000000000073
25005.0,153,4005.0,18.891509433962263,1.8498321065612762,153,71635.0,0.05806124513091392,153,71635.0,-5.889999999999986
25010.0,160,4196.0,19.60747663551402,1.6882978387616552,160,71626.0,0.04876905673028115,160,71626.0,0.09000000000003183
25015.0,162,4338.0,20.462264150943398,1.3970639184700704,162,72435.0,0.03777750296454859,162,72435.0,-8.090000000000032
25020.0,160,4471.0,21.18957345971564,1.4830340560128008,160,71662.0,0.03926194692218206,160,71662.0,7.730000000000018
25025.0,157,4574.0,21.57547169811321,1.5173117205136877,157,72391.0,0.03958824194609655,157,72391.0,-7.289999999999964
25030.0,160,4768.0,22.49056603773585,1.4416989845134613,160,73104.0,0.04021430229033823,160,73104.0,-7.1299999999999955
25035.0,165,5040.0,23.55140186915888,1.403071456523157,165,73864.0,0.03922602253883138,165,73864.0,-7.600000000000023
25040.0,168,5261.0,24.58411214953271,1.2309949169256882,168,73808.0,0.028292784022163727,168,73808.0,0.5599999999999454
25045.0,173,5675.0,26.27314814814815,1.215711234829877,173,72972.0,0.030131732007812106,173,72972.0,8.360000000000014
25050.0,176,6110.0,28.41860465116279,1.2019060612324144,176,72178.0,0.033194896288122236,176,72178.0,7.940000000000055
25055.0,173,6538.0,30.129032258064516,1.3096462433378917,173,70558.0,0.03603917449636375,173,70558.0,16.199999999999932
25060.0,169,6844.0,31.53917050691244,1.3443707241118843,169,70587.0,0.036532973962209336,169,70587.0,-0.2899999999999636
25065.0,166,7068.0,32.57142857142857,1.4395635009159724,166,69850.0,0.041871194605578414,166,69850.0,7.3700000000000045
25070.0,162,7270.0,33.50230414746544,1.5994794064161326,162,69157.0,0.046526586059919474,162,69157.0,6.92999999999995
25075.0,158,7460.0,34.69767441860465,1.6002499668310501,158,69111.0,0.04859676730590349,158,69111.0,0.4600000000000364
25080.0,159,7736.0,35.81481481481482,1.6012302481820848,159,69062.0,0.04294675605966978,159,69062.0,0.4900000000000091
25085.0,158,8016.0,37.45794392523364,1.5244824045168608,158,69010.0,0.04507001831462328,158,69010.0,0.5199999999999818
25090.0,158,8254.0,38.570093457943926,1.499777627415959,158,69035.0,0.04423496641682664,158,69035.0,-0.25
25095.0,154,8449.0,39.481308411214954,1.5225508842003608,154,68342.0,0.046417918129709045,154,68342.0,6.930000000000064
25100.0,150,8624.0,40.872037914691944,1.628870232114333,150,67658.0,0.05665741718355858,150,67658.0,6.839999999999918
25105.0,146,8422.0,39.72641509433962,1.6914964967077597,146,67698.0,0.055824941758630287,146,67698.0,-0.39999999999997726
25110.0,147,8104.0,38.22641509433962,1.688903717084341,147,67047.0,0.0554431991873018,147,67047.0,6.509999999999991
25115.0,149,7790.0,36.23255813953488,1.6905137580991836,149,66435.0,0.052567378202228336,149,66435.0,6.1200000000000045
25120.0,145,7471.0,35.075117370892016,1.7892650969587691,145,65219.0,0.05749361381621915,145,65219.0,12.159999999999968
25125.0,145,6923.0,32.81042654028436,1.6968191584693169,145,65937.0,0.05627407990858545,145,65937.0,-7.17999999999995
25130.0,147,6426.0,30.454976303317537,1.610717348932328,147,66563.0,0.05118918784032177,147,66563.0,-6.259999999999991
25135.0,151,6173.0,28.578703703703702,1.588728474210068,151,67111.0,0.05006930851999865,151,67111.0,-5.480000000000018
25140.0,151,6103.0,28.12442396313364,1.744769230342704,151,67686.0,0.05647410987291211,151,67686.0,-5.75
25145.0,157,6077.0,27.748858447488583,1.7184296289583665,157,68269.0,0.05331270913565768,157,68269.0,-5.830000000000041
25150.0,164,5907.0,27.34722222222222,1.5041860117349752,164,68195.0,0.04439004074028761,164,68195.0,0.7400000000000091
25155.0,166,5668.0,26.119815668202765,1.5178254486882001,166,67275.0,0.04391284308976937,166,67275.0,9.200000000000045
25160.0,167,5481.0,25.493023255813952,1.5066368451344092,167,66402.0,0.048587624599850575,167,66402.0,8.730000000000018
25165.0,167,5313.0,24.711627906976744,1.441214049400359,167,67176.0,0.039697622785281814,167,67176.0,-7.740000000000009
25170.0,164,5279.0,24.439814814814813,1.6049680939659683,164,67907.0,0.04518248792342211,164,67907.0,-7.310000000000059
25175.0,169,5802.0,26.61467889908257,1.657938853101585,169,68675.0,0.04393221788041523,169,68675.0,-7.67999999999995
25180.0,178,6140.0,28.165137614678898,1.3469084408624885,177,68764.0,0.02728052137791407,177,68764.0,-0.8899999999999864
25185.0,178,6347.0,29.11467889908257,1.307568928584751,178,69662.0,0.026848533041481926,178,69662.0,-8.980000000000018
25190.0,175,6537.0,29.986238532110093,1.384438829256737,175,69030.0,0.030724056120233247,175,69030.0,6.32000000000005
25195.0,172,6714.0,30.94009216589862,1.3285367629452387,172,67719.0,0.0341175731609941,172,67719.0,13.1099999999999
25200.0,171,6879.0,31.55504587155963,1.4241186422384564,171,67466.0,0.03789943048422619,171,67466.0,2.5300000000000864
25205.0,167,7031.0,32.550925925925924,1.4223871245338413,167,67231.0,0.042471851796356805,167,67231.0,2.3500000000000227
25210.0,163,7163.0,33.31627906976744,1.5257724781608812,163,67533.0,0.0477238077311694,163,67533.0,-3.0200000000000955
25215.0,160,7237.0,33.97652582159625,1.3853819557814349,160,68283.0,0.04091646488458344,160,68283.0,-7.5
25220.0,161,7525.0,35.328638497652584,1.442210651075467,161,68982.0,0.04393185815764695,161,68982.0,-6.990000000000009
25225.0,164,7949.0,37.14485981308411,1.4941466251582296,164,69705.0,0.04449609083006041,164,69705.0,-7.2299999999999045
25230.0,167,8342.0,38.620370370370374,1.4606974316293844,166,69984.0,0.03619490441749959,166,69984.0,-2.7900000000000773
25235.0,167,8706.0,40.11981566820276,1.5082276718806424,167,70809.0,0.03626540175952532,167,70809.0,-8.25
25240.0,164,9058.0,42.52582159624413,1.4519592225559077,164,70552.0,0.03959168753624302,164,70552.0,2.57000000000005
25245.0,161,9268.0,43.51173708920188,1.4312514378357675,161,70461.0,0.03986200913008815,161,70461.0,0.9099999999999682
25250.0,161,9574.0,44.948356807511736,1.4541716514684642,161,70363.0,0.04000604953149983,161,70363.0,0.9800000000000182
25255.0,160,9883.0,46.39906103286385,1.4417458334283988,160,69514.0,0.0417290960472275,160,69514.0,8.490000000000009
25260.0,161,9791.0,46.18396226415094,1.3124376409151266,161,69547.0,0.03946364394884888,161,69547.0,-0.3300000000000409
25265.0,162,9432.0,44.28169014084507,1.282724829639716,162,68804.0,0.03543947284358672,162,68804.0,7.430000000000064
25270.0,162,9074.0,43.00473933649289,1.1446420743650458,162,68833.0,0.03885831663457071,162,68833.0,-0.2900000000000773
25275.0,158,8704.0,40.863849765258216,1.2670288128555627,158,68188.0,0.040488977448730284,158,68188.0,6.4500000000000455
25280.0,155,8321.0,39.25,1.3603868929831708,155,67574.0,0.04981705231195604,155,67574.0,6.139999999999986
25285.0,155,7765.0,36.455399061032864,1.2761068149987753,155,68348.0,0.043560355912292056,155,68348.0,-7.740000000000009
25290.0,158,7173.0,33.36279069767442,1.2858474877919635,158,69046.0,0.04118906315712804,158,69046.0,-6.980000000000018
25295.0,155,6782.0,31.69158878504673,1.2612786095282642,155,69819.0,0.04018782738946639,155,69819.0,-7.730000000000018
25300.0,156,6335.0,29.602803738317757,1.3007086142736168,156,69803.0,0.04227431054672133,156,69803.0,0.16000000000008185
25305.0,160,5850.0,27.209302325581394,1.2754645510314422,160,69008.0,0.04147304386684443,160,69008.0,7.949999999999932
25310.0,161,5486.0,25.39814814814815,1.4673533694430791,161,68235.0,0.04813085922632173,161,68235.0,7.730000000000018
25315.0,162,5421.0,25.21395348837209,1.4293751621563102,162,66694.0,0.04922289736525822,162,66694.0,15.409999999999968
25320.0,165,5278.0,24.322580645161292,1.3954657528277596,164,66778.0,0.04361672868851647,164,66778.0,-0.8399999999999181
25325.0,167,5233.0,24.11520737327189,1.3156352357993344,167,67604.0,0.038665429234511134,167,67604.0,-8.259999999999991
25330.0,169,5672.0,26.138248847926267,1.3817519469612056,169,67721.0,0.03960026955408303,169,67721.0,-1.1700000000000728
25335.0,171,6005.0,27.295454545454547,1.3720238487667613,171,68442.0,0.038067215190141626,171,68442.0,-7.209999999999923
25340.0,174,6277.0,28.92626728110599,1.1809348883851623,173,69300.0,0.03840387531116739,173,69300.0,-8.580000000000041
25345.0,171,6542.0,30.009174311926607,1.1077733985774332,171,70049.0,0.03506790639894647,171,70049.0,-7.490000000000009
25350.0,171,6937.0,31.67579908675799,1.2468769169351837,171,70798.0,0.038986285056737215,171,70798.0,-7.490000000000009
25355.0,173,7039.0,32.141552511415526,1.1050505218515096,173,71016.0,0.03591001175754785,173,71016.0,-2.17999999999995
25360.0,173,6935.0,31.81192660550459,1.1212053703564728,173,71263.0,0.035042580119209674,173,71263.0,-2.4700000000000273
25365.0,175,6883.0,31.71889400921659,1.1147805502544226,175,70888.0,0.03905698035240191,175,70888.0,3.75
25370.0,176,6949.0,32.02304147465438,1.0549115043211807,176,71652.0,0.035113616090104764,176,71652.0,-7.639999999999986
25375.0,178,6986.0,31.899543378995435,0.9610613473709332,178,72325.0,0.027788959134355876,178,72325.0,-6.730000000000018
25380.0,174,7026.0,32.082191780821915,1.1531936677125512,174,73021.0,0.03717112525849965,174,73021.0,-6.960000000000036
25385.0,173,7003.0,31.831818181818182,1.0963473722997368,173,73100.0,0.030848211423843988,173,73100.0,-0.7899999999999636
25390.0,176,7045.0,32.02272727272727,1.1621494252414168,176,72419.0,0.03312649084016173,176,72419.0,6.809999999999945
25395.0,181,7124.0,32.090090090090094,1.2091329875269226,181,71886.0,0.03527795180485627,181,71886.0,5.330000000000041
25400.0,183,7223.0,32.245535714285715,1.2960001352079764,183,70669.0,0.03440127869108603,183,70669.0,12.169999999999959
25405.0,181,7257.0,32.25333333333333,1.3483463324390819,181,71573.0,0.03683838268532874,181,71573.0,-9.039999999999964
25410.0,176,7227.0,32.263392857142854,1.374047763893273,176,72365.0,0.03398592246986635,176,72365.0,-7.919999999999959
25415.0,172,7178.0,32.18834080717489,1.3810788098699525,172,73060.0,0.03717982322009747,172,73060.0,-6.9500000000000455
25420.0,169,7011.0,31.72398190045249,1.4220087771552319,169,73026.0,0.04175705710323459,169,73026.0,0.34000000000003183
25425.0,173,7115.0,32.34090909090909,1.278497948979167,173,72125.0,0.03946749017098525,173,72125.0,9.009999999999991
25430.0,177,7244.0,32.92727272727273,1.353695673789161,177,71255.0,0.04298375666868735,177,71255.0,8.700000000000045
25435.0,175,7325.0,32.9954954954955,1.3205427305825823,175,72040.0,0.037055245662579415,175,72040.0,-7.850000000000023
25440.0,172,7367.0,33.334841628959275,1.432243135156026,172,72745.0,0.03949091382288108,172,72745.0,-7.050000000000068
25445.0,168,7388.0,33.42986425339367,1.546894674809793,168,73461.0,0.04634604864581391,168,73461.0,-7.159999999999968
25450.0,168,7268.0,33.03636363636364,1.5385965692752626,167,73592.0,0.04201361503329404,167,73592.0,-1.3099999999999454
25455.0,174,7215.0,32.79545454545455,1.3660242807263112,174,74444.0,0.0332913690455063,174,74444.0,-8.520000000000095
25460.0,178,7182.0,32.794520547945204,1.2545638800394825,178,73905.0,0.03281732224861315,178,73905.0,5.3900000000001
25465.0,175,7144.0,32.472727272727276,1.2784678523987838,175,72785.0,0.03440283914672109,175,72785.0,11.199999999999932
25470.0,171,7092.0,32.38356164383562,1.3815119341292257,171,72424.0,0.041071822504285815,171,72424.0,3.6100000000000136
25475.0,169,7025.0,31.931818181818183,1.3843781032195135,169,72055.0,0.04050156792449991,169,72055.0,3.6900000000000546
25480.0,167,6745.0,30.520361990950228,1.4855054916669754,167,72117.0,0.044520381532872466,167,72117.0,-0.6200000000000045
25485.0,165,6433.0,29.240909090909092,1.4498943426525386,165,71437.0,0.0449659458137136,165,71437.0,6.7999999999999545
25490.0,165,6468.0,29.6697247706422,1.5036278035889032,165,70760.0,0.048350031423695115,165,70760.0,6.769999999999982
25495.0,166,6503.0,29.425339366515836,1.5699114782729664,166,69639.0,0.046386938717995714,166,69639.0,11.210000000000036
25500.0,165,6381.0,29.136986301369863,1.5503053122810624,165,70428.0,0.05049678892944751,165,70428.0,-7.889999999999986
25505.0,161,6142.0,27.918181818181818,1.5085019181064783,161,71127.0,0.044386153129663125,161,71127.0,-6.990000000000009
25510.0,158,5912.0,26.995433789954337,1.612275306395654,158,71719.0,0.051569158128454834,158,71719.0,-5.920000000000073
25515.0,155,5934.0,26.972727272727273,1.7572823288156945,155,72298.0,0.05838010947979905,155,72298.0,-5.789999999999964
25520.0,158,6330.0,28.642533936651585,1.8348129172750407,158,72817.0,0.0592399155199588,158,72817.0,-5.189999999999941
25525.0,163,6680.0,29.955156950672645,1.726428780149021,163,72919.0,0.04789527856802403,163,72919.0,-1.0200000000000955
25530.0,167,7004.0,31.692307692307693,1.5990084818939851,167,72404.0,0.04381043893694349,167,72404.0,5.150000000000091
25535.0,169,7348.0,33.4,1.6466516594826688,169,71909.0,0.046357124724654114,169,71909.0,4.949999999999932
25540.0,167,7665.0,35.486111111111114,1.5063815601704702,166,72613.0,0.03929151296873338,166,72613.0,-7.039999999999964
25545.0,166,8041.0,37.226851851851855,1.4708824387979842,166,73394.0,0.03705626485159746,166,73394.0,-7.810000000000059
25550.0,170,8702.0,40.28703703703704,1.4141875564013784,170,74036.0,0.0398155974678443,170,74036.0,-6.419999999999959
25555.0,176,9074.0,41.4337899543379,1.1655636644540646,176,73952.0,0.028552578057350612,176,73952.0,0.8400000000000318
25560.0,179,9235.0,41.78733031674208,1.2517876623289497,179,72998.0,0.029119218152211118,179,72998.0,9.539999999999964
25565.0,177,9403.0,42.16591928251121,1.3387652354273654,177,72078.0,0.03430059483468277,177,72078.0,9.200000000000045
25570.0,175,9560.0,42.67857142857143,1.5304925254399009,175,70281.0,0.039828261323026075,175,70281.0,17.970000000000027
25575.0,174,9702.0,43.3125,1.5622155989604463,174,68475.0,0.04221047128149907,174,68475.0,18.059999999999945
25580.0,171,9714.0,44.154545454545456,1.4552002786169118,171,69343.0,0.043182694232681784,171,69343.0,-8.67999999999995
25585.0,172,9669.0,44.35321100917431,1.3145139297096653,172,70205.0,0.03762561474153411,172,70205.0,-8.620000000000005
25590.0,172,9669.0,44.55760368663594,1.3967440117014203,172,70353.0,0.04310162243196676,172,70353.0,-1.4800000000000182
25595.0,173,9675.0,44.585253456221196,1.3484027035954105,173,70562.0,0.039097627495766035,173,70562.0,-2.090000000000032
25600.0,174,9547.0,43.593607305936075,1.4074107599175025,174,71314.0,0.0385457933568821,174,71314.0,-7.519999999999982
25605.0,171,9314.0,42.529680365296805,1.3143283758847455,171,72073.0,0.03766341012848455,171,72073.0,-7.590000000000032
25610.0,168,9106.0,41.77064220183486,1.4228141691487548,168,72740.0,0.04747397489308003,168,72740.0,-6.669999999999959
25615.0,167,8658.0,39.89861751152074,1.3242871968106629,167,72853.0,0.04236758738325722,167,72853.0,-1.1299999999999955
25620.0,168,8109.0,37.36866359447004,1.3711169269678682,168,73036.0,0.03974558051830683,168,73036.0,-1.830000000000041
25625.0,171,8031.0,37.00921658986175,1.3118618844682752,171,72585.0,0.0372426070842784,171,72585.0,4.509999999999991
25630.0,173,7871.0,36.43981481481482,1.1589412325322004,173,72726.0,0.033335447352905334,173,72726.0,-1.4099999999999682
25635.0,172,7651.0,35.25806451612903,1.1260451500855364,172,72158.0,0.03174584652959285,172,72158.0,5.67999999999995
25640.0,169,7423.0,34.36574074074074,1.2551343900777,169,71587.0,0.03866710544704774,169,71587.0,5.710000000000036
25645.0,167,7196.0,33.16129032258065,1.2143778551542543,167,71759.0,0.032763908448178204,167,71759.0,-1.7200000000000273
25650.0,165,7066.0,32.2648401826484,1.36789835614908,165,71265.0,0.04006889343476932,165,71265.0,4.940000000000055
25655.0,161,6920.0,31.743119266055047,1.4133319720143855,161,70756.0,0.04505355602777636,161,70756.0,5.090000000000032
25660.0,163,6678.0,30.354545454545455,1.3545281071879225,163,71442.0,0.03860865165420338,163,71442.0,-6.860000000000014
25665.0,164,6360.0,28.778280542986426,1.3283207805704587,164,72035.0,0.03971345991659219,164,72035.0,-5.930000000000064
25670.0,160,6040.0,27.330316742081447,1.5279262036494123,160,72637.0,0.04872846329364747,160,72637.0,-6.019999999999982
25675.0,156,5865.0,26.41891891891892,1.681488344770912,156,73162.0,0.05115163509753599,156,73162.0,-5.25
25680.0,157,5944.0,26.895927601809955,1.8130304041797607,157,73753.0,0.057368607277526046,157,73753.0,-5.909999999999968
25685.0,162,6519.0,29.631818181818183,1.6828659586708734,162,74428.0,0.05449040097424514,162,74428.0,-6.75
25690.0,167,7119.0,32.65596330275229,1.4713656527865004,167,75208.0,0.0439667474884417,167,75208.0,-7.800000000000068
25695.0,170,7769.0,35.637614678899084,1.3827619164278995,170,76041.0,0.039026233177008686,170,76041.0,-8.329999999999927
25700.0,173,8192.0,37.406392694063925,1.3063116300312383,173,76003.0,0.031184650726579385,173,76003.0,0.37999999999999545
25705.0,175,8387.0,37.60986547085202,1.4007804072114147,175,75071.0,0.03321176327321971,175,75071.0,9.319999999999936
25710.0,175,8625.0,39.02714932126697,1.4173940204770914,175,74159.0,0.03672105093794386,175,74159.0,9.120000000000005
25715.0,177,8886.0,40.20814479638009,1.3531370478774218,176,75023.0,0.034267599749315,176,75023.0,-8.639999999999986
25720.0,182,9185.0,41.56108597285068,1.3564145957753588,182,75911.0,0.027965601364404857,182,75911.0,-8.879999999999995
25725.0,184,9501.0,42.60538116591928,1.4224032169924563,184,76808.0,0.030056035353366328,184,76808.0,-8.970000000000027
25730.0,185,9825.0,44.457013574660635,1.2844511370906653,185,77702.0,0.023866570959889286,185,77702.0,-8.93999999999994
25735.0,183,9884.0,44.92727272727273,1.2821340504158245,183,77797.0,0.024445331318474442,183,77797.0,-0.9500000000000455
25740.0,179,9741.0,44.277272727272724,1.4019408479375428,179,77075.0,0.0284077243219329,179,77075.0,7.220000000000027
25745.0,174,9576.0,43.92660550458716,1.5301185622926106,174,76332.0,0.03724758929556525,174,76332.0,7.42999999999995
25750.0,169,9386.0,43.25345622119816,1.6626240302263309,169,74884.0,0.04041132261847916,169,74884.0,14.480000000000018
25755.0,165,9182.0,42.70697674418604,1.8238698260406323,165,73536.0,0.05335522400482505,165,73536.0,13.480000000000018
25760.0,161,9004.0,42.471698113207545,1.7786191751166855,161,72400.0,0.04995310403858078,161,72400.0,11.360000000000014
25765.0,158,8952.0,42.628571428571426,1.728124300101389,157,71900.0,0.053222960370384896,157,71900.0,5.0
25770.0,160,8964.0,42.889952153110045,1.6184252759831916,160,71933.0,0.05135006128168367,160,71933.0,-0.3300000000000409
25775.0,159,8758.0,41.7047619047619,1.7035559677491487,159,71257.0,0.05606553150622939,159,71257.0,6.759999999999991
25780.0,157,8538.0,40.27358490566038,1.8588383265300212,157,70599.0,0.060523783231397524,157,70599.0,6.580000000000041
25785.0,152,8257.0,39.50717703349282,1.8333823394665283,152,70684.0,0.05996197873360317,152,70684.0,-0.8500000000000227
25790.0,150,7931.0,37.94736842105263,1.9655227611199033,150,70119.0,0.05998071836598646,150,70119.0,5.649999999999977
25795.0,145,7588.0,36.30622009569378,2.1537758843026933,145,69543.0,0.06754579972405587,145,69543.0,5.760000000000105
25800.0,142,7338.0,35.62135922330097,2.240730037433437,142,68687.0,0.0730711442446492,142,68687.0,8.559999999999945
25805.0,143,7256.0,35.395121951219515,2.1103512037746626,142,69289.0,0.07080114257695826,142,69289.0,-6.019999999999982
25810.0,145,7241.0,34.98067632850242,2.050191003064912,145,69913.0,0.0627632544996111,145,69913.0,-6.240000000000009
25815.0,148,7340.0,35.28846153846154,1.9085281695164558,148,70511.0,0.05457841679648119,148,70511.0,-5.980000000000018
25820.0,152,7146.0,34.19138755980861,1.8317634358044492,151,70332.0,0.04867750778545132,151,70332.0,1.7899999999999636
25825.0,149,6741.0,32.25358851674641,1.8660743728879832,149,69270.0,0.05507913785214005,149,69270.0,10.620000000000005
25830.0,148,6326.0,30.267942583732058,1.9662343069022203,148,68220.0,0.060484086882999166,148,68220.0,10.5
25835.0,145,5989.0,29.07281553398058,1.8834158449789349,145,68879.0,0.059686372078032984,145,68879.0,-6.589999999999918
25840.0,149,6130.0,30.04901960784314,1.7601299421547079,149,69542.0,0.05506701734266633,149,69542.0,-6.6299999999999955
25845.0,157,6374.0,31.399014778325125,1.6895549744604204,157,70255.0,0.05394554411903827,157,70255.0,-7.1299999999999955
25850.0,163,6605.0,32.53694581280788,1.424584082113325,163,70162.0,0.03869157072752996,163,70162.0,0.92999999999995
25855.0,163,6819.0,32.94202898550725,1.4652648591461395,163,69207.0,0.04003604511083159,163,69207.0,9.549999999999955
25860.0,162,7028.0,33.95169082125604,1.5097342579958113,162,68363.0,0.04368667665120902,162,68363.0,8.440000000000055
25865.0,160,6989.0,33.28095238095238,1.5417614668947635,160,68401.0,0.041762990373816075,160,68401.0,-0.37999999999999545
25870.0,158,6782.0,32.2952380952381,1.581664303306652,158,67659.0,0.04317928008120265,158,67659.0,7.419999999999959
25875.0,155,6560.0,30.943396226415093,1.7240196739580642,155,66920.0,0.051403595283252605,155,66920.0,7.389999999999986
25880.0,152,6324.0,29.971563981042653,1.7734553789785317,152,65484.0,0.052663128441975245,152,65484.0,14.360000000000014
25885.0,149,6208.0,29.846153846153847,1.815519225833336,149,64095.0,0.06096835117999286,149,64095.0,13.889999999999986
25890.0,152,6486.0,30.885714285714286,1.8566749211069618,152,62781.0,0.06246961791974221,152,62781.0,13.1400000000001
25895.0,154,6638.0,30.87441860465116,1.7488582301720934,154,63489.0,0.051794965654274334,154,63489.0,-7.080000000000041
25900.0,152,6826.0,32.04694835680751,1.8338693188132786,152,64163.0,0.05898348453908321,152,64163.0,-6.740000000000009
25905.0,155,7117.0,33.413145539906104,1.9358224084936557,155,64860.0,0.06472240136661682,155,64860.0,-6.970000000000027
25910.0,155,7414.0,35.13744075829384,1.9544376695227623,155,65598.0,0.05990384219207757,155,65598.0,-7.3799999999999955
25915.0,154,7423.0,35.516746411483254,1.8863905072414717,154,65756.0,0.054855707377277706,154,65756.0,-1.5799999999999272
25920.0,155,7245.0,34.665071770334926,1.9053768011331609,155,65306.0,0.05217385761179356,155,65306.0,4.5
25925.0,155,7074.0,33.68571428571428,1.986434864136985,155,64859.0,0.056808843096687635,155,64859.0,4.469999999999914
25930.0,153,7023.0,33.28436018957346,2.146624959722467,153,64162.0,0.05992555961064287,153,64162.0,6.970000000000027
25935.0,157,7205.0,34.14691943127962,2.052628432545096,157,64936.0,0.06006409161527877,157,64936.0,-7.740000000000009
25940.0,162,7447.0,35.29383886255924,1.8217972668700095,162,65714.0,0.04530989529853434,162,65714.0,-7.779999999999973
25945.0,166,7717.0,36.573459715639814,1.6806795566458854,166,66508.0,0.040971666624963925,166,66508.0,-7.940000000000055
25950.0,166,7746.0,36.71090047393365,1.7261888582828748,166,66479.0,0.04561606787629907,166,66479.0,0.2900000000000773
25955.0,163,7591.0,36.49519230769231,1.5510637997224792,163,65581.0,0.04446325902412851,163,65581.0,8.980000000000018
25960.0,162,7424.0,35.69230769230769,1.6211205907413435,162,64742.0,0.049281193005083185,162,64742.0,8.389999999999986
25965.0,157,7245.0,34.665071770334926,1.756668889382487,157,63185.0,0.05338777341617225,157,63185.0,15.569999999999936
25970.0,155,7092.0,34.09615384615385,1.8583770525434269,155,61755.0,0.06119997767150414,155,61755.0,14.300000000000068
25975.0,152,6982.0,33.89320388349515,1.8587851684297632,152,60330.0,0.06814808122629251,152,60330.0,14.25
25980.0,149,6901.0,33.66341463414634,1.7204712321857043,149,61047.0,0.05764708328552056,149,61047.0,-7.170000000000073
25985.0,153,7217.0,35.03398058252427,1.7226250181989793,153,61763.0,0.06207454917610008,153,61763.0,-7.159999999999968
25990.0,163,7582.0,36.27751196172249,1.6717098242514536,163,62537.0,0.05326484877805454,163,62537.0,-7.740000000000009
25995.0,162,7667.0,36.33649289099526,1.7207794231140916,161,62565.0,0.04726290411991126,161,62565.0,-0.2799999999999727
26000.0,160,7544.0,35.923809523809524,1.7227425971104051,160,63373.0,0.04397170398750202,160,63373.0,-8.080000000000041
26005.0,157,7406.0,35.43540669856459,1.7764795502356705,157,62671.0,0.05029408563604611,157,62671.0,7.019999999999982
26010.0,157,7036.0,33.665071770334926,1.6577832859779775,157,62896.0,0.04913408520418286,157,62896.0,-2.25
26015.0,154,6612.0,31.636363636363637,1.7079693168024936,154,62560.0,0.05173486844974724,154,62560.0,3.3600000000000136
26020.0,155,6505.0,31.124401913875598,1.7779229508438803,155,62226.0,0.055964819337037265,155,62226.0,3.340000000000032
26025.0,156,6400.0,30.18867924528302,1.8513919074019405,156,61489.0,0.055497824184237,156,61489.0,7.3700000000000045
26030.0,155,6295.0,29.693396226415093,1.9653139282295524,155,60869.0,0.05551086794992498,155,60869.0,6.199999999999932
26035.0,155,6085.0,28.702830188679247,1.7706722509460262,155,61641.0,0.04579171632196981,155,61641.0,-7.719999999999914
26040.0,157,5960.0,28.38095238095238,1.6791879142031587,157,62422.0,0.04562769395590789,157,62422.0,-7.810000000000059
26045.0,155,5837.0,27.928229665071772,1.6853857125526024,155,63156.0,0.047879133572992484,155,63156.0,-7.339999999999918
26050.0,154,5610.0,27.233009708737864,1.6156799573931984,154,63146.0,0.047472297373217696,154,63146.0,0.09999999999990905
26055.0,154,5386.0,26.273170731707317,1.4815820379076043,154,63137.0,0.04886813585949678,154,63137.0,0.09000000000003183
26060.0,153,5274.0,25.726829268292683,1.4704479479450911,153,63121.0,0.04812129804383586,153,63121.0,0.15999999999996817
26065.0,155,5194.0,25.21359223300971,1.4527002963847522,155,63883.0,0.04893076031742247,155,63883.0,-7.6200000000000045
26070.0,157,4981.0,24.06280193236715,1.361204321575348,157,63035.0,0.044666163077205695,157,63035.0,8.480000000000018
26075.0,156,4871.0,23.531400966183575,1.4019753705548732,156,62192.0,0.051370158815641956,156,62192.0,8.430000000000064
26080.0,159,4930.0,23.588516746411482,1.3134369479761443,159,62907.0,0.04713376757262834,159,62907.0,-7.150000000000091
26085.0,160,4952.0,23.580952380952382,1.2053626256178398,160,63581.0,0.04135689178815892,160,63581.0,-6.739999999999895
26090.0,162,5109.0,24.32857142857143,1.2849166063611472,162,64300.0,0.04386762667204005,162,64300.0,-7.190000000000055
26095.0,164,5242.0,24.843601895734597,1.174390946360755,164,64292.0,0.03625967049792626,164,64292.0,0.08000000000004093
26100.0,163,5350.0,25.235849056603772,1.26992772843848,163,63590.0,0.034774207322580616,163,63590.0,7.019999999999982
26105.0,160,5445.0,25.56338028169014,1.4271415336117637,160,62879.0,0.04377255622946457,160,62879.0,7.110000000000014
26110.0,158,5391.0,25.309859154929576,1.319859069698036,158,62855.0,0.036981979713231056,158,62855.0,0.2400000000000091
26115.0,156,5288.0,24.710280373831775,1.397881120291024,156,62015.0,0.040969011511205106,156,62015.0,8.399999999999977
26120.0,156,5377.0,25.009302325581395,1.5128314067702298,156,61183.0,0.04691709079006939,156,61183.0,8.319999999999936
26125.0,158,5500.0,25.34562211981567,1.5007056275839927,158,61202.0,0.043131887440122925,158,61202.0,-0.18999999999994088
26130.0,160,5699.0,26.142201834862384,1.5773770135613165,160,61303.0,0.04016920851400106,160,61303.0,-1.009999999999991
26135.0,158,6111.0,28.291666666666668,1.5115511751478063,158,61393.0,0.042155005078738914,158,61393.0,-0.8999999999999773
26140.0,159,6531.0,30.661971830985916,1.4469041020603572,159,60135.0,0.0443117825011843,159,60135.0,12.579999999999927
26145.0,155,6941.0,32.283720930232555,1.6385098557452265,155,58961.0,0.05521278731785893,155,58961.0,11.740000000000009
26150.0,152,7168.0,33.18518518518518,1.6839090852082603,152,59642.0,0.049581284986972785,152,59642.0,-6.809999999999945
26155.0,149,7296.0,33.93488372093023,1.7478115711401536,149,60244.0,0.054433527546962436,149,60244.0,-6.0200000000000955
26160.0,147,7635.0,35.84507042253521,1.938284184966974,147,60858.0,0.06245447119157632,147,60858.0,-6.139999999999986
26165.0,152,7693.0,36.2877358490566,1.7270247253209314,152,61019.0,0.053252590843934765,152,61019.0,-1.6100000000000136
26170.0,157,7517.0,35.45754716981132,1.62473932009206,157,60619.0,0.04714018716975512,157,60619.0,4.0
26175.0,154,7383.0,34.5,1.770152737490455,154,60277.0,0.05308517424995027,154,60277.0,3.4200000000000728
26180.0,157,7272.0,33.82325581395349,1.7194655324698214,157,60260.0,0.047382887275682226,157,60260.0,0.16999999999995907
26185.0,158,7063.0,32.699074074074076,1.690888810811573,158,59461.0,0.04537276144744821,158,59461.0,7.990000000000009
26190.0,156,6882.0,32.009302325581395,1.8243280789025342,156,58658.0,0.05517811764410894,156,58658.0,8.029999999999973
26195.0,157,6741.0,31.35348837209302,1.7600009611648861,157,57084.0,0.05523226560728118,157,57084.0,15.740000000000009
26200.0,159,6615.0,30.911214953271028,1.8037692735518835,159,55533.0,0.058496847104963536,159,55533.0,15.509999999999991
26205.0,158,6412.0,29.962616822429908,1.5546161265895313,158,55780.0,0.046917929489376176,158,55780.0,-2.4699999999999136
26210.0,157,6157.0,28.77102803738318,1.661792646191508,157,55487.0,0.04948351612513193,157,55487.0,2.92999999999995
26215.0,154,5883.0,27.490654205607477,1.7382402930753997,154,55176.0,0.06020644638683349,154,55176.0,3.1100000000000136
26220.0,151,5438.0,25.530516431924884,1.7595046090394817,150,55824.0,0.05603556970617074,150,55824.0,-6.480000000000018
26225.0,149,4917.0,23.08450704225352,1.7833815977402976,149,56579.0,0.05650276814366697,149,56579.0,-7.5499999999999545
26230.0,149,4656.0,21.757009345794394,1.8576232221516362,149,57119.0,0.05877791989220886,149,57119.0,-5.400000000000091
26235.0,152,4954.0,23.04186046511628,1.7399749425387352,152,57324.0,0.05261924330732683,152,57324.0,-2.0499999999999545
26240.0,156,5255.0,24.328703703703702,1.8125882401022622,156,57008.0,0.05589058104807648,156,57008.0,3.159999999999968
26245.0,158,5642.0,26.24186046511628,1.7853971035021772,158,56717.0,0.05766335437724179,158,56717.0,2.910000000000082
26250.0,160,6188.0,28.781395348837208,1.6870737099924662,159,57408.0,0.052076452685982044,159,57408.0,-6.910000000000082
26255.0,164,6708.0,30.912442396313363,1.4516021135789539,164,58219.0,0.03984184529464052,164,58219.0,-8.110000000000014
26260.0,163,7238.0,33.822429906542055,1.3938434595589553,163,58852.0,0.044408220550844,163,58852.0,-6.329999999999927
26265.0,163,7498.0,34.87441860465116,1.314389303970072,163,58905.0,0.03954405186543974,163,58905.0,-0.5299999999999727
26270.0,165,7604.0,35.867924528301884,1.2638422877856006,165,58205.0,0.040305395531443175,165,58205.0,7.0
26275.0,169,7797.0,36.43457943925234,1.2637380705977643,169,57610.0,0.040251119004022055,169,57610.0,5.949999999999932
26280.0,170,8001.0,37.041666666666664,1.3687714024905242,170,56454.0,0.04223619239150552,170,56454.0,11.56000000000006
26285.0,170,8136.0,37.15068493150685,1.3235773839127298,170,57199.0,0.04027006516387078,170,57199.0,-7.4500000000000455
26290.0,168,8226.0,37.56164383561644,1.3347924045572455,168,57856.0,0.043317679979922814,168,57856.0,-6.569999999999936
26295.0,167,8317.0,37.633484162895925,1.5068716951681738,167,58536.0,0.04724515941522625,167,58536.0,-6.800000000000068
26300.0,168,8247.0,37.31674208144796,1.5452927607939289,167,58496.0,0.04344018711157489,167,58496.0,0.39999999999997726
26305.0,174,8059.0,36.139013452914796,1.4462426425033454,174,59359.0,0.0347290024514373,174,59359.0,-8.629999999999995
26310.0,177,7890.0,35.54054054054054,1.3928394907001589,177,58494.0,0.03624032359479585,177,58494.0,8.649999999999977
26315.0,174,7669.0,34.54504504504504,1.3062695160304663,174,59285.0,0.0315388368878047,174,59285.0,-7.909999999999968
26320.0,172,7409.0,33.67727272727273,1.332198671967643,172,60028.0,0.03881370979974798,172,60028.0,-7.42999999999995
26325.0,169,7183.0,32.502262443438916,1.479819050506372,169,60770.0,0.04464145910291181,169,60770.0,-7.420000000000073
26330.0,170,7013.0,31.733031674208146,1.503269901061735,170,60905.0,0.038412814842847365,170,60905.0,-1.349999999999909
26335.0,175,7173.0,32.60454545454545,1.3488950555654526,175,60580.0,0.03228236451590194,175,60580.0,3.25
26340.0,177,7347.0,33.54794520547945,1.2939767746032056,177,60275.0,0.034256803955079386,177,60275.0,3.0499999999999545
26345.0,174,7513.0,34.305936073059364,1.337097092538673,174,59388.0,0.03641991113463757,174,59388.0,8.870000000000005
26350.0,170,7606.0,35.21296296296296,1.3330238766953502,170,60182.0,0.03841142458922022,170,60182.0,-7.940000000000055
26355.0,167,7648.0,35.244239631336406,1.3500488187741484,167,60916.0,0.039350089696466126,167,60916.0,-7.339999999999918
26360.0,166,7815.0,35.84862385321101,1.5639957811493554,166,61657.0,0.047676295328954045,166,61657.0,-7.410000000000082
26365.0,168,8092.0,37.11926605504587,1.4633176447441372,168,61894.0,0.039976358248998395,168,61894.0,-2.3700000000000045
26370.0,173,8642.0,39.461187214611876,1.4893828090968309,173,61566.0,0.03757304448734158,173,61566.0,3.2800000000000864
26375.0,172,9201.0,41.82272727272727,1.5985655484572103,172,61339.0,0.043572568814767516,172,61339.0,2.269999999999982
26380.0,170,9754.0,44.538812785388124,1.6485869174279086,170,60726.0,0.04545584221827415,170,60726.0,6.1299999999999955
26385.0,166,10294.0,47.43778801843318,1.6898108557942828,166,60307.0,0.052929635958345954,166,60307.0,4.189999999999941
26390.0,164,10419.0,48.46046511627907,1.6021726163384546,164,61127.0,0.04903826756157026,164,61127.0,-8.199999999999932
26395.0,162,10329.0,48.26635514018692,1.5402978882970395,162,61262.0,0.048483696106238275,162,61262.0,-1.3500000000000227
26400.0,163,10343.0,48.33177570093458,1.581668344744625,163,61399.0,0.04721987056766039,163,61399.0,-1.3700000000000045
26405.0,162,10235.0,47.82710280373832,1.419407074811106,162,62132.0,0.04121225050095823,162,62132.0,-7.330000000000041
26410.0,161,10050.0,46.74418604651163,1.4671607810994496,161,62812.0,0.046272666079059485,161,62812.0,-6.7999999999999545
26415.0,159,9995.0,46.05990783410138,1.5020294114519517,159,63603.0,0.049073873930670635,159,63603.0,-7.909999999999968
26420.0,162,9991.0,46.68691588785047,1.3871448857499418,162,64348.0,0.042704744372972954,162,64348.0,-7.4500000000000455
26425.0,163,9963.0,46.125,1.3558919325680219,163,64502.0,0.040346487056981274,163,64502.0,-1.5399999999999636
26430.0,165,9954.0,46.29767441860465,1.4258273986843395,165,64044.0,0.04600638892589731,165,64044.0,4.579999999999927
26435.0,166,9964.0,46.34418604651163,1.4851454473143237,166,63627.0,0.04861872764988569,166,63627.0,4.170000000000073
26440.0,166,9596.0,44.8411214953271,1.3455864676937896,166,63563.0,0.03597672760418034,166,63563.0,0.6399999999999864
26445.0,167,8979.0,41.95794392523364,1.2338581918115668,167,62621.0,0.033004864938232466,167,62621.0,9.419999999999959
26450.0,163,8354.0,38.85581395348837,1.4425372474233824,163,61761.0,0.04060903504643896,163,61761.0,8.600000000000023
26455.0,161,7682.0,35.89719626168224,1.3070829919006608,161,62129.0,0.037735910755441075,161,62129.0,-3.67999999999995
26460.0,160,7416.0,34.49302325581395,1.4017049530108832,160,62494.0,0.03710025514930039,160,62494.0,-3.650000000000091
26465.0,162,7167.0,33.18055555555556,1.373915571678459,162,62848.0,0.04110704467854085,162,62848.0,-3.5399999999999636
26470.0,163,6887.0,31.737327188940093,1.3535720931088115,163,62844.0,0.0397029951656395,163,62844.0,0.03999999999996362
26475.0,162,6575.0,30.160550458715598,1.3733426170020278,162,62029.0,0.042363853792740824,162,62029.0,8.150000000000091
26480.0,159,6250.0,28.6697247706422,1.5462602258785798,159,61206.0,0.04919229702104354,159,61206.0,8.230000000000018
26485.0,154,5725.0,26.382488479262673,1.4977855425425617,154,61873.0,0.0456713266331612,154,61873.0,-6.670000000000073
26490.0,151,5082.0,23.747663551401867,1.5381670973247639,151,62431.0,0.05037136741572589,151,62431.0,-5.579999999999927
26495.0,152,4583.0,21.316279069767443,1.6128157566926469,152,63007.0,0.05315345867853352,152,63007.0,-5.760000000000105
26500.0,153,4282.0,20.009345794392523,1.6664369723169623,153,63561.0,0.05554248901362626,153,63561.0,-5.539999999999964
26505.0,156,4048.0,18.91588785046729,1.519463009954367,156,63857.0,0.04992997102647448,156,63857.0,-2.9600000000000364
26510.0,161,4272.0,19.77777777777778,1.4624237037636492,161,63713.0,0.04395643099833953,161,63713.0,1.4400000000000546
26515.0,165,4571.0,20.87214611872146,1.4935850069812693,165,63589.0,0.04514819705905972,165,63589.0,1.240000000000009
26520.0,163,4910.0,22.420091324200914,1.5096812413551768,163,64328.0,0.04034375888515381,163,64328.0,-7.389999999999986
26525.0,164,5394.0,24.743119266055047,1.388238526946238,164,65021.0,0.04137381201179115,164,65021.0,-6.930000000000064
26530.0,168,5947.0,27.15525114155251,1.551765953922453,168,65754.0,0.046748290508478625,168,65754.0,-7.329999999999927
26535.0,172,6535.0,29.840182648401825,1.3668914981377098,172,66199.0,0.03456020882946907,172,66199.0,-4.4500000000000455
26540.0,176,7154.0,32.666666666666664,1.3242455106306654,176,66275.0,0.033212688434940976,176,66275.0,-0.7599999999999909
26545.0,176,7778.0,35.19457013574661,1.4157780198728576,176,66364.0,0.039354418375811155,176,66364.0,-0.8899999999999864
26550.0,173,8391.0,38.14090909090909,1.448809055097625,173,66068.0,0.04058238256769305,173,66068.0,2.9600000000000364
26555.0,170,8991.0,40.86818181818182,1.5510457767111616,170,65782.0,0.04774667842090288,170,65782.0,2.8599999999999
26560.0,166,9351.0,42.89449541284404,1.4737325240343853,166,65737.0,0.04665223427222693,166,65737.0,0.4500000000000455
26565.0,161,9536.0,43.944700460829495,1.4939102894369907,161,64784.0,0.04902767140419154,161,64784.0,9.529999999999973
26570.0,158,9740.0,45.092592592592595,1.6722444029919141,158,63946.0,0.05610311071092177,158,63946.0,8.379999999999995
26575.0,158,9675.0,44.585253456221196,1.6400401679265793,158,63989.0,0.05024813021311664,158,63989.0,-0.42999999999995
26580.0,158,9344.0,43.05990783410138,1.7815598316387211,158,63372.0,0.05134660272433445,158,63372.0,6.169999999999959
26585.0,155,8997.0,41.082191780821915,1.9060729084911214,155,62822.0,0.057461529663014814,155,62822.0,5.5
26590.0,152,8595.0,39.06818181818182,1.9495116055354818,152,62823.0,0.05499275180848155,152,62823.0,-0.009999999999990905
26595.0,150,8153.0,37.22831050228311,1.9560784943783303,150,62052.0,0.05484846287151177,150,62052.0,7.710000000000036
26600.0,146,7731.0,35.95813953488372,2.0660809982039434,146,61271.0,0.06608566508734447,146,61271.0,7.809999999999945
26605.0,147,7292.0,33.75925925925926,1.9472461988614793,147,61328.0,0.056233722304160474,147,61328.0,-0.5699999999999363
26610.0,148,6827.0,31.60648148148148,1.9099248295629185,148,60723.0,0.05569125551776118,148,60723.0,6.0499999999999545
26615.0,147,6362.0,29.590697674418603,1.907963559207027,147,60120.0,0.058820434784231886,147,60120.0,6.029999999999973
26620.0,144,5889.0,28.177033492822968,1.833109028898672,144,58847.0,0.06298669494225242,144,58847.0,12.730000000000018
26625.0,144,5229.0,24.781990521327014,1.8936029718695047,144,59559.0,0.06401992119441864,144,59559.0,-7.1200000000000045
26630.0,147,4677.0,22.06132075471698,1.8235940720483987,147,60041.0,0.05508617599308779,147,60041.0,-4.819999999999936
26635.0,147,4294.0,20.065420560747665,1.794047995215691,147,60557.0,0.05619286417901521,147,60557.0,-5.160000000000082
26640.0,146,4244.0,19.83177570093458,1.759106828407263,146,60609.0,0.0624924331047161,146,60609.0,-0.5199999999999818
26645.0,155,4765.0,21.75799086757991,1.7186848244157573,155,60016.0,0.0552088673422984,155,60016.0,5.930000000000064
26650.0,160,5333.0,24.57603686635945,1.6715560231019617,160,59468.0,0.05224934140878942,160,59468.0,5.480000000000018
26655.0,160,5804.0,26.746543778801843,1.5774362322142046,160,59463.0,0.046945666039065574,160,59463.0,0.049999999999954525
26660.0,163,6210.0,28.356164383561644,1.6234886760771723,163,58666.0,0.047169424071900605,163,58666.0,7.970000000000027
26665.0,164,6630.0,30.412844036697248,1.5486867188822866,164,58098.0,0.04868228489983297,164,58098.0,5.67999999999995
26670.0,162,6999.0,32.40277777777778,1.5060076324380176,162,58777.0,0.04972511985448329,162,58777.0,-6.789999999999964
26675.0,163,7338.0,33.50684931506849,1.5384896863784991,163,59345.0,0.04593262275885197,163,59345.0,-5.680000000000064
26680.0,166,7688.0,34.630630630630634,1.5776046299451587,166,59946.0,0.04717525466447519,166,59946.0,-6.009999999999991
26685.0,165,8057.0,36.292792792792795,1.4903107794831953,164,60066.0,0.0404540455144983,164,60066.0,-1.1999999999999318
26690.0,167,8482.0,38.207207207207205,1.4817211155947818,167,60902.0,0.03764371049403338,167,60902.0,-8.360000000000014
26695.0,169,8914.0,40.153153153153156,1.4345029482202978,169,60338.0,0.03752214421686332,169,60338.0,5.639999999999986
26700.0,169,8956.0,40.70909090909091,1.2826111048695594,169,60667.0,0.03616602367747307,169,60667.0,-3.2899999999999636
26705.0,167,8752.0,39.9634703196347,1.2524525132278481,167,60990.0,0.03637694955682727,167,60990.0,-3.230000000000018
26710.0,167,8557.0,38.89545454545455,1.364971296255132,167,60856.0,0.039799833132759276,167,60856.0,1.3400000000000318
26715.0,168,8365.0,37.85067873303167,1.3338527191699847,168,60788.0,0.04317017245885356,168,60788.0,0.67999999999995
26720.0,166,8193.0,37.24090909090909,1.3180497813924024,166,60961.0,0.039784653690556164,166,60961.0,-1.7300000000000182
26725.0,169,8145.0,36.689189189189186,1.286047170319512,169,60496.0,0.037761922549579316,169,60496.0,4.649999999999977
26730.0,170,8109.0,36.69230769230769,1.2993646882972387,170,60047.0,0.041847883884855816,170,60047.0,4.490000000000009
26735.0,167,7821.0,35.229729729729726,1.2639621971515997,167,60139.0,0.037355086066495805,167,60139.0,-0.9199999999999591
26740.0,164,7361.0,33.15765765765766,1.36356773073119,164,59482.0,0.04069510368926517,164,59482.0,6.569999999999936
26745.0,161,6891.0,31.04054054054054,1.5055186995438488,161,58817.0,0.04764375848304298,161,58817.0,6.650000000000091
26750.0,157,6435.0,29.25,1.6027918825936713,157,57404.0,0.05201504382746779,157,57404.0,14.129999999999995
26755.0,159,5810.0,26.17117117117117,1.6821556000149427,159,58189.0,0.0543483581956226,159,58189.0,-7.850000000000023
26760.0,158,5094.0,22.84304932735426,1.6647292875830013,158,58811.0,0.046955838479734995,158,58811.0,-6.220000000000027
26765.0,157,4533.0,20.327354260089685,1.6744436337667838,157,59285.0,0.04967611903038353,157,59285.0,-4.740000000000009
26770.0,158,4540.0,20.358744394618835,1.7410771834756722,158,59799.0,0.053308430972334515,158,59799.0,-5.139999999999986
26775.0,161,4760.0,21.345291479820627,1.6772315781391685,161,60246.0,0.053504424929574954,161,60246.0,-4.470000000000027
26780.0,162,4872.0,22.145454545454545,1.4987772828013879,162,60539.0,0.04836620421516221,162,60539.0,-2.92999999999995
26785.0,164,4902.0,22.18099547511312,1.542052605192708,164,60348.0,0.05126212145376626,164,60348.0,1.9099999999999682
26790.0,172,5040.0,22.60089686098655,1.57393584578396,172,60189.0,0.04932407061172575,172,60189.0,1.5900000000000318
26795.0,174,5161.0,23.352941176470587,1.4008832702213598,174,60941.0,0.038750440584003974,174,60941.0,-7.519999999999982
26800.0,172,5344.0,24.29090909090909,1.3941485524024402,172,61583.0,0.040812582324094904,172,61583.0,-6.420000000000073
26805.0,173,5822.0,26.10762331838565,1.4844168859154376,173,62256.0,0.04553438981774359,173,62256.0,-6.7299999999999045
26810.0,178,6116.0,27.061946902654867,1.388997615510751,177,62408.0,0.03493543696672526,177,62408.0,-1.5200000000000955
26815.0,181,6329.0,28.004424778761063,1.2921806286587927,181,63312.0,0.029092554381309747,181,63312.0,-9.039999999999964
26820.0,182,6547.0,28.969026548672566,1.3115138381532707,182,62780.0,0.030412222434658593,182,62780.0,5.32000000000005
26825.0,180,6673.0,29.39647577092511,1.2483879910218245,180,63157.0,0.027172332534801828,180,63157.0,-3.7700000000000955
26830.0,179,6729.0,29.77433628318584,1.2393573327972673,179,63533.0,0.030472727320974006,179,63533.0,-3.759999999999991
26835.0,176,6772.0,30.09777777777778,1.2447083326655002,176,63382.0,0.03230770515203083,176,63382.0,1.509999999999991
26840.0,171,6709.0,30.22072072072072,1.223351977942609,171,64130.0,0.03686251554065731,171,64130.0,-7.4799999999999045
26845.0,168,6645.0,29.798206278026907,1.3216314559052997,168,64763.0,0.038158738906941866,168,64763.0,-6.330000000000041
26850.0,168,6800.0,30.76923076923077,1.3867944989898722,168,65427.0,0.042501123314007815,168,65427.0,-6.639999999999986
26855.0,171,6965.0,31.5158371040724,1.2031479012362265,170,65523.0,0.033953085214119265,170,65523.0,-0.9600000000000364
26860.0,173,7127.0,32.1036036036036,1.222929924397856,173,66386.0,0.03154526872376126,173,66386.0,-8.629999999999995
26865.0,175,7296.0,33.01357466063349,1.1095347336381538,175,65762.0,0.02906792073841134,175,65762.0,6.240000000000009
26870.0,172,7120.0,32.36363636363637,1.117179099394693,172,65863.0,0.030198220841259792,172,65863.0,-1.009999999999991
26875.0,169,6810.0,30.81447963800905,1.2180318851875362,169,65188.0,0.0326603946532878,169,65188.0,6.75
26880.0,168,6753.0,30.695454545454545,1.3271706220289474,168,64509.0,0.041509553757132577,168,64509.0,6.789999999999964
26885.0,168,6653.0,30.104072398190045,1.2345738239185717,168,64590.0,0.03346491663194894,168,64590.0,-0.8099999999999454
26890.0,166,6569.0,29.72398190045249,1.3323416606152072,166,63915.0,0.03810007559628437,166,63915.0,6.75
26895.0,168,6586.0,29.800904977375566,1.3515789144106152,168,63393.0,0.04249029690918843,168,63393.0,5.220000000000027
26900.0,168,6471.0,29.413636363636364,1.2506052362036317,168,64113.0,0.03536410771163301,168,64113.0,-7.2000000000000455
26905.0,166,6259.0,28.45,1.2632074143143168,166,64734.0,0.03758492524067136,166,64734.0,-6.210000000000036
26910.0,162,6031.0,27.289592760180994,1.4622001041154398,162,65364.0,0.04679014812994088,162,65364.0,-6.2999999999999545
26915.0,159,5694.0,25.64864864864865,1.4969110739302607,159,65580.0,0.04711987481782373,159,65580.0,-2.159999999999968
26920.0,160,5333.0,24.02252252252252,1.6108716470038864,160,65210.0,0.044834115226775,160,65210.0,3.699999999999932
26925.0,164,5106.0,23.0,1.5937878323604595,164,64855.0,0.04614644862393697,164,64855.0,3.550000000000068
26930.0,164,4829.0,21.95,1.5380436043939572,164,64968.0,0.04406504890909886,164,64968.0,-1.1299999999999955
26935.0,162,4627.0,21.12785388127854,1.5162097258395726,162,64439.0,0.04278086891293418,162,64439.0,5.289999999999964
26940.0,164,4837.0,21.986363636363638,1.6051690564495324,164,63957.0,0.04882977432875599,164,63957.0,4.819999999999936
26945.0,164,5053.0,22.86425339366516,1.6426307673091276,164,62916.0,0.048143154569727585,164,62916.0,10.410000000000082
26950.0,162,5183.0,23.55909090909091,1.6134722292932362,162,63604.0,0.04641039040143615,162,63604.0,-6.8799999999999955
26955.0,164,5296.0,24.072727272727274,1.5305803650458718,164,64195.0,0.04658917986773293,164,64195.0,-5.910000000000082
26960.0,166,5418.0,24.5158371040724,1.5717441504715162,166,64813.0,0.04960859967047002,166,64813.0,-6.17999999999995
26965.0,163,5377.0,24.22072072072072,1.5618218356817402,163,64795.0,0.04623698126084343,163,64795.0,0.17999999999994998
26970.0,165,5272.0,23.641255605381165,1.6696632470714574,165,63949.0,0.046602921604393964,165,63949.0,8.460000000000036
26975.0,166,5177.0,23.53181818181818,1.580304886399009,166,63236.0,0.04787595013256032,166,63236.0,7.1299999999999955
26980.0,163,5165.0,23.58447488584475,1.7295651487416228,163,61765.0,0.05332468224278261,163,61765.0,14.710000000000036
26985.0,164,5266.0,23.936363636363637,1.6828989514745651,164,61947.0,0.050818658209553634,164,61947.0,-1.82000000000005
26990.0,164,5262.0,23.809954751131222,1.7155430952801896,164,61703.0,0.04914551251496823,164,61703.0,2.4400000000000546
26995.0,162,5297.0,23.86036036036036,1.8144845657552395,162,61453.0,0.05282885047532983,162,61453.0,2.5
27000.0,164,5332.0,24.01801801801802,1.7423179239335296,164,62146.0,0.048918532727984715,164,62146.0,-6.930000000000064
27005.0,167,5309.0,24.131818181818183,1.50705274369809,167,62746.0,0.042582554388967665,167,62746.0,-6.0
27010.0,163,5280.0,23.891402714932127,1.7368055650274554,163,63361.0,0.052540262843379544,163,63361.0,-6.149999999999977
27015.0,160,5274.0,23.86425339366516,1.629389965471938,160,63629.0,0.04543394326727686,160,63629.0,-2.67999999999995
27020.0,162,5331.0,24.23181818181818,1.6276158548459598,162,63370.0,0.048920005676823315,162,63370.0,2.589999999999918
27025.0,165,5399.0,24.429864253393664,1.5941117413941686,165,63147.0,0.049085173521394986,165,63147.0,2.230000000000018
27030.0,163,5581.0,25.368181818181817,1.7287668215601273,163,62471.0,0.051501704580732284,163,62471.0,6.759999999999991
27035.0,164,6047.0,27.486363636363638,1.7227738094413239,164,61812.0,0.05268318233511003,164,61812.0,6.590000000000032
27040.0,165,6517.0,29.894495412844037,1.577116910672403,165,61654.0,0.05338530449990889,165,61654.0,1.580000000000041
27045.0,164,6899.0,31.35909090909091,1.5751429255471625,164,62356.0,0.048615162102078294,164,62356.0,-7.019999999999982
27050.0,162,7280.0,33.09090909090909,1.624629452207053,162,62957.0,0.05161367321677822,162,62957.0,-6.010000000000105
27055.0,163,7862.0,35.736363636363635,1.665097067795015,163,63567.0,0.05450350057610522,163,63567.0,-6.099999999999909
27060.0,166,8489.0,38.06726457399103,1.6901205453204227,166,63884.0,0.04724068372999277,166,63884.0,-3.1700000000000728
27065.0,169,9171.0,40.941964285714285,1.734283899941385,169,63723.0,0.04437982557173828,169,63723.0,1.6100000000000136
27070.0,170,9864.0,44.432432432432435,1.7888814691144108,170,63582.0,0.04903586570961487,170,63582.0,1.4099999999999682
27075.0,168,10508.0,47.333333333333336,1.6820849809027048,168,64325.0,0.04238730581841343,168,64325.0,-7.42999999999995
27080.0,164,11148.0,50.44343891402715,1.8188468956975217,164,64981.0,0.05023464617659132,164,64981.0,-6.559999999999945
27085.0,164,11813.0,53.452488687782804,1.8458464419722236,164,65648.0,0.0525968810866963,164,65648.0,-6.670000000000073
27090.0,169,12237.0,55.622727272727275,1.6284836735732815,169,65614.0,0.04160083000974191,169,65614.0,0.34000000000003183
27095.0,173,12487.0,56.502262443438916,1.5624021694485417,173,64748.0,0.03464963928024795,173,64748.0,8.659999999999968
27100.0,172,12747.0,58.205479452054796,1.5804583504705878,172,63896.0,0.040999901733055295,172,63896.0,8.519999999999982
27105.0,170,12992.0,59.596330275229356,1.5239874491668415,170,62397.0,0.039439783314217575,170,62397.0,14.990000000000009
27110.0,167,13223.0,61.50232558139535,1.6373550946817157,167,61015.0,0.05317460562652226,167,61015.0,13.82000000000005
27115.0,163,13384.0,61.67741935483871,1.5691787418413268,163,61831.0,0.04262246314393859,163,61831.0,-8.159999999999968
27120.0,168,13563.0,62.50230414746544,1.5699257219262632,168,62663.0,0.04464107233323994,168,62663.0,-8.32000000000005
27125.0,171,13759.0,63.699074074074076,1.4240277383196587,171,63415.0,0.03925266125463193,171,63415.0,-7.519999999999982
27130.0,171,14004.0,65.4392523364486,1.372722209612625,171,63537.0,0.040323491629202665,171,63537.0,-1.2200000000000273
27135.0,167,14208.0,66.08372093023256,1.3902303441159491,167,62914.0,0.044769034679556896,167,62914.0,6.230000000000018
27140.0,169,14441.0,66.85648148148148,1.502514847682151,169,62287.0,0.0490248881443831,169,62287.0,6.269999999999982
27145.0,166,14679.0,67.64516129032258,1.5833585408338788,166,60961.0,0.04915372169154847,166,60961.0,13.259999999999991
27150.0,163,14703.0,67.44495412844037,1.6561892093381723,163,61216.0,0.051983246511420333,163,61216.0,-2.5499999999999545
27155.0,162,14696.0,67.41284403669725,1.6528204656502596,162,60901.0,0.05302583304996882,162,60901.0,3.1499999999999773
27160.0,164,15066.0,69.42857142857143,1.7025996694478125,164,60596.0,0.05480837370741999,164,60596.0,3.0499999999999545
27165.0,166,15398.0,70.95852534562212,1.4681082602911848,166,60687.0,0.04632137905509588,166,60687.0,-0.9099999999999682
27170.0,165,15703.0,72.36405529953917,1.443098986222786,165,60786.0,0.04011745755231894,165,60786.0,-0.9900000000000091
27175.0,163,15995.0,73.03652968036529,1.5269091363913023,163,61008.0,0.04323078901005744,163,61008.0,-2.2200000000000273
27180.0,160,16231.0,74.45412844036697,1.485682957456201,160,61279.0,0.04361544655057887,160,61279.0,-2.7099999999999227
27185.0,159,16430.0,74.68181818181819,1.517337750618765,159,61013.0,0.04616519628555,159,61013.0,2.659999999999968
27190.0,155,16663.0,75.39819004524887,1.74198658446805,155,60806.0,0.05487441179859103,155,60806.0,2.07000000000005
27195.0,156,16715.0,75.63348416289593,1.6555976672849981,156,61429.0,0.0471762850845011,156,61429.0,-6.230000000000018
27200.0,156,16640.0,75.98173515981735,1.6258249501733346,156,61918.0,0.046015657281743755,156,61918.0,-4.889999999999986
27205.0,157,16570.0,75.31818181818181,1.651128049316663,157,62430.0,0.05001249511994392,157,62430.0,-5.1200000000000045
27210.0,152,16598.0,76.13761467889908,1.6513523873079874,152,62851.0,0.052965969474557235,152,62851.0,-4.210000000000036
27215.0,152,16917.0,77.24657534246575,1.8384637248899673,152,63313.0,0.06135088773715437,152,63313.0,-4.6200000000000045
27220.0,158,17418.0,79.53424657534246,1.6126335838774082,158,63453.0,0.05117773768554311,158,63453.0,-1.3999999999999773
27225.0,165,17910.0,80.67567567567568,1.4472798050078597,165,63031.0,0.0421842566244246,165,63031.0,4.220000000000027
27230.0,170,18460.0,82.78026905829596,1.463785275112233,170,62646.0,0.04573280202298154,170,62646.0,3.849999999999909
27235.0,171,18987.0,84.76339285714286,1.3759759424858475,171,63393.0,0.03478736378430857,171,63393.0,-7.469999999999914
27240.0,174,19505.0,86.68888888888888,1.4531918879562724,174,64168.0,0.03396257146940552,174,64168.0,-7.75
27245.0,174,20059.0,89.54910714285714,1.3862558140250556,174,64949.0,0.03327967456697234,174,64949.0,-7.810000000000059
27250.0,179,20687.0,92.76681614349776,1.2857041038697041,179,65211.0,0.028970539217526136,179,65211.0,-2.6200000000000045
27255.0,182,21310.0,95.13392857142857,1.227216553191371,182,65133.0,0.026679908431963596,182,65133.0,0.7799999999999727
27260.0,182,21940.0,97.5111111111111,1.3519501271632053,182,65063.0,0.03452760716063732,182,65063.0,0.7000000000000455
27265.0,178,22348.0,99.32444444444444,1.306873531728224,178,65391.0,0.030770296247370293,178,65391.0,-3.2799999999999727
27270.0,176,22606.0,100.91964285714286,1.4176328818907937,176,65148.0,0.03471733077919161,176,65148.0,2.42999999999995
27275.0,171,22841.0,103.3529411764706,1.4447026517007537,171,64893.0,0.04343836729680176,171,64893.0,2.550000000000068
27280.0,167,23009.0,105.54587155963303,1.342237044795963,167,65209.0,0.040451280181069124,167,65209.0,-3.160000000000082
27285.0,165,23172.0,106.29357798165138,1.335940736280168,165,65512.0,0.03740782506831253,165,65512.0,-3.0299999999999727
27290.0,166,23492.0,107.26940639269407,1.384591728711827,166,65803.0,0.04150393328578886,166,65803.0,-2.909999999999968
27295.0,166,23772.0,108.05454545454545,1.2887119449327713,166,66023.0,0.03638584756235306,166,66023.0,-2.2000000000000455
27300.0,163,24014.0,109.15454545454546,1.379552524599817,163,65675.0,0.041243477518889855,163,65675.0,3.480000000000018
27305.0,162,24244.0,109.70135746606334,1.4738264523636302,162,65319.0,0.04562295133769262,162,65319.0,3.5599999999999454
27310.0,157,24277.0,110.85388127853881,1.472217466955871,157,65916.0,0.044943019313400084,157,65916.0,-5.969999999999914
27315.0,154,24198.0,111.0,1.5233557968883875,154,66379.0,0.04818711511509994,154,66379.0,-4.6299999999999955
27320.0,154,24166.0,111.36405529953917,1.570464974531578,154,66872.0,0.05310542521272504,154,66872.0,-4.930000000000064
27325.0,155,24296.0,110.94063926940639,1.6353251780433737,155,67325.0,0.054020881118955914,155,67325.0,-4.529999999999973
27330.0,156,24548.0,112.60550458715596,1.6001876798019072,156,67510.0,0.05217582857259151,156,67510.0,-1.8500000000000227
27335.0,163,25013.0,113.69545454545455,1.4757545540126888,163,67208.0,0.046786376437131856,163,67208.0,3.019999999999982
27340.0,168,25513.0,115.44343891402715,1.4743251574827294,168,66938.0,0.04599990511419737,168,66938.0,2.7000000000000455
27345.0,165,24857.0,111.96846846846847,1.4155765678617047,165,66825.0,0.0380838921824202,165,66825.0,1.1299999999999955
27350.0,167,23456.0,105.65765765765765,1.4733434332808029,167,65840.0,0.041646993927093603,167,65840.0,9.850000000000023
27355.0,168,22068.0,99.8552036199095,1.5047645190775354,168,64892.0,0.048243951916467714,168,64892.0,9.480000000000018
27360.0,168,20669.0,93.52488687782805,1.4770864997394813,168,65167.0,0.04399300708962532,168,65167.0,-2.75
27365.0,168,19279.0,86.84234234234235,1.444740951113877,168,64943.0,0.037554181339186705,168,64943.0,2.240000000000009
27370.0,168,17893.0,80.96380090497738,1.5206600684198028,168,64724.0,0.045521706468363704,168,64724.0,2.189999999999941
27375.0,164,16492.0,74.62443438914028,1.5538682916223647,164,64103.0,0.04419797434376861,164,64103.0,6.210000000000036
27380.0,161,14867.0,66.96846846846847,1.7167496781903757,161,64259.0,0.05221762158653216,161,64259.0,-1.5600000000000591
27385.0,160,13086.0,58.681614349775785,1.7063327731631628,160,63776.0,0.047970973419943594,160,63776.0,4.830000000000041
27390.0,155,11291.0,51.55707762557078,1.774920122650816,155,63395.0,0.05690259640971581,155,63395.0,3.8099999999999454
27395.0,152,9513.0,43.43835616438356,1.870519244566733,152,62628.0,0.05875950589005195,152,62628.0,7.670000000000073
27400.0,153,7663.0,35.15137614678899,1.7816752087880545,153,63192.0,0.058153125360783264,153,63192.0,-5.639999999999986
27405.0,152,5699.0,26.022831050228312,1.7862042003855714,152,63633.0,0.05876645943393928,152,63633.0,-4.410000000000082
27410.0,150,4154.0,18.968036529680365,1.960379375930309,150,64079.0,0.06414495825826154,150,64079.0,-4.459999999999923
27415.0,153,4137.0,18.71945701357466,1.9018259385430514,153,63910.0,0.05975898062244355,153,63910.0,1.6899999999999409
27420.0,158,4197.0,18.990950226244344,1.824137529416549,158,63762.0,0.05146240727980082,158,63762.0,1.4800000000000182
27425.0,160,4319.0,19.542986425339368,1.8031305309262005,160,63635.0,0.05245847224743513,160,63635.0,1.2699999999999818
27430.0,165,4419.0,20.086363636363636,1.645777023849194,165,63910.0,0.04574062776037868,165,63910.0,-2.75
27435.0,169,4471.0,20.322727272727274,1.3431576388388158,169,64194.0,0.03525039597932404,169,64194.0,-2.840000000000032
27440.0,165,4524.0,20.65753424657534,1.383621468076154,165,64061.0,0.04060266186933063,165,64061.0,1.330000000000041
27445.0,162,4469.0,20.40639269406393,1.3442719890541992,162,64329.0,0.041721529843622464,162,64329.0,-2.67999999999995
27450.0,165,4532.0,20.6,1.2972923739817144,165,64608.0,0.039392176555987854,165,64608.0,-2.7900000000000773
27455.0,169,4605.0,20.743243243243242,1.141043222777054,169,64899.0,0.03204140364983112,169,64899.0,-2.909999999999968
27460.0,167,4548.0,20.579185520361992,1.1247331369542368,167,65540.0,0.03416939590016271,167,65540.0,-6.409999999999968
27465.0,166,4390.0,19.86425339366516,1.0316120262632915,166,66182.0,0.03313661556013847,166,66182.0,-6.420000000000073
27470.0,161,4214.0,18.98198198198198,1.1413436656515341,161,66814.0,0.03587745787017169,161,66814.0,-6.319999999999936
27475.0,160,4004.0,17.955156950672645,1.1609312584488507,160,67060.0,0.035835745611333826,160,67060.0,-2.4600000000000364
27480.0,161,4003.0,17.95067264573991,1.1857667325499792,161,66784.0,0.035756129820650004,161,66784.0,2.759999999999991
27485.0,164,4256.0,18.915555555555557,1.3202663944001294,164,66732.0,0.04117598249208184,164,66732.0,0.5199999999999818
27490.0,169,4515.0,20.066666666666666,1.2195931110205909,169,67380.0,0.03148842174200138,169,67380.0,-6.4799999999999045
27495.0,169,4812.0,21.482142857142858,1.1931934699429216,169,68048.0,0.03238680285608487,169,68048.0,-6.680000000000064
27500.0,169,5172.0,23.089285714285715,1.2644465358443118,169,68596.0,0.03699368208153526,169,68596.0,-5.480000000000018
27505.0,170,5560.0,24.821428571428573,1.2446350099038057,170,69091.0,0.04196645086685634,170,69091.0,-4.949999999999932
27510.0,171,6022.0,26.764444444444443,1.2377512262049124,171,69500.0,0.03995479482442015,171,69500.0,-4.090000000000032
27515.0,176,6713.0,29.572687224669604,1.2820611967628706,176,69488.0,0.03861051481550951,176,69488.0,0.12000000000000455
27520.0,181,7433.0,32.60087719298246,1.358701712984327,181,69631.0,0.03811763257303701,181,69631.0,-1.42999999999995
27525.0,184,8173.0,36.00440528634361,1.3229271987516213,184,69451.0,0.0333795772406473,184,69451.0,1.7999999999999545
27530.0,181,8849.0,39.32888888888889,1.3554889838557782,181,70329.0,0.039065276851659884,181,70329.0,-8.779999999999973
27535.0,177,9461.0,42.236607142857146,1.3197559360307272,177,70977.0,0.03405587487177468,177,70977.0,-6.480000000000018
27540.0,173,10069.0,45.152466367713004,1.4446981675101767,173,71618.0,0.04087534617385177,173,71618.0,-6.409999999999968
27545.0,173,10408.0,46.464285714285715,1.349963490537873,173,71541.0,0.039007559876312374,173,71541.0,0.7699999999999818
27550.0,177,10595.0,46.88053097345133,1.3661340968179363,177,71462.0,0.03856793778890573,177,71462.0,0.7899999999999636
27555.0,178,10795.0,47.34649122807018,1.3469255291935809,178,71390.0,0.03586600922940231,178,71390.0,0.7200000000000273
27560.0,179,10964.0,48.08771929824562,1.363934632363016,179,72129.0,0.03385711624122211,179,72129.0,-7.389999999999986
27565.0,176,11095.0,49.53125,1.2725490776957753,176,72764.0,0.03426210847740892,176,72764.0,-6.350000000000023
27570.0,171,11207.0,50.25560538116592,1.4428710090100414,171,73399.0,0.04276005815747843,171,73399.0,-6.350000000000023
27575.0,170,11326.0,50.789237668161434,1.3980068136439021,169,73295.0,0.03739187533891452,169,73295.0,1.0399999999999636
27580.0,176,11523.0,52.14027149321267,1.2511762926556727,176,74094.0,0.03223374801057682,176,74094.0,-7.990000000000009
27585.0,181,11742.0,53.13122171945702,1.042163971515764,181,73176.0,0.02562730415026145,181,73176.0,9.180000000000064
27590.0,178,11963.0,53.887387387387385,1.1959772003533267,178,71405.0,0.03139609675422136,178,71405.0,17.710000000000036
27595.0,175,12107.0,54.049107142857146,1.2172610344227497,175,72158.0,0.029241197878483133,175,72158.0,-7.530000000000086
27600.0,172,12199.0,54.950450450450454,1.2887547144112865,172,72848.0,0.037146507235853506,172,72848.0,-6.899999999999977
27605.0,170,12278.0,55.55656108597285,1.308643316239768,170,73534.0,0.03871663024457594,170,73534.0,-6.860000000000014
27610.0,171,12509.0,56.60180995475113,1.2965946981615444,170,73473.0,0.0360103627785214,170,73473.0,0.6100000000000136
27615.0,178,13210.0,59.237668161434975,1.1499530369678446,178,74310.0,0.027418263564366035,178,74310.0,-8.370000000000005
27620.0,181,13932.0,62.47533632286996,1.1795166681624574,181,73455.0,0.02977804041583559,181,73455.0,8.550000000000068
27625.0,179,14613.0,65.82432432432432,1.082131310635826,179,74285.0,0.0268527045213293,179,74285.0,-8.300000000000068
27630.0,175,15248.0,68.99547511312217,1.223356604516256,175,75041.0,0.033491851799658606,175,75041.0,-7.559999999999945
27635.0,171,15881.0,71.53603603603604,1.3701877292147897,171,75779.0,0.03887209307968231,171,75779.0,-7.3799999999999955
27640.0,172,15996.0,72.38009049773756,1.353719433011953,172,75951.0,0.03497721534957888,172,75951.0,-1.7200000000000273
27645.0,176,15804.0,70.86995515695067,1.3582900060478889,176,75483.0,0.03254465617401374,176,75483.0,4.67999999999995
27650.0,176,15627.0,71.03181818181818,1.355226449079012,176,75075.0,0.03727739376659105,176,75075.0,4.080000000000041
27655.0,174,15449.0,70.22272727272727,1.3711568443410327,174,74145.0,0.03666969633668914,174,74145.0,9.299999999999955
27660.0,173,14871.0,68.21559633027523,1.323076420784035,173,74514.0,0.03724139085150551,173,74514.0,-3.689999999999941
27665.0,172,14018.0,63.71818181818182,1.2694787156087919,172,75329.0,0.0339288881046793,172,75329.0,-8.149999999999977
27670.0,169,13160.0,60.09132420091324,1.363476581845719,169,75175.0,0.03709892907028037,169,75175.0,1.5399999999999636
27675.0,166,12323.0,56.78801843317972,1.350240881092328,166,75178.0,0.04060184610342543,166,75178.0,-0.029999999999972715
27680.0,165,11511.0,52.80275229357798,1.51586001188068,165,75181.0,0.04788082965839767,165,75181.0,-0.029999999999972715
27685.0,164,10700.0,48.858447488584474,1.5509609767593246,164,74806.0,0.05062092835094032,164,74806.0,3.75
27690.0,162,9885.0,45.34403669724771,1.6830810235671605,162,74432.0,0.052026664956249365,162,74432.0,3.7399999999998954
27695.0,161,8893.0,40.9815668202765,1.54627494306148,161,75164.0,0.04864820116334707,161,75164.0,-7.319999999999936
27700.0,162,7790.0,35.89861751152074,1.6546725750839784,161,75893.0,0.05278411704791797,161,75893.0,-7.289999999999964
27705.0,159,6941.0,32.283720930232555,1.5928841387673844,158,76506.0,0.051155350248906724,158,76506.0,-6.1299999999999955
27710.0,160,6874.0,31.824074074074073,1.6329312081159486,160,76644.0,0.049587315672494456,160,76644.0,-1.3800000000001091
27715.0,162,6726.0,31.13888888888889,1.5189260141114862,162,76215.0,0.044299977971286625,162,76215.0,4.290000000000077
27720.0,161,6627.0,30.96728971962617,1.56626365234605,161,75842.0,0.054475534177861745,161,75842.0,3.730000000000018
27725.0,161,6662.0,30.84259259259259,1.5844094523435144,161,76487.0,0.04845395472562168,161,76487.0,-6.4500000000000455
27730.0,162,7142.0,33.21860465116279,1.5941679299304132,162,77013.0,0.04992153554496658,162,77013.0,-5.259999999999991
27735.0,165,7635.0,35.022935779816514,1.636238155197291,165,77570.0,0.053971571150032975,165,77570.0,-5.57000000000005
27740.0,167,7818.0,35.862385321100916,1.5669559214041222,167,77447.0,0.04933601512462087,167,77447.0,1.2300000000000182
27745.0,173,7839.0,35.794520547945204,1.3350625734088186,173,77356.0,0.03305740065341341,173,77356.0,0.9100000000000819
27750.0,177,7879.0,35.65158371040724,1.3547948784622685,177,77285.0,0.03412851259775314,177,77285.0,0.7099999999999227
27755.0,174,7737.0,35.16818181818182,1.2269473467613576,174,77685.0,0.02936654981751461,174,77685.0,-4.0
27760.0,171,7463.0,34.077625570776256,1.2996648927883283,171,77630.0,0.03647683353461845,171,77630.0,0.5500000000000682
27765.0,168,7172.0,32.74885844748859,1.3420867057125714,168,77543.0,0.04194763193081437,168,77543.0,0.8700000000000045
27770.0,166,6893.0,31.331818181818182,1.4916055334378189,166,77045.0,0.04633883658033857,166,77045.0,4.9799999999999045
27775.0,164,6677.0,30.212669683257918,1.6350361328639607,164,76560.0,0.05392157221329799,164,76560.0,4.850000000000023
27780.0,167,6497.0,29.398190045248867,1.4669851631113615,167,77336.0,0.04273904080762368,167,77336.0,-7.759999999999991
27785.0,173,6267.0,28.486363636363638,1.296388489958273,173,78142.0,0.038370264922249916,173,78142.0,-8.059999999999945
27790.0,173,6019.0,27.35909090909091,1.2558729805928512,173,78800.0,0.037274191205955626,173,78800.0,-6.580000000000041
27795.0,169,5637.0,25.39189189189189,1.3407283391583786,169,78942.0,0.03826466069199467,169,78942.0,-1.419999999999959
27800.0,167,5201.0,23.533936651583712,1.3916879403703528,167,78457.0,0.043556145958084776,167,78457.0,4.849999999999909
27805.0,164,4868.0,22.12727272727273,1.4797920307320866,164,77959.0,0.049098123100896285,164,77959.0,4.980000000000018
27810.0,167,4964.0,22.563636363636363,1.4558908383545315,167,78230.0,0.04746177778311267,167,78230.0,-2.7099999999999227
27815.0,169,5073.0,22.95475113122172,1.4020952553794612,169,78546.0,0.04187079121478871,169,78546.0,-3.160000000000082
27820.0,168,5256.0,23.782805429864254,1.4621780604934767,168,78857.0,0.04660403262408841,168,78857.0,-3.1100000000000136
27825.0,169,5599.0,25.334841628959275,1.4853761048632204,169,78376.0,0.049127241197206475,169,78376.0,4.810000000000059
27830.0,170,5839.0,26.54090909090909,1.2931023225885971,170,78935.0,0.04204870398865895,170,78935.0,-5.590000000000032
27835.0,171,6014.0,27.212669683257918,1.1916853548911734,171,79506.0,0.03666224253750346,171,79506.0,-5.709999999999923
27840.0,168,6174.0,28.063636363636363,1.190710689892117,168,80073.0,0.03767957202430742,168,80073.0,-5.670000000000073
27845.0,164,6271.0,28.24774774774775,1.3329709380618222,164,80365.0,0.04252372975756055,164,80365.0,-2.919999999999959
27850.0,163,6419.0,28.914414414414413,1.2863909652839696,163,80253.0,0.0423228811137447,163,80253.0,1.1200000000000045
27855.0,162,6648.0,29.81165919282511,1.4143074806488494,162,80155.0,0.047524260142473164,162,80155.0,0.9800000000000182
27860.0,165,6939.0,31.116591928251122,1.397173780852936,164,80720.0,0.04299519410173514,164,80720.0,-5.650000000000091
27865.0,173,7494.0,33.455357142857146,1.2677781633680472,173,81496.0,0.03468226690126116,173,81496.0,-7.759999999999991
27870.0,173,8108.0,36.035555555555554,1.2713936875451832,173,81980.0,0.036150795380386895,173,81980.0,-4.839999999999918
27875.0,172,8403.0,37.01762114537445,1.280291559120819,172,81853.0,0.035149548534389244,172,81853.0,1.2699999999999818
27880.0,174,8524.0,37.222707423580786,1.297871893180811,174,81720.0,0.033012253600079214,174,81720.0,1.3299999999999272
27885.0,178,8721.0,38.25,1.2561643692027706,178,80698.0,0.03439918743981198,178,80698.0,10.220000000000027
27890.0,183,8897.0,39.19383259911894,1.0890113954608265,183,81341.0,0.030760117422802116,183,81341.0,-6.42999999999995
27895.0,181,9044.0,39.666666666666664,1.1022943178832711,181,81862.0,0.031636604504481754,181,81862.0,-5.210000000000036
27900.0,178,9179.0,40.082969432314414,1.284910255974754,178,82394.0,0.036303266012748,178,82394.0,-5.32000000000005
27905.0,175,9170.0,40.575221238938056,1.1812848059714631,175,82752.0,0.03382370260766979,175,82752.0,-3.5799999999999272
27910.0,172,9112.0,40.67857142857143,1.2238102892550506,172,82676.0,0.038254271457607444,172,82676.0,0.7599999999999909
27915.0,177,9157.0,40.517699115044245,1.328929788578485,177,82683.0,0.04147754875419657,177,82683.0,-0.07000000000005002
27920.0,182,9226.0,40.46491228070175,1.3470670153348587,182,82330.0,0.03596946739996529,182,82330.0,3.5300000000000864
27925.0,181,9237.0,40.51315789473684,1.313168550184015,181,83148.0,0.036812412924573774,181,83148.0,-8.180000000000064
27930.0,178,9192.0,40.31578947368421,1.309131071934213,178,83823.0,0.032869434798148904,178,83823.0,-6.75
27935.0,175,9134.0,39.88646288209607,1.3891304653617156,175,84367.0,0.035928516336288775,175,84367.0,-5.439999999999941
27940.0,171,9179.0,40.436123348017624,1.468687882229619,171,84920.0,0.04316359947096312,171,84920.0,-5.530000000000086
27945.0,174,9778.0,43.07488986784141,1.4367733252026091,174,85411.0,0.047603412989895996,174,85411.0,-4.909999999999968
27950.0,177,10426.0,46.13274336283186,1.4247369495158408,177,86049.0,0.045278178063593674,177,86049.0,-6.3799999999999955
27955.0,182,11098.0,49.10619469026549,1.3971451478700778,181,86669.0,0.04493711260039312,181,86669.0,-6.2000000000000455
27960.0,181,11776.0,52.10619469026549,1.3827221444858975,181,87323.0,0.041367442000569854,181,87323.0,-6.539999999999964
27965.0,182,12459.0,55.1283185840708,1.3149669923284246,182,88043.0,0.03534699034779403,182,88043.0,-7.199999999999932
27970.0,183,13208.0,58.442477876106196,1.297648039379923,183,88813.0,0.03032362732074318,183,88813.0,-7.7000000000000455
27975.0,189,13880.0,61.68888888888889,1.2143873288901723,189,89633.0,0.026688023100434558,189,89633.0,-8.200000000000045
27980.0,200,14426.0,64.40178571428571,0.9388768582458203,198,90500.0,0.01541580007842784,198,90500.0,-8.669999999999959
27985.0,200,14986.0,66.90178571428571,0.8811964306748382,199,91389.0,0.015523889057831477,199,91389.0,-8.889999999999986
27990.0,197,15354.0,68.54464285714286,0.8984274641814115,197,91837.0,0.016265392497203754,197,91837.0,-4.480000000000018
27995.0,194,15581.0,69.55803571428571,0.9665522232212524,194,91821.0,0.020837532850826415,194,91821.0,0.15999999999996817
28000.0,193,15796.0,69.89380530973452,1.1666548292353323,193,91786.0,0.02710094394073269,193,91786.0,0.35000000000002274
28005.0,189,15908.0,70.07929515418502,1.2082124710191795,189,92553.0,0.021386992146242016,189,92553.0,-7.669999999999959
28010.0,185,15998.0,71.41964285714286,1.2124095709321934,185,93295.0,0.0246955073997613,185,93295.0,-7.420000000000073
28015.0,185,16173.0,72.85135135135135,1.214139003538236,185,93990.0,0.03030894022258576,185,93990.0,-6.949999999999932
28020.0,185,16348.0,73.97285067873302,1.2303536322144757,185,94677.0,0.03130493019147265,185,94677.0,-6.8700000000000045
28025.0,184,16460.0,74.81818181818181,1.1444000416816695,184,94957.0,0.028398536753385613,184,94957.0,-2.800000000000068
28030.0,180,16516.0,75.41552511415524,1.1602587757860625,180,94761.0,0.029483484128137755,180,94761.0,1.9600000000000364
28035.0,175,16551.0,76.27188940092167,1.3030822900311263,175,94639.0,0.03992756961614611,175,94639.0,1.2200000000000273
28040.0,172,16461.0,76.20833333333333,1.3207311632142162,172,94378.0,0.03199242846535307,172,94378.0,2.6100000000000136
28045.0,167,16561.0,76.67129629629629,1.478385623878737,167,93174.0,0.038830279050788216,167,93174.0,12.039999999999964
28050.0,163,16662.0,77.49767441860465,1.5554133881894348,163,91969.0,0.04560922215443731,163,91969.0,12.049999999999955
28055.0,159,16751.0,78.64319248826291,1.5192796747397335,159,92563.0,0.04602256591064897,159,92563.0,-5.939999999999941
28060.0,162,17107.0,80.31455399061034,1.5211302361145291,162,93148.0,0.043990669607579844,162,93148.0,-5.850000000000023
28065.0,167,17511.0,81.06944444444444,1.585764772525721,167,93780.0,0.043470800199157146,167,93780.0,-6.319999999999936
28070.0,167,17834.0,82.94883720930233,1.4616806171802619,167,94007.0,0.03406510968425949,167,94007.0,-2.2700000000000955
28075.0,164,18089.0,84.52803738317758,1.5016268631856702,164,93830.0,0.04030029861105153,164,93830.0,1.7700000000000955
28080.0,160,18329.0,85.64953271028037,1.6693548676778323,160,93641.0,0.04569356416616969,160,93641.0,1.8899999999999864
28085.0,156,18551.0,87.50471698113208,1.718034275884218,156,93059.0,0.050195098633854074,156,93059.0,5.819999999999936
28090.0,153,18793.0,89.49047619047619,1.8825626880852515,153,92489.0,0.06020544221401672,153,92489.0,5.7000000000000455
28095.0,153,19088.0,91.33014354066985,1.9216276894556932,153,92313.0,0.06019573600562668,153,92313.0,1.759999999999991
28100.0,153,19383.0,93.1875,1.89794759342324,152,91994.0,0.05930994761441624,152,91994.0,3.189999999999941
28105.0,151,19579.0,94.1298076923077,1.9134741967443287,150,91393.0,0.05946213421033713,150,91393.0,6.010000000000105
28110.0,152,19930.0,94.9047619047619,1.959735619075637,152,90131.0,0.061134495953590946,152,90131.0,12.620000000000005
28115.0,152,20289.0,95.70283018867924,2.0256176167259414,152,88903.0,0.06169689725888345,152,88903.0,12.279999999999973
28120.0,152,20512.0,97.67619047619047,1.992658150263992,152,89461.0,0.05932246038761161,152,89461.0,-5.580000000000041
28125.0,148,20781.0,98.48815165876778,2.0588833298898988,148,89980.0,0.059072230774263206,148,89980.0,-5.189999999999941
28130.0,150,21132.0,101.11004784688996,2.1353970903598154,150,90494.0,0.06666028753818272,150,90494.0,-5.1400000000001
28135.0,151,21509.0,103.40865384615384,1.9946557762146075,151,90152.0,0.06235483399976344,151,90152.0,3.4200000000000728
28140.0,153,21943.0,106.0048309178744,1.8810026023606463,153,89815.0,0.05467967263525563,153,89815.0,3.3700000000000045
28145.0,154,22378.0,108.10628019323671,1.7639591935005101,154,89484.0,0.054420775592022484,154,89484.0,3.3099999999999454
28150.0,155,22687.0,109.07211538461539,1.6013916980422545,155,89766.0,0.041736602399917305,155,89766.0,-2.8199999999999363
28155.0,154,22909.0,110.13942307692308,1.534313340079924,154,89743.0,0.04164630185403853,154,89743.0,0.2300000000000182
28160.0,151,23119.0,111.14903846153847,1.7040188275278452,151,89696.0,0.050480936789346745,151,89696.0,0.4699999999999136
28165.0,147,23223.0,113.28292682926829,1.5481730294991252,147,90173.0,0.04393683796704901,147,90173.0,-4.769999999999982
28170.0,147,23419.0,115.93564356435644,1.4270084785605213,147,90649.0,0.04560436622112781,147,90649.0,-4.759999999999991
28175.0,153,23870.0,116.4390243902439,1.484658227764547,153,91121.0,0.047380954264770896,153,91121.0,-4.720000000000027
28180.0,158,24349.0,117.6280193236715,1.411530430428895,158,91650.0,0.04450600908907442,158,91650.0,-5.289999999999964
28185.0,161,24846.0,119.45192307692308,1.3624452661116875,161,92227.0,0.04353040174902783,161,92227.0,-5.769999999999982
28190.0,165,25359.0,120.75714285714285,1.242659827819078,165,92820.0,0.033953336788654094,165,92820.0,-5.930000000000064
28195.0,167,25893.0,122.71563981042654,1.3147591620654917,167,93433.0,0.03673811069466454,167,93433.0,-6.1299999999999955
28200.0,165,26225.0,123.70283018867924,1.3638099334853955,165,92254.0,0.031515101749935874,165,92254.0,11.790000000000077
28205.0,167,26670.0,124.62616822429906,1.4979889344754023,167,91119.0,0.03676517027757251,167,91119.0,11.349999999999909
28210.0,169,27057.0,127.62735849056604,1.2510309868029004,169,91462.0,0.03370008546138025,169,91462.0,-3.42999999999995
28215.0,168,27403.0,128.65258215962442,1.3888606781821224,168,91499.0,0.039925111265012116,168,91499.0,-0.37000000000000455
28220.0,169,27774.0,131.63033175355451,1.3347816079802426,169,91509.0,0.03910128838033238,169,91509.0,-0.10000000000002274
28225.0,169,28148.0,132.77358490566039,1.3910460948994678,169,91295.0,0.03970017808758314,169,91295.0,2.1399999999999864
28230.0,166,28510.0,134.4811320754717,1.5766322021933812,166,91103.0,0.05024871879805301,166,91103.0,1.9200000000000728
28235.0,163,28860.0,134.85981308411215,1.6672559712598076,163,90925.0,0.047029411849399995,163,90925.0,1.7799999999999727
28240.0,161,29199.0,137.7311320754717,1.6823923351874304,160,91014.0,0.05110027662828457,160,91014.0,-0.8899999999999864
28245.0,156,29514.0,139.21698113207546,1.7763699199856713,156,90836.0,0.057808653943691946,156,90836.0,1.7799999999999727
28250.0,152,29808.0,141.27014218009478,1.868606967112937,152,90890.0,0.06290720427509669,152,90890.0,-0.5399999999999636
28255.0,148,30079.0,143.23333333333332,1.9111273343773458,148,90909.0,0.06613545559312435,148,90909.0,-0.19000000000005457
28260.0,142,28975.0,139.3028846153846,1.9658652748042857,142,90478.0,0.0706641106983734,142,90478.0,4.310000000000059
28265.0,142,27111.0,129.7177033492823,2.027105560304876,141,89099.0,0.07409616773092638,141,89099.0,13.789999999999964
28270.0,144,25340.0,122.41545893719807,2.008098777388042,143,87733.0,0.07390851573525169,143,87733.0,13.659999999999968
28275.0,143,23636.0,114.18357487922705,2.0548125666328043,141,85442.0,0.0804367646179505,141,85442.0,22.910000000000082
28280.0,145,22089.0,106.71014492753623,2.0447789836859793,144,83197.0,0.08100742458360333,144,83197.0,22.449999999999932
28285.0,146,20335.0,96.83333333333333,1.9727862935809872,145,83656.0,0.07128441865947883,145,83656.0,-4.589999999999918
28290.0,148,18615.0,89.06698564593302,1.904801938587915,144,84038.0,0.0660010429952289,144,84038.0,-3.82000000000005
28295.0,148,17054.0,81.20952380952382,2.0280247998716394,146,84467.0,0.06867863238378427,146,84467.0,-4.289999999999964
28300.0,151,15540.0,74.35406698564593,2.070238591028832,151,84922.0,0.06515934211329964,151,84922.0,-4.550000000000068
28305.0,155,14057.0,66.62085308056872,2.1105751201097536,155,85445.0,0.061695663885375236,155,85445.0,-5.230000000000018
28310.0,156,12584.0,59.639810426540286,2.0422297331561396,156,86074.0,0.05234762308472003,156,86074.0,-6.289999999999964
28315.0,157,11117.0,52.93809523809524,2.013389481352592,157,86670.0,0.04630799983534502,157,86670.0,-5.960000000000036
28320.0,159,9660.0,46.2200956937799,1.9157612240450896,159,87290.0,0.045028162562572985,159,87290.0,-6.199999999999932
28325.0,162,8682.0,40.95283018867924,1.9874246746781934,162,87941.0,0.04587419042614879,162,87941.0,-6.509999999999991
28330.0,168,9507.0,44.844339622641506,1.8864035034005635,168,88621.0,0.042352950479690746,168,88621.0,-6.800000000000068
28335.0,172,10134.0,47.801886792452834,1.6040589682742343,172,88986.0,0.03120585097726907,172,88986.0,-3.6499999999999773
28340.0,173,10620.0,50.094339622641506,1.5047537084177391,173,89027.0,0.02779085336117848,173,89027.0,-0.40999999999996817
28345.0,172,11103.0,52.37264150943396,1.5390531181683735,172,89114.0,0.03642749052961176,172,89114.0,-0.8700000000000045
28350.0,170,11576.0,55.38755980861244,1.470640143880961,170,88983.0,0.034582984184982665,170,88983.0,1.3099999999999454
28355.0,167,12043.0,57.89903846153846,1.5411769404832574,167,88855.0,0.046370211242892694,167,88855.0,1.2800000000000864
28360.0,165,12498.0,60.3768115942029,1.5519738085876702,165,88826.0,0.045883903852481304,165,88826.0,0.2899999999999636
28365.0,165,12942.0,61.628571428571426,1.6096393156468027,164,89041.0,0.05023293296928147,164,89041.0,-2.1499999999999773
28370.0,163,13128.0,62.51428571428571,1.5670867146371796,163,88715.0,0.04778566434956352,163,88715.0,3.259999999999991
28375.0,160,13137.0,62.856459330143544,1.582535584729323,160,87443.0,0.05290187755236642,160,87443.0,12.720000000000027
28380.0,158,13135.0,62.84688995215311,1.7545357698351791,158,86176.0,0.0601651182635428,158,86176.0,12.669999999999959
28385.0,155,13126.0,62.50476190476191,1.7649553478377633,154,86509.0,0.058536978980514014,154,86509.0,-3.330000000000041
28390.0,155,13144.0,62.889952153110045,1.7456957596078222,154,87064.0,0.05598320618052279,154,87064.0,-5.5499999999999545
28395.0,151,13179.0,63.666666666666664,1.7977170671866112,151,87455.0,0.05487962911225782,151,87455.0,-3.909999999999968
28400.0,148,13114.0,63.66019417475728,1.891280273106487,148,87963.0,0.0612873654213052,148,87963.0,-5.080000000000041
28405.0,150,13256.0,64.3495145631068,1.7229184046971389,149,88488.0,0.055076547114553634,149,88488.0,-5.25
28410.0,156,13486.0,64.83653846153847,1.6500888023173697,156,89040.0,0.04792385778382052,156,89040.0,-5.519999999999982
28415.0,159,13128.0,63.42028985507246,1.3822699295445031,159,88738.0,0.03934240995059712,159,88738.0,3.019999999999982
28420.0,161,12381.0,59.52403846153846,1.4270825230300375,161,88427.0,0.038773188713735,161,88427.0,3.1100000000000136
28425.0,156,11623.0,55.34761904761905,1.4722416689787106,156,87220.0,0.042799405117449944,156,87220.0,12.069999999999936
28430.0,155,10888.0,52.34615384615385,1.3557048863992305,155,87763.0,0.04046230658074647,155,87763.0,-5.42999999999995
28435.0,152,10265.0,49.35096153846154,1.4474470938102355,152,88287.0,0.04716927310085475,152,88287.0,-5.240000000000009
28440.0,159,9973.0,47.94711538461539,1.4268946502443427,159,88878.0,0.04387486730257303,159,88878.0,-5.909999999999968
28445.0,167,9608.0,45.97129186602871,1.2302206754112313,167,89278.0,0.032566128323035466,167,89278.0,-4.0
28450.0,167,9163.0,43.426540284360186,1.243653640178333,167,89420.0,0.031235939964724495,167,89420.0,-1.4200000000000728
28455.0,167,8747.0,41.06572769953052,1.3714277749698967,167,89559.0,0.037755554927822045,167,89559.0,-1.3899999999999864
28460.0,167,8342.0,39.16431924882629,1.4477255422523256,167,89513.0,0.03846485313247695,167,89513.0,0.4600000000000364
28465.0,164,7924.0,37.02803738317757,1.6297447005911767,164,89499.0,0.048275734698293424,164,89499.0,0.13999999999998636
28470.0,162,7494.0,35.183098591549296,1.6277874455855275,162,89524.0,0.04687170148691725,162,89524.0,-0.25
28475.0,161,6958.0,32.36279069767442,1.6523105093330055,160,90169.0,0.04761485803645134,160,90169.0,-6.4500000000000455
28480.0,164,6676.0,31.19626168224299,1.6059460645589703,164,90824.0,0.04559470966874039,164,90824.0,-6.5499999999999545
28485.0,169,7281.0,34.183098591549296,1.425589931252555,169,91482.0,0.04081189677552086,169,91482.0,-6.580000000000041
28490.0,172,7866.0,36.929577464788736,1.3956810233039223,172,91926.0,0.04026509787051456,172,91926.0,-4.439999999999941
28495.0,168,8419.0,39.52582159624413,1.4825579128756718,168,92135.0,0.045938533548765835,168,92135.0,-2.090000000000032
28500.0,166,8961.0,42.070422535211264,1.6784046305912355,166,92307.0,0.05116714916557471,166,92307.0,-1.7200000000000273
28505.0,161,9487.0,44.75,1.7201905735636052,161,92245.0,0.05338400690462834,161,92245.0,0.6200000000000045
28510.0,158,10068.0,47.71563981042654,1.9499276178277483,158,92362.0,0.06539998768407194,158,92362.0,-1.169999999999959
28515.0,157,10395.0,49.5,1.78160761426771,157,91720.0,0.05655883617176457,157,91720.0,6.419999999999959
28520.0,159,10465.0,49.833333333333336,1.6879206922512324,159,90332.0,0.05550078658973932,159,90332.0,13.879999999999995
28525.0,158,10535.0,50.166666666666664,1.6327798352720422,158,88969.0,0.05491691017332123,158,88969.0,13.629999999999995
28530.0,156,10602.0,50.48571428571429,1.8572910090008279,156,86683.0,0.0586684594394896,156,86683.0,22.860000000000014
28535.0,152,10474.0,49.87619047619047,1.796711797294786,152,87083.0,0.056936284709385575,152,87083.0,-4.0
28540.0,151,10222.0,48.216981132075475,1.9289983462904408,151,87403.0,0.06038275834880041,151,87403.0,-3.199999999999932
28545.0,147,10142.0,47.839622641509436,1.9801039042398507,147,87732.0,0.06458173374901273,147,87732.0,-3.2900000000000773
28550.0,151,10236.0,48.283018867924525,2.1216708621365368,151,88035.0,0.07020515582854517,151,88035.0,-3.0299999999999727
28555.0,156,10356.0,49.08056872037915,1.9821958036240916,156,88439.0,0.06688795560183793,156,88439.0,-4.039999999999964
28560.0,164,10503.0,49.309859154929576,1.7637365077736047,164,88950.0,0.0520002180011613,164,88950.0,-5.110000000000014
28565.0,166,10671.0,50.33490566037736,1.486435963675539,166,89512.0,0.039148043425848,166,89512.0,-5.6200000000000045
28570.0,169,10853.0,51.680952380952384,1.4078122081639366,168,90088.0,0.0391063575964493,168,90088.0,-5.759999999999991
28575.0,170,11044.0,52.094339622641506,1.4604951897090848,169,90660.0,0.03793186825753379,169,90660.0,-5.720000000000027
28580.0,172,11391.0,53.228971962616825,1.499574075849064,172,91247.0,0.03451450116345712,172,91247.0,-5.8700000000000045
28585.0,174,12108.0,56.05555555555556,1.4783123133883582,174,90932.0,0.03300209031231788,174,90932.0,3.1499999999999773
28590.0,178,12735.0,59.50934579439252,1.3082854143049707,178,89716.0,0.03126131921436241,178,89716.0,12.160000000000082
28595.0,175,13364.0,62.44859813084112,1.3773577282690566,175,88550.0,0.03553235083155346,175,88550.0,11.659999999999968
28600.0,175,13986.0,64.75,1.4495100602842466,175,86480.0,0.03552353286292932,175,86480.0,20.700000000000045
28605.0,174,14586.0,67.84186046511628,1.3275110534048122,174,87160.0,0.036566347565306204,174,87160.0,-6.800000000000068
28610.0,178,15216.0,70.44444444444444,1.2985568523173057,178,87873.0,0.03752197131957232,178,87873.0,-7.1299999999999955
28615.0,181,15866.0,72.77981651376147,1.3604212104066922,181,88609.0,0.0339969524882154,181,88609.0,-7.360000000000014
28620.0,178,16470.0,76.25,1.3375717579775535,178,88417.0,0.032193770127457874,178,88417.0,1.9200000000000728
28625.0,174,17024.0,79.55140186915888,1.3767006830587756,174,87288.0,0.03731954247406366,174,87288.0,11.289999999999964
28630.0,170,17555.0,82.41784037558685,1.4318394932582725,170,86163.0,0.04332269923105398,170,86163.0,11.25
28635.0,166,18051.0,85.14622641509433,1.4132538670015478,166,86848.0,0.04168148565087766,166,86848.0,-6.850000000000023
28640.0,166,18556.0,88.7846889952153,1.333220931909353,166,87533.0,0.040520808843395276,166,87533.0,-6.850000000000023
28645.0,166,19085.0,90.88095238095238,1.4284203883791666,166,88213.0,0.04383236565089838,166,88213.0,-6.7999999999999545
28650.0,164,19029.0,90.61428571428571,1.4261545493397412,164,87967.0,0.0387229561678916,164,87967.0,2.4600000000000364
28655.0,165,18679.0,88.10849056603773,1.5183553581478508,165,86784.0,0.04122432861936253,165,86784.0,11.829999999999927
28660.0,166,18330.0,86.87203791469194,1.450662200477724,166,85610.0,0.0404880320868134,166,85610.0,11.740000000000009
28665.0,165,17961.0,85.52857142857142,1.3596581602880002,165,86264.0,0.039485960621161685,165,86264.0,-6.539999999999964
28670.0,165,17609.0,84.65865384615384,1.3463134298079358,165,86933.0,0.03701018148686765,165,86933.0,-6.690000000000055
28675.0,167,17264.0,82.20952380952382,1.415294201495929,167,87590.0,0.04017207405058941,167,87590.0,-6.569999999999936
28680.0,166,16903.0,80.8755980861244,1.3030025695383258,166,87324.0,0.032412249383747,166,87324.0,2.659999999999968
28685.0,165,16544.0,79.53846153846153,1.313445254805771,165,86109.0,0.04037647883958398,165,86109.0,12.149999999999977
28690.0,165,16191.0,77.84134615384616,1.2108144245171657,165,86720.0,0.03834239998323033,165,86720.0,-6.110000000000014
28695.0,169,15848.0,75.1090047393365,1.2511166521288828,169,87363.0,0.03042098444979237,169,87363.0,-6.42999999999995
28700.0,170,15518.0,73.8952380952381,1.2016822551886124,170,88025.0,0.03264750127576511,170,88025.0,-6.6200000000000045
28705.0,172,15198.0,72.37142857142857,1.1227397589005346,172,88716.0,0.03153341344889125,172,88716.0,-6.909999999999968
28710.0,170,14657.0,70.46634615384616,1.057027220058282,170,88481.0,0.026891034597904158,170,88481.0,2.3500000000000227
28715.0,166,14170.0,68.45410628019323,1.1656987403832761,166,87280.0,0.03800365796141492,166,87280.0,12.009999999999991
28720.0,166,14550.0,69.95192307692308,1.3084803215449308,166,86085.0,0.04183426515492885,166,86085.0,11.949999999999932
28725.0,167,14932.0,70.76777251184834,1.3676409495029047,167,83992.0,0.04013878572411883,167,83992.0,20.930000000000064
28730.0,164,15193.0,72.69377990430623,1.2983124709545488,164,83712.0,0.03937469115701023,164,83712.0,2.7999999999999545
28735.0,161,15368.0,73.18095238095238,1.3580456055227133,161,82516.0,0.043893065441793805,161,82516.0,11.960000000000036
28740.0,158,15532.0,74.67307692307692,1.4570773995456463,158,81331.0,0.04717368823606575,158,81331.0,11.850000000000023
28745.0,154,15711.0,75.17224880382776,1.7086303415638058,154,79214.0,0.05599353725058561,154,79214.0,21.16999999999996
28750.0,155,15866.0,76.27884615384616,1.6067724505711527,155,79796.0,0.050476894490771994,155,79796.0,-5.82000000000005
28755.0,160,16090.0,76.61904761904762,1.6207463648920142,160,80392.0,0.048305710082824735,160,80392.0,-5.959999999999923
28760.0,161,16331.0,78.13875598086125,1.676615319543524,161,81020.0,0.049349875471788984,161,81020.0,-6.280000000000086
28765.0,158,16465.0,78.77990430622009,1.687245494962506,158,80741.0,0.04696991861116125,158,80741.0,2.7900000000000773
28770.0,154,16509.0,79.7536231884058,1.7388514808153477,154,79555.0,0.050550478815963425,154,79555.0,11.860000000000014
28775.0,150,16628.0,80.32850241545894,1.918588874486735,150,78367.0,0.06211579432465886,150,78367.0,11.879999999999995
28780.0,152,16228.0,78.39613526570048,1.7835291811619578,151,78539.0,0.05274589937354234,151,78539.0,-1.7200000000000273
28785.0,154,15305.0,73.58173076923077,1.6412148184295285,154,79177.0,0.044770220026599895,154,79177.0,-6.3799999999999955
28790.0,151,14373.0,69.10096153846153,1.7018252531222884,151,78961.0,0.04921672913902717,151,78961.0,2.159999999999968
28795.0,149,13427.0,64.55288461538461,1.6689081740806573,149,79571.0,0.050310141054097014,149,79571.0,-6.100000000000023
28800.0,157,12689.0,60.423809523809524,1.5977751179223723,157,80202.0,0.04346752347746788,157,80202.0,-6.309999999999945
28805.0,163,11985.0,57.344497607655505,1.3830344341312277,163,80869.0,0.037970409581325054,163,80869.0,-6.670000000000073
28810.0,165,11212.0,54.16425120772947,1.1709112089519296,165,80641.0,0.03467514720618652,165,80641.0,2.2800000000000864
28815.0,162,10372.0,49.6267942583732,1.3454186338999736,162,79478.0,0.04129904079285445,162,79478.0,11.629999999999995
28820.0,159,9515.0,45.526315789473685,1.4457186472323975,159,78306.0,0.04590897720420727,159,78306.0,11.720000000000027
28825.0,156,8445.0,40.4066985645933,1.3588121314925856,156,78034.0,0.04035085757313368,156,78034.0,2.7199999999999136
28830.0,155,7285.0,34.856459330143544,1.473970757548699,155,76844.0,0.04309382542755938,155,76844.0,11.899999999999977
28835.0,155,6258.0,30.08653846153846,1.4840736736361722,155,75675.0,0.047403679293105516,155,75675.0,11.690000000000055
28840.0,156,5290.0,25.19047619047619,1.5751987458569163,156,73630.0,0.04730506324400157,156,73630.0,20.450000000000045
28845.0,153,4584.0,21.82857142857143,1.7024638918386887,153,71580.0,0.05404740141520297,153,71580.0,20.5
28850.0,154,4732.0,22.42654028436019,1.6159446024176856,154,72207.0,0.04995184830782206,154,72207.0,-6.2700000000000955
28855.0,157,4965.0,23.419811320754718,1.6781559748124903,157,72840.0,0.05236343393565612,157,72840.0,-6.329999999999927
28860.0,159,5230.0,24.786729857819907,1.7152173132879158,159,73509.0,0.05577185511644875,159,73509.0,-6.690000000000055
28865.0,158,5382.0,25.38679245283019,1.8074634259045375,158,73352.0,0.050127942918233075,158,73352.0,1.57000000000005
28870.0,153,5434.0,26.125,1.7665063902975138,153,72212.0,0.05049657731988433,153,72212.0,11.399999999999977
28875.0,150,5517.0,26.52403846153846,1.9293882300118523,150,71064.0,0.06072039508721765,150,71064.0,11.480000000000018
28880.0,151,5671.0,27.396135265700483,1.8045019707512107,151,71701.0,0.05453758001317169,151,71701.0,-6.3700000000000045
28885.0,156,5885.0,28.023809523809526,1.8325224989945144,156,72370.0,0.050860602750882306,156,72370.0,-6.690000000000055
28890.0,158,6213.0,29.870192307692307,1.7528811429473623,158,73039.0,0.051951745283428066,158,73039.0,-6.689999999999941
28895.0,165,6823.0,32.645933014354064,1.6100225946640598,165,73740.0,0.04368041080817998,165,73740.0,-7.009999999999991
28900.0,170,7316.0,34.67298578199052,1.4624417980328228,170,73582.0,0.029746615150725554,170,73582.0,1.5799999999999272
28905.0,168,7715.0,36.73809523809524,1.4211918132141155,168,72539.0,0.03535757068362663,168,72539.0,10.430000000000064
28910.0,166,8101.0,38.760765550239235,1.4506724848421917,166,71510.0,0.039202114248793725,166,71510.0,10.289999999999964
28915.0,163,8457.0,40.85507246376812,1.348552950692718,163,72230.0,0.039785784529188246,163,72230.0,-7.199999999999932
28920.0,166,8832.0,42.46153846153846,1.364587245782933,166,72978.0,0.03681814169379393,166,72978.0,-7.480000000000018
28925.0,166,9217.0,44.3125,1.359266356942638,166,73719.0,0.039312064095069786,166,73719.0,-7.410000000000082
28930.0,166,9622.0,46.48309178743961,1.2591917838044349,166,73588.0,0.032313382137176966,166,73588.0,1.3100000000000591
28935.0,171,10143.0,48.76442307692308,1.1606699411273171,171,73484.0,0.03216530695239967,171,73484.0,1.0399999999999636
28940.0,172,10669.0,51.047846889952154,1.0869952414480604,172,73422.0,0.029573334257522614,172,73422.0,0.6200000000000045
28945.0,168,10731.0,51.344497607655505,1.1967248866346205,168,73652.0,0.03276927026972353,168,73652.0,-2.2999999999999545
28950.0,166,10476.0,49.885714285714286,1.231224904183391,166,73293.0,0.03442017926530231,166,73293.0,3.590000000000032
28955.0,162,10214.0,48.87081339712919,1.3271486766862044,162,72903.0,0.042390122616486406,162,72903.0,3.8999999999999773
28960.0,158,9982.0,47.99038461538461,1.4698555902266397,158,71942.0,0.046170986642483265,158,71942.0,9.610000000000014
28965.0,154,9797.0,47.328502415458935,1.6509658336657747,154,70980.0,0.05880417782715551,154,70980.0,9.620000000000005
28970.0,155,9729.0,46.77403846153846,1.6633360200835077,155,70036.0,0.05307152815799613,155,70036.0,9.43999999999994
28975.0,156,9664.0,46.239234449760765,1.6525162715661814,155,69649.0,0.05814565959474781,155,69649.0,3.8700000000000045
28980.0,155,9502.0,45.464114832535884,1.5539011219772254,155,70332.0,0.05161586629143118,155,70332.0,-6.830000000000041
28985.0,160,9433.0,45.133971291866025,1.4451788032817043,159,71031.0,0.04713550519664407,159,71031.0,-6.989999999999895
28990.0,160,9381.0,44.88516746411483,1.501240605217574,159,71687.0,0.04894672009113491,159,71687.0,-6.560000000000059
28995.0,152,8955.0,43.05288461538461,1.5373925343410675,152,71471.0,0.052342450029874595,152,71471.0,2.159999999999968
29000.0,154,8382.0,40.10526315789474,1.6627162697751081,154,70355.0,0.05707647477615899,154,70355.0,11.160000000000082
29005.0,156,7831.0,37.29047619047619,1.8332279713004833,156,69278.0,0.06344108227780877,156,69278.0,10.769999999999982
29010.0,156,7344.0,34.97142857142857,1.7860176550715794,156,69420.0,0.059063014320560235,156,69420.0,-1.4200000000000728
29015.0,158,7399.0,35.40191387559808,1.6555926679420483,158,69598.0,0.048950164117677435,158,69598.0,-1.7799999999999727
29020.0,160,7458.0,35.51428571428571,1.6224779750482756,160,69762.0,0.049238415538502736,160,69762.0,-1.6399999999999864
29025.0,159,7518.0,35.4622641509434,1.55354138761468,159,68840.0,0.04255545133091341,159,68840.0,9.220000000000027
29030.0,158,7578.0,35.91469194312796,1.6568606966634698,158,68003.0,0.04814925170936108,158,68003.0,8.370000000000005
29035.0,156,7513.0,35.60663507109005,1.6218708635757126,156,68721.0,0.0478117824928125,156,68721.0,-7.180000000000064
29040.0,159,7394.0,34.87735849056604,1.5781258772219886,159,69364.0,0.04336458495897429,159,69364.0,-6.42999999999995
29045.0,154,7383.0,34.99052132701422,1.5401503564093701,154,70075.0,0.04613800042430306,154,70075.0,-7.110000000000014
29050.0,153,7347.0,35.32211538461539,1.4673719054969214,153,70242.0,0.04467906008903394,153,70242.0,-1.669999999999959
29055.0,154,7311.0,35.14903846153846,1.448948072039975,154,69888.0,0.047587122437077176,154,69888.0,3.5399999999999636
29060.0,155,7425.0,35.69711538461539,1.5262996748751507,155,69539.0,0.05499863223262985,155,69539.0,3.490000000000009
29065.0,155,8026.0,38.03791469194313,1.6000003794928594,155,68681.0,0.0530355836816477,155,68681.0,8.580000000000041
29070.0,158,8696.0,40.82629107981221,1.753980580572275,158,67847.0,0.0610918726851397,158,67847.0,8.339999999999918
29075.0,158,9012.0,41.91627906976744,1.6213696090515362,158,67687.0,0.05358946846212171,158,67687.0,1.6000000000000227
29080.0,159,9081.0,42.43457943925234,1.5863240589142364,159,66658.0,0.056315406002288106,159,66658.0,10.289999999999964
29085.0,161,9162.0,42.416666666666664,1.7174471546659664,161,65657.0,0.058590939140564555,161,65657.0,10.009999999999991
29090.0,162,9124.0,41.85321100917431,1.7323623510737804,162,66305.0,0.050271765635127245,162,66305.0,-6.4799999999999045
29095.0,159,8999.0,41.47004608294931,1.7816393207456984,159,66879.0,0.049191233223877195,159,66879.0,-5.740000000000009
29100.0,156,8887.0,40.953917050691246,1.9305035814552867,156,67455.0,0.05713663965596373,156,67455.0,-5.759999999999991
29105.0,156,8878.0,41.101851851851855,1.7885927753267987,156,67340.0,0.05396909544694452,156,67340.0,1.1499999999999773
29110.0,160,8890.0,40.96774193548387,1.744928499030304,160,67243.0,0.04767424291982667,160,67243.0,0.9700000000000273
29115.0,160,8951.0,41.43981481481482,1.6803746142825218,160,67135.0,0.0473646401503302,160,67135.0,1.0799999999999272
29120.0,162,8700.0,40.46511627906977,1.5944758426179253,162,67032.0,0.044948110479546284,162,67032.0,1.0299999999999727
29125.0,163,8231.0,38.10648148148148,1.4316151494250846,163,66923.0,0.036294607605757166,163,66923.0,1.0900000000000318
29130.0,162,7765.0,36.28504672897196,1.3664391240777234,162,66333.0,0.03767262123406481,162,66333.0,5.899999999999977
29135.0,159,7193.0,33.61214953271028,1.2938696313141778,159,66989.0,0.037802728199558155,159,66989.0,-6.559999999999945
29140.0,156,6679.0,31.654028436018958,1.2710239810245578,156,67545.0,0.04456793823893663,156,67545.0,-5.560000000000059
29145.0,158,6694.0,31.427230046948356,1.316062337403685,158,68130.0,0.044214830996806016,158,68130.0,-5.849999999999909
29150.0,161,6804.0,31.5,1.3416005917447205,161,68194.0,0.04041749875152447,161,68194.0,-0.6400000000001
29155.0,164,6914.0,31.861751152073733,1.2324020174601553,164,67599.0,0.03569794134818678,164,67599.0,5.9500000000000455
29160.0,165,7039.0,32.288990825688074,1.3295570435501847,165,67036.0,0.039466004446025486,165,67036.0,5.6299999999999955
29165.0,163,7164.0,32.71232876712329,1.384215206222076,163,65830.0,0.039551768928401614,163,65830.0,12.06000000000006
29170.0,162,7313.0,33.24090909090909,1.6057038006194295,162,64748.0,0.04655397650836862,162,64748.0,10.819999999999936
29175.0,161,7497.0,34.07727272727273,1.6589908591352671,161,63723.0,0.049684612499216046,161,63723.0,10.25
29180.0,163,7691.0,34.95909090909091,1.6469431227133586,163,63542.0,0.05130452996918006,163,63542.0,1.8100000000000591
29185.0,165,7909.0,35.95,1.525092192733364,165,64202.0,0.04684716011125702,165,64202.0,-6.600000000000023
29190.0,164,8478.0,38.53636363636364,1.6925420581392587,163,64784.0,0.05482148398557567,163,64784.0,-5.82000000000005
29195.0,164,9071.0,41.04524886877828,1.8321435565874675,164,65416.0,0.057949190836913994,164,65416.0,-6.319999999999936
29200.0,165,9810.0,44.59090909090909,1.9885434451067963,165,66039.0,0.06297853429640644,165,66039.0,-6.230000000000018
29205.0,167,10568.0,48.03636363636364,1.9800816816008295,167,66708.0,0.05835502847753524,167,66708.0,-6.690000000000055
29210.0,168,11334.0,52.23041474654378,1.883379163161394,168,67443.0,0.05439184499178515,168,67443.0,-7.349999999999909
29215.0,170,12126.0,55.88018433179724,1.794486523222669,170,68194.0,0.04829756835716452,170,68194.0,-7.510000000000105
29220.0,176,12985.0,60.11574074074074,1.6328875982408206,174,68977.0,0.04454789928987532,174,68977.0,-7.829999999999927
29225.0,180,13860.0,64.16666666666667,1.453375388610733,179,69772.0,0.034462282424107954,179,69772.0,-7.9500000000000455
29230.0,180,14296.0,66.18518518518519,1.2564021439534316,180,69929.0,0.02276787231049103,180,69929.0,-1.5699999999999363
29235.0,179,14422.0,66.46082949308756,1.3333777383680283,179,69411.0,0.025648269125740766,179,69411.0,5.17999999999995
29240.0,175,14530.0,67.26851851851852,1.4592326882396036,175,68947.0,0.034084252520010135,175,68947.0,4.639999999999986
29245.0,172,14625.0,67.70833333333333,1.64239426273148,172,67863.0,0.039920879136407815,172,67863.0,10.840000000000032
29250.0,169,14703.0,69.35377358490567,1.751182491779867,169,66789.0,0.047595421077285906,169,66789.0,10.740000000000009
29255.0,166,14767.0,69.00467289719626,1.8578658359391589,166,65732.0,0.04787776792903435,166,65732.0,10.569999999999936
29260.0,163,14813.0,69.2196261682243,1.9497606396782072,162,65296.0,0.05544960547873507,162,65296.0,4.360000000000014
29265.0,158,14834.0,69.97169811320755,1.9624170378141124,158,64235.0,0.059792223615118885,158,64235.0,10.610000000000014
29270.0,155,14389.0,68.19431279620854,1.8931176495928805,155,64050.0,0.057736303366145596,155,64050.0,1.8500000000000227
29275.0,152,13628.0,64.58767772511848,1.954157349180415,152,62933.0,0.06316824391612576,152,62933.0,11.169999999999959
29280.0,148,12847.0,61.17619047619048,2.15869616113608,148,61806.0,0.07280291633213817,148,61806.0,11.270000000000095
29285.0,144,12010.0,58.01932367149758,2.025784822674221,144,61843.0,0.06831616861916295,144,61843.0,-0.37000000000000455
29290.0,141,11199.0,54.36407766990291,2.0972465396189253,141,61268.0,0.0700829393745452,141,61268.0,5.75
29295.0,140,10555.0,50.990338164251206,2.2639863881536693,140,60679.0,0.07598839252252737,140,60679.0,5.889999999999986
29300.0,144,10285.0,49.44711538461539,2.1327690455949084,144,61303.0,0.06455427722240271,144,61303.0,-6.240000000000009
29305.0,150,10112.0,48.38277511961722,1.9330399875395254,150,61957.0,0.058422521563785315,150,61957.0,-6.540000000000077
29310.0,150,9995.0,48.05288461538461,1.785425050654786,150,62508.0,0.04852558802787793,150,62508.0,-5.509999999999991
29315.0,152,9899.0,47.82125603864734,1.7541537414632997,152,63109.0,0.0470969343116441,152,63109.0,-6.009999999999991
29320.0,154,9834.0,47.507246376811594,1.7715053828050193,154,63746.0,0.054817418511728666,154,63746.0,-6.3700000000000045
29325.0,156,9776.0,46.55238095238095,1.815602043604854,156,64426.0,0.051007205397942894,156,64426.0,-6.7999999999999545
29330.0,155,9632.0,46.531400966183575,1.6405829341975657,155,64493.0,0.04003260148405495,155,64493.0,-0.6699999999999591
29335.0,153,9600.0,47.29064039408867,1.5213095146892377,153,63923.0,0.045859246029795984,153,63923.0,5.699999999999932
29340.0,159,10217.0,49.35748792270532,1.5942825694968032,159,63591.0,0.04768508424680751,159,63591.0,3.32000000000005
29345.0,161,10686.0,51.6231884057971,1.5056059508511068,161,63421.0,0.03552622111705336,161,63421.0,1.6999999999999318
29350.0,163,11049.0,53.63592233009709,1.4825610803455644,163,62380.0,0.03629199265223419,163,62380.0,10.410000000000082
29355.0,160,11402.0,54.55502392344498,1.6698939171589056,160,61356.0,0.044918345667782134,160,61356.0,10.240000000000009
29360.0,161,11750.0,55.687203791469194,1.7263703788114384,161,59464.0,0.045984976604375,161,59464.0,18.91999999999996
29365.0,156,12011.0,56.92417061611374,1.6938686467923565,156,60177.0,0.046580838717848204,156,60177.0,-7.1299999999999955
29370.0,157,12333.0,59.00956937799043,1.6548527939067958,157,60888.0,0.04853156062213139,157,60888.0,-7.110000000000014
29375.0,158,12670.0,60.04739336492891,1.811002276271773,158,61644.0,0.05133031414744453,158,61644.0,-7.560000000000059
29380.0,159,12970.0,61.76190476190476,1.686654712733237,158,61521.0,0.04484431039964281,158,61521.0,1.2300000000000182
29385.0,156,13277.0,62.62735849056604,1.7806290954948036,156,62271.0,0.044481345585852476,156,62271.0,-7.5
29390.0,154,13625.0,65.5048076923077,1.6801749365222232,154,61269.0,0.04837004821815452,154,61269.0,10.019999999999982
29395.0,154,13857.0,66.6201923076923,1.6241480018307688,154,61581.0,0.04893184883825689,154,61581.0,-3.119999999999891
29400.0,155,13993.0,67.27403846153847,1.605026695637427,155,61603.0,0.04753254235729635,155,61603.0,-0.22000000000002728
29405.0,154,14133.0,67.94711538461539,1.7070748756998646,154,61777.0,0.05403416643426947,154,61777.0,-1.740000000000009
29410.0,153,14296.0,69.06280193236715,1.5887638024790547,153,62493.0,0.044875698702874334,153,62493.0,-7.159999999999968
29415.0,158,14736.0,70.84615384615384,1.5349278457300939,158,63233.0,0.04268025177054499,158,63233.0,-7.400000000000091
29420.0,166,15207.0,73.46376811594203,1.3110744841758604,166,64006.0,0.04007481730899166,166,64006.0,-7.7299999999999045
29425.0,165,15604.0,75.01923076923077,1.2081815727181895,165,63943.0,0.03430715338751708,165,63943.0,0.6299999999999955
29430.0,163,15930.0,76.95652173913044,1.1107638607139747,163,63874.0,0.032143729375776246,163,63874.0,0.6899999999999409
29435.0,160,16242.0,78.08653846153847,1.2143607922416766,160,63803.0,0.037466073626375114,160,63803.0,0.7100000000000364
29440.0,160,16479.0,78.47142857142858,1.2145535310177666,160,64284.0,0.03682571127549254,160,64284.0,-4.810000000000059
29445.0,157,16688.0,79.46666666666667,1.2926682685812334,157,64450.0,0.04138781872563389,157,64450.0,-1.6599999999999682
29450.0,157,16903.0,80.49047619047619,1.4277759864539148,157,64614.0,0.045516895762657474,157,64614.0,-1.6399999999999864
29455.0,156,17124.0,81.1563981042654,1.5419199167373083,156,64483.0,0.04828544391310352,156,64483.0,1.3099999999999454
29460.0,155,17426.0,82.19811320754717,1.758800226290114,155,64363.0,0.0563690703575642,155,64363.0,1.2000000000000455
29465.0,156,17896.0,84.81516587677726,1.7475586652842858,156,64551.0,0.05362796566307198,156,64551.0,-1.8799999999999955
29470.0,158,18369.0,86.64622641509433,1.7741266821241546,157,64453.0,0.054563579377642,157,64453.0,0.9800000000000182
29475.0,153,18718.0,87.87793427230046,1.8658383814465225,152,64072.0,0.05623897214024346,152,64072.0,3.8099999999999454
29480.0,150,18980.0,89.95260663507109,1.8749027648597636,150,63110.0,0.0598292161676608,150,63110.0,9.620000000000005
29485.0,146,19230.0,91.13744075829383,2.036847132619693,146,62151.0,0.06559686572473405,146,62151.0,9.590000000000032
29490.0,143,19322.0,92.44976076555024,2.0651635882022927,143,62805.0,0.0654531290097262,143,62805.0,-6.539999999999964
29495.0,142,19576.0,93.66507177033493,2.079336986251931,142,63409.0,0.06579420692036295,142,63409.0,-6.040000000000077
29500.0,147,19973.0,95.56459330143541,2.149744565798368,147,64056.0,0.07071488494556052,147,64056.0,-6.469999999999914
29505.0,151,20440.0,97.33333333333333,2.098415581711897,151,64751.0,0.06565072296420865,151,64751.0,-6.9500000000000455
29510.0,156,21030.0,99.66824644549763,2.0079944765397357,156,65522.0,0.06123357329933004,156,65522.0,-7.710000000000036
29515.0,160,21523.0,102.00473933649289,1.7837265559782078,159,65988.0,0.04995477477066653,159,65988.0,-4.659999999999968
29520.0,158,21937.0,104.96172248803828,1.6807355106919641,158,66140.0,0.04499935436657836,158,66140.0,-1.5199999999999818
29525.0,157,22352.0,106.94736842105263,1.7495809351668201,157,66289.0,0.04943883676476987,157,66289.0,-1.490000000000009
29530.0,157,22753.0,109.91787439613526,1.6623700129137222,156,67061.0,0.0420881490500371,156,67061.0,-7.720000000000027
29535.0,157,23160.0,112.42718446601941,1.63026685769723,157,67850.0,0.04144858805550384,157,67850.0,-7.889999999999986
29540.0,160,23618.0,115.77450980392157,1.4756763915759938,160,68637.0,0.041217385573662446,160,68637.0,-7.8700000000000045
29545.0,163,24190.0,116.85990338164251,1.4136960880000438,163,69118.0,0.03830025559010043,163,69118.0,-4.809999999999945
29550.0,165,24739.0,117.8047619047619,1.4457997914314555,165,69286.0,0.0373573653778164,165,69286.0,-1.6800000000000637
29555.0,162,25282.0,118.69483568075117,1.5840489219634304,162,69460.0,0.04341275555391421,162,69460.0,-1.740000000000009
29560.0,162,25820.0,120.65420560747664,1.6707893843624937,162,69335.0,0.04440544802784769,162,69335.0,1.25
29565.0,160,26368.0,123.79342723004694,1.811838104717446,160,69224.0,0.05397784874194358,160,69224.0,1.1100000000000136
29570.0,158,26960.0,127.77251184834124,1.8345932516471968,158,69487.0,0.05400882309951594,158,69487.0,-2.6299999999999955
29575.0,153,27350.0,131.4903846153846,1.683232844226094,153,69543.0,0.055485399123674145,153,69543.0,-0.5599999999999454
29580.0,152,27599.0,132.6875,1.8072931456684007,152,68876.0,0.06110322144830604,152,68876.0,6.669999999999959
29585.0,152,27859.0,133.9375,1.9148588724448163,152,68209.0,0.06276788667098979,152,68209.0,6.669999999999959
29590.0,153,26903.0,128.1095238095238,1.9156440493056133,153,68088.0,0.05761853678445966,153,68088.0,1.2100000000000364
29595.0,150,25124.0,118.50943396226415,1.9830883161196067,150,67963.0,0.05433985710457087,150,67963.0,1.25
29600.0,148,23331.0,110.57345971563981,1.9956460723907201,148,67823.0,0.05740147407866015,148,67823.0,1.3999999999999773
29605.0,145,21400.0,102.88461538461539,1.8801763183853704,145,68503.0,0.058052358814893415,145,68503.0,-6.7999999999999545
29610.0,143,19562.0,94.96116504854369,1.9039390136157361,143,69140.0,0.06276316457295976,143,69140.0,-6.3700000000000045
29615.0,148,17832.0,86.14492753623189,1.959188871386168,148,69813.0,0.06336922402068423,148,69813.0,-6.730000000000018
29620.0,154,16079.0,78.05339805825243,1.6510046887645449,154,69670.0,0.04660131254681778,154,69670.0,1.42999999999995
29625.0,153,14304.0,69.4368932038835,1.5320212662508053,153,68653.0,0.03989722926928825,153,68653.0,10.170000000000073
29630.0,151,12524.0,61.3921568627451,1.587315878505038,151,67709.0,0.05224647972326291,151,67709.0,9.43999999999994
29635.0,148,10554.0,51.73529411764706,1.4836628140241126,148,68219.0,0.04696325044492766,148,68219.0,-5.100000000000023
29640.0,147,8565.0,42.19211822660098,1.4978259830187017,147,68745.0,0.04625059539661104,147,68745.0,-5.259999999999991
29645.0,148,6948.0,33.892682926829266,1.5228782091287254,148,69032.0,0.04930266766183886,148,69032.0,-2.8700000000000045
29650.0,152,5352.0,25.73076923076923,1.4350330067457717,152,69745.0,0.04532592621114067,152,69745.0,-7.1299999999999955
29655.0,152,4243.0,20.301435406698566,1.4115480169335999,152,70467.0,0.04364205675512133,152,70467.0,-7.219999999999914
29660.0,160,4642.0,21.89622641509434,1.4564017524677368,160,71196.0,0.04349984761557428,160,71196.0,-7.290000000000077
29665.0,168,4861.0,22.609302325581396,1.3232157914233,168,71239.0,0.034910880907705985,168,71239.0,-0.42999999999995
29670.0,170,4949.0,23.01860465116279,1.2437095869598866,170,71307.0,0.030938409688889446,170,71307.0,-0.6800000000000637
29675.0,165,5024.0,23.81042654028436,1.2267644056009304,165,71356.0,0.038551278317188055,165,71356.0,-0.4899999999998954
29680.0,160,5074.0,24.16190476190476,1.343477065121112,160,69934.0,0.04670161723290555,160,69934.0,14.219999999999914
29685.0,156,5061.0,23.98578199052133,1.3830829079834555,156,70687.0,0.04361416248546971,156,70687.0,-7.529999999999973
29690.0,160,5176.0,24.41509433962264,1.4043404858053978,160,71426.0,0.041219005214116915,160,71426.0,-7.389999999999986
29695.0,163,5403.0,25.485849056603772,1.4194852093510275,163,72184.0,0.04351296716536021,163,72184.0,-7.580000000000041
29700.0,166,5673.0,26.886255924170616,1.2675582565996781,165,72220.0,0.034924274355628074,165,72220.0,-0.36000000000001364
29705.0,169,6052.0,28.413145539906104,1.276628381554001,169,73016.0,0.033011025343817585,169,73016.0,-7.959999999999923
29710.0,169,6438.0,30.08411214953271,1.338644301734451,169,72304.0,0.034588483195250784,169,72304.0,7.1200000000000045
29715.0,168,6620.0,30.790697674418606,1.273332037873399,168,72799.0,0.03414579379033041,168,72799.0,-4.9500000000000455
29720.0,165,6659.0,31.262910798122064,1.2710519358857262,165,73000.0,0.03546019617290109,165,73000.0,-2.009999999999991
29725.0,160,6681.0,31.2196261682243,1.4804390516466917,160,73187.0,0.04566943890108117,160,73187.0,-1.8700000000000045
29730.0,157,6728.0,31.735849056603772,1.4057743042559767,157,73156.0,0.039180186746798004,157,73156.0,0.3100000000000591
29735.0,156,7017.0,32.943661971830984,1.5327234336376958,156,72424.0,0.0447528850334536,156,72424.0,7.319999999999936
29740.0,156,7307.0,34.961722488038276,1.4457792417149862,156,71756.0,0.04785363154270193,156,71756.0,6.680000000000064
29745.0,158,7602.0,35.85849056603774,1.5170139811480006,158,70416.0,0.04549191563817547,158,70416.0,13.399999999999977
29750.0,155,7546.0,35.76303317535545,1.4921575355704428,155,70245.0,0.04559010992719447,155,70245.0,1.7099999999999227
29755.0,152,7246.0,34.01877934272301,1.5050698223345291,152,70061.0,0.04427098382256345,152,70061.0,1.8400000000000318
29760.0,149,6936.0,32.716981132075475,1.6432965586767059,149,68988.0,0.04908003425396573,149,68988.0,10.730000000000018
29765.0,147,6533.0,30.816037735849058,1.5907773031166739,147,69684.0,0.047378853378870774,147,69684.0,-6.960000000000036
29770.0,148,6097.0,28.895734597156398,1.6189559741628479,148,70089.0,0.04931627807064344,148,70089.0,-4.0499999999999545
29775.0,150,5658.0,26.56338028169014,1.5201962353170226,150,70836.0,0.045464572554756076,150,70836.0,-7.470000000000027
29780.0,148,5293.0,25.204761904761906,1.5574348757778727,148,70942.0,0.05234363307243222,148,70942.0,-1.0599999999999454
29785.0,149,4936.0,23.393364928909953,1.4972417190461345,149,71578.0,0.049599461284551394,149,71578.0,-6.360000000000014
29790.0,150,4584.0,21.725118483412324,1.4010148862603327,150,72209.0,0.045296815705658744,150,72209.0,-6.310000000000059
29795.0,149,4447.0,21.075829383886255,1.3839169026241025,149,72827.0,0.04636970318952341,149,72827.0,-6.17999999999995
29800.0,156,4437.0,20.92924528301887,1.3860815931843748,156,73417.0,0.046882191826451265,156,73417.0,-5.899999999999977
29805.0,162,4294.0,20.254716981132077,1.1697856954235901,162,73365.0,0.03821304550350673,162,73365.0,0.5199999999999818
29810.0,166,4062.0,19.160377358490567,1.0538310397346964,166,74114.0,0.030996211360875867,166,74114.0,-7.490000000000009
29815.0,163,3950.0,18.544600938967136,1.0486220231109638,163,74115.0,0.0343934937070044,163,74115.0,-0.009999999999990905
29820.0,168,4253.0,19.781395348837208,1.1084460230984197,168,74840.0,0.02810574498689509,168,74840.0,-7.25
29825.0,171,4547.0,20.953917050691246,1.0113845546824096,171,75571.0,0.027520627197956525,171,75571.0,-7.310000000000059
29830.0,176,4980.0,22.73972602739726,1.1414245414794335,176,76357.0,0.03338916200800196,176,76357.0,-7.860000000000014
29835.0,178,5501.0,25.23394495412844,0.9926658580478761,178,76436.0,0.02456725550812219,178,76436.0,-0.7899999999999636
29840.0,180,6018.0,27.605504587155963,0.9954077658208795,180,76510.0,0.024491618099215424,180,76510.0,-0.7400000000000091
29845.0,180,6538.0,29.85388127853881,1.0433729228306363,180,76572.0,0.028843531356585354,180,76572.0,-0.6200000000000045
29850.0,179,7054.0,32.210045662100455,1.103109331124006,179,75926.0,0.029502473829374216,179,75926.0,6.460000000000036
29855.0,176,7293.0,33.45412844036697,1.0947183917791172,176,75809.0,0.029303745709467265,176,75809.0,1.169999999999959
29860.0,172,7329.0,33.774193548387096,1.0967483552915234,172,75687.0,0.028976129534115363,172,75687.0,1.2200000000000273
29865.0,168,7368.0,33.79816513761468,1.221173130467286,168,75576.0,0.030740513186249825,168,75576.0,1.1100000000000136
29870.0,166,7218.0,33.416666666666664,1.1699512419715272,166,75971.0,0.03066616913198841,166,75971.0,-3.9500000000000455
29875.0,165,7061.0,32.53917050691244,1.1354815178463196,165,76377.0,0.029673704413953166,165,76377.0,-4.059999999999945
29880.0,166,6907.0,32.12558139534884,1.1491425171200917,166,76750.0,0.03359260216534552,166,76750.0,-3.730000000000018
29885.0,163,6603.0,30.85514018691589,1.0711168004168081,163,77427.0,0.031556771169478026,163,77427.0,-6.769999999999982
29890.0,160,6247.0,29.328638497652584,1.117064206893701,160,78082.0,0.03362331419431505,160,78082.0,-6.550000000000068
29895.0,158,6038.0,28.214953271028037,1.1958477204123812,158,78712.0,0.03647410285626971,158,78712.0,-6.2999999999999545
29900.0,159,5823.0,27.338028169014084,1.2007311263357114,159,78986.0,0.03651823263041776,159,78986.0,-2.740000000000009
29905.0,162,5661.0,26.453271028037385,1.154752152113191,162,78876.0,0.0347073859223152,162,78876.0,1.1000000000000227
29910.0,164,5511.0,25.632558139534883,1.2764293179206931,164,78780.0,0.04151564541361352,164,78780.0,0.9600000000000364
29915.0,163,5361.0,25.05140186915888,1.2572075973320818,163,78314.0,0.04147462675694398,163,78314.0,4.659999999999968
29920.0,162,5305.0,24.789719626168225,1.4369754181258816,162,77890.0,0.051650453647161004,162,77890.0,4.240000000000009
29925.0,163,5526.0,25.583333333333332,1.3700288486693635,163,78645.0,0.039378031040545804,163,78645.0,-7.550000000000068
29930.0,166,5699.0,26.38425925925926,1.345015794281755,166,79330.0,0.04127728391900498,166,79330.0,-6.849999999999909
29935.0,165,6042.0,27.97222222222222,1.4348162616524889,165,79927.0,0.04504601314778644,165,79927.0,-5.970000000000027
29940.0,168,6527.0,30.078341013824886,1.4454583377708734,168,79850.0,0.04357999402435381,168,79850.0,0.7699999999999818
29945.0,174,6872.0,31.236363636363638,1.4375540872797348,174,79785.0,0.03719496528806067,174,79785.0,0.6499999999999773
29950.0,172,7225.0,32.990867579908674,1.4910134376548452,172,78917.0,0.04070629976634392,172,78917.0,8.680000000000064
29955.0,167,7302.0,33.4954128440367,1.4473230554064367,167,78714.0,0.044860780422268015,167,78714.0,2.0299999999999727
29960.0,164,7188.0,33.12442396313364,1.517527280246634,164,78485.0,0.04380826429100893,164,78485.0,2.2899999999999636
29965.0,159,7064.0,32.85581395348837,1.4864514325221085,159,77337.0,0.04736312691152046,159,77337.0,11.480000000000018
29970.0,161,7005.0,32.73364485981308,1.5287832291534063,160,76221.0,0.04877495829955691,160,76221.0,11.159999999999968
29975.0,163,6841.0,31.96728971962617,1.2693932893972795,163,76793.0,0.04218074126261709,163,76793.0,-5.719999999999914
29980.0,161,6610.0,31.03286384976526,1.2897191167538784,161,77359.0,0.04389464716039724,161,77359.0,-5.660000000000082
29985.0,159,6423.0,30.014018691588785,1.3760358426186166,159,77915.0,0.04741218358953658,159,77915.0,-5.559999999999945
29990.0,159,6162.0,28.794392523364486,1.4351221025510983,159,78197.0,0.0451651630662725,159,78197.0,-2.82000000000005
29995.0,161,5782.0,26.893023255813954,1.4025568483615183,161,78071.0,0.04055827453354866,161,78071.0,1.259999999999991
30000.0,159,5403.0,25.247663551401867,1.4632498506790608,159,77947.0,0.04614677412261686,159,77947.0,1.240000000000009
30005.0,158,5103.0,23.625,1.5432860333650322,158,77483.0,0.04798399557601902,158,77483.0,4.639999999999986
30010.0,159,5145.0,23.60091743119266,1.7609866100495377,159,77046.0,0.05983855336470514,159,77046.0,4.3700000000000045
30015.0,161,5199.0,23.73972602739726,1.6760718764156337,161,76639.0,0.05135441010038265,161,76639.0,4.07000000000005
30020.0,162,5339.0,24.26818181818182,1.7296218973004107,161,76613.0,0.05650024138951326,161,76613.0,0.2599999999999909
30025.0,166,5728.0,25.8018018018018,1.7316163311829753,166,77314.0,0.055603541198063954,166,77314.0,-7.009999999999991
30030.0,173,6076.0,27.246636771300448,1.6467500546615166,173,78043.0,0.048081273817535554,173,78043.0,-7.289999999999964
30035.0,176,6504.0,29.2972972972973,1.485107299321891,176,78798.0,0.04366604743821274,176,78798.0,-7.550000000000068
30040.0,175,7014.0,32.02739726027397,1.5049855729328194,175,79193.0,0.04443171451239007,175,79193.0,-3.949999999999932
30045.0,171,7485.0,34.49308755760369,1.4865070163438387,171,79225.0,0.04815316188330367,171,79225.0,-0.32000000000005
30050.0,169,7988.0,36.642201834862384,1.6571455047222006,169,79271.0,0.05421668507787503,169,79271.0,-0.4600000000000364
30055.0,166,8567.0,39.29816513761468,1.7621164898634998,166,78953.0,0.05599761204154734,166,78953.0,3.1800000000000637
30060.0,168,9251.0,42.8287037037037,1.703221893176493,167,79587.0,0.05836146734277363,167,79587.0,-6.340000000000032
30065.0,170,9832.0,45.51851851851852,1.4562288701578396,170,80223.0,0.04910693174902049,170,80223.0,-6.360000000000014
30070.0,169,10417.0,48.226851851851855,1.4046170358626997,169,80730.0,0.04234756173528666,169,80730.0,-5.069999999999936
30075.0,168,10745.0,49.288990825688074,1.4442227215165542,168,80537.0,0.039886064190257885,168,80537.0,1.92999999999995
30080.0,167,10990.0,50.41284403669725,1.5363124189648698,167,79414.0,0.04455729402115789,167,79414.0,11.230000000000018
30085.0,170,11245.0,51.58256880733945,1.4837496661123588,170,78314.0,0.04508703963457793,170,78314.0,11.0
30090.0,167,11508.0,52.54794520547945,1.623964402068108,167,76328.0,0.04833736595182826,167,76328.0,19.860000000000014
30095.0,165,11388.0,51.529411764705884,1.6512710562320345,165,76201.0,0.04843678109936656,165,76201.0,1.2699999999999818
30100.0,165,11008.0,50.03636363636364,1.7203853824346413,165,75273.0,0.05148501833243349,165,75273.0,9.279999999999973
30105.0,167,10629.0,48.09502262443439,1.7840527323156201,167,74421.0,0.05004178846114579,167,74421.0,8.519999999999982
30110.0,165,10253.0,46.817351598173516,1.7791454810240703,165,72777.0,0.0468794312976861,165,72777.0,16.440000000000055
30115.0,163,9748.0,44.92165898617512,1.671541904613973,163,73364.0,0.04735776956035681,163,73364.0,-5.8700000000000045
30120.0,159,9147.0,42.1520737327189,1.7274943736825354,159,73814.0,0.05075453581072474,159,73814.0,-4.5
30125.0,158,8532.0,38.95890410958904,1.8812416667633785,158,74278.0,0.05903086205371169,158,74278.0,-4.639999999999986
30130.0,153,7841.0,35.96788990825688,1.86087778579325,153,74061.0,0.05645947084199737,153,74061.0,2.169999999999959
30135.0,154,7222.0,33.28110599078341,1.8383501647103808,154,72935.0,0.054714625977538026,154,72935.0,11.259999999999991
30140.0,157,6750.0,31.25,1.8464883813746449,157,71845.0,0.0577398794758232,157,71845.0,10.899999999999977
30145.0,162,6629.0,30.131818181818183,1.7355323742387394,162,72465.0,0.046564668776607206,162,72465.0,-6.199999999999932
30150.0,164,6492.0,29.509090909090908,1.6233431206440019,164,72994.0,0.04448735910438585,164,72994.0,-5.290000000000077
30155.0,163,6359.0,28.904545454545456,1.7100811770784607,163,73554.0,0.051753849596445814,163,73554.0,-5.599999999999909
30160.0,161,6090.0,27.80821917808219,1.6895683667623385,161,73836.0,0.04772878544017712,161,73836.0,-2.82000000000005
30165.0,168,6242.0,28.37272727272727,1.5942964958019734,168,73689.0,0.04352985662524141,168,73689.0,1.4700000000000273
30170.0,176,6428.0,28.954954954954953,1.471183131357512,176,73592.0,0.03937636858985254,176,73592.0,0.9700000000000273
30175.0,174,6579.0,29.76923076923077,1.2779970720427247,174,74312.0,0.03399620047534173,174,74312.0,-7.2000000000000455
30180.0,171,6692.0,30.418181818181818,1.3054145004872881,171,75056.0,0.03554592064479421,171,75056.0,-7.439999999999941
30185.0,168,6789.0,30.71945701357466,1.3774020364661035,168,75735.0,0.04036984804401473,168,75735.0,-6.790000000000077
30190.0,171,6837.0,30.936651583710407,1.281011870451373,171,75642.0,0.0376743253696685,171,75642.0,0.9300000000000637
30195.0,173,6884.0,31.00900900900901,1.3248589981133738,173,74632.0,0.0387720986577238,173,74632.0,10.099999999999909
30200.0,176,7036.0,31.83710407239819,1.3615847344155905,176,73654.0,0.04074424572843796,176,73654.0,9.780000000000086
30205.0,175,6920.0,31.312217194570135,1.230060563892481,175,73623.0,0.03592196856813748,175,73623.0,0.30999999999994543
30210.0,174,6616.0,29.936651583710407,1.2711434196282565,174,72869.0,0.036145849811286955,174,72869.0,7.539999999999964
30215.0,169,6332.0,28.394618834080717,1.4287751563681323,169,72270.0,0.04197976669440767,169,72270.0,5.990000000000009
30220.0,167,5960.0,26.72645739910314,1.4828738053071544,167,72636.0,0.041545776299823596,167,72636.0,-3.659999999999968
30225.0,164,5589.0,25.289592760180994,1.4926716072299009,164,72479.0,0.04223278598881774,164,72479.0,1.57000000000005
30230.0,164,5509.0,25.15525114155251,1.5471841379208406,164,72304.0,0.05077581210391453,164,72304.0,1.75
30235.0,165,5429.0,24.454954954954953,1.636306989856904,165,71651.0,0.04722711864436804,165,71651.0,6.529999999999973
30240.0,163,5189.0,23.269058295964125,1.740406705801883,163,72397.0,0.0510195746072181,163,72397.0,-7.460000000000036
30245.0,161,4831.0,21.76126126126126,1.6338054582547183,161,72889.0,0.043584193223173334,161,72889.0,-4.919999999999959
30250.0,157,4470.0,20.410958904109588,1.651751415631819,157,73496.0,0.04846619905559815,157,73496.0,-6.07000000000005
30255.0,155,4164.0,19.10091743119266,1.6129277713756165,155,73268.0,0.050756977059866516,155,73268.0,2.2800000000000864
30260.0,157,4011.0,18.483870967741936,1.5684755818073188,157,72129.0,0.05159096668679271,157,72129.0,11.389999999999986
30265.0,162,3909.0,18.013824884792626,1.518670518133774,162,71036.0,0.05279323703461114,162,71036.0,10.92999999999995
30270.0,162,3783.0,17.51388888888889,1.4279913005917353,162,70996.0,0.04883477110749181,162,70996.0,0.39999999999997726
30275.0,165,3875.0,17.69406392694064,1.4564709536791278,165,70259.0,0.044167506673604515,165,70259.0,7.3700000000000045
30280.0,165,3981.0,18.17808219178082,1.57944096110302,165,69570.0,0.05126917763116044,165,69570.0,6.889999999999986
30285.0,163,4005.0,18.28767123287671,1.5197690936944503,163,69782.0,0.04925984280261674,163,69782.0,-2.1200000000000045
30290.0,166,4101.0,18.556561085972852,1.5258769489087831,166,69490.0,0.04808885813217995,166,69490.0,2.9200000000000728
30295.0,168,4208.0,18.869955156950674,1.511943883724515,168,69232.0,0.04497039004639313,168,69232.0,2.5799999999999272
30300.0,165,4179.0,18.824324324324323,1.471262402974708,165,69806.0,0.041284117148530974,165,69806.0,-5.739999999999895
30305.0,162,4045.0,18.1390134529148,1.4705967814296572,162,70373.0,0.040541914156216344,162,70373.0,-5.670000000000073
30310.0,159,3897.0,17.475336322869953,1.5684260770380785,159,70803.0,0.04677772308264909,159,70803.0,-4.2999999999999545
30315.0,158,3761.0,16.790178571428573,1.573197961833537,158,71137.0,0.052571425179499955,158,71137.0,-3.340000000000032
30320.0,157,3851.0,17.425339366515836,1.6376716392167887,157,71606.0,0.06073327889446588,157,71606.0,-4.689999999999941
30325.0,161,4008.0,18.054054054054053,1.531030421879801,161,71297.0,0.048636828144322325,161,71297.0,3.089999999999918
30330.0,166,4079.0,18.373873873873872,1.4628256436335418,166,70200.0,0.04745175688326795,166,70200.0,10.970000000000027
30335.0,168,4238.0,19.176470588235293,1.4057155860449146,168,69143.0,0.044881654375762685,168,69143.0,10.57000000000005
30340.0,171,4545.0,20.381165919282513,1.469196646794238,171,69806.0,0.04032041436681647,171,69806.0,-6.6299999999999955
30345.0,172,4858.0,21.495575221238937,1.504693416621952,172,70422.0,0.03552297757657938,172,70422.0,-6.160000000000082
30350.0,170,5236.0,23.066079295154186,1.7037443336561542,170,71048.0,0.045204526567576106,170,71048.0,-6.259999999999991
30355.0,177,5612.0,24.831858407079647,1.457546213861553,176,71043.0,0.034035276423314796,176,71043.0,0.05000000000006821
30360.0,184,5887.0,25.933920704845814,1.3341115032840232,184,71864.0,0.02664309031992522,184,71864.0,-8.210000000000036
30365.0,182,6166.0,27.162995594713657,1.2876889309126378,182,71123.0,0.027364129016062225,182,71123.0,7.409999999999968
30370.0,180,6436.0,28.47787610619469,1.358938855333976,180,69607.0,0.0333756697011959,180,69607.0,15.159999999999968
30375.0,176,6691.0,29.870535714285715,1.4100496892024463,176,68863.0,0.03798302753840348,176,68863.0,7.440000000000055
30380.0,172,6925.0,31.053811659192824,1.4832558871233417,172,68157.0,0.039699328501256674,172,68157.0,7.059999999999945
30385.0,168,6883.0,31.004504504504503,1.4911163201135016,168,68353.0,0.041626835028071726,168,68353.0,-1.9599999999999227
30390.0,164,6727.0,30.857798165137616,1.4858254700616162,164,67975.0,0.04593411754467252,164,67975.0,3.7799999999999727
30395.0,165,6763.0,30.881278538812786,1.5486853727148782,165,67716.0,0.04520078977543013,165,67716.0,2.590000000000032
30400.0,164,6802.0,31.059360730593607,1.7015033725921092,164,66978.0,0.04815345408091577,164,66978.0,7.3799999999999955
30405.0,162,6828.0,31.17808219178082,1.8329141199760441,162,66331.0,0.05613172266608105,162,66331.0,6.470000000000027
30410.0,159,6676.0,30.623853211009173,1.7749032678320498,159,67039.0,0.05089285053972809,159,67039.0,-7.080000000000041
30415.0,161,6418.0,29.30593607305936,1.7164495789071044,161,67751.0,0.050458135554535904,161,67751.0,-7.1200000000000045
30420.0,160,6266.0,28.87557603686636,1.7244149415135368,160,68342.0,0.050682048721896245,160,68342.0,-5.909999999999968
30425.0,161,6495.0,29.793577981651374,1.7375783928122832,161,68664.0,0.04988841511688667,161,68664.0,-3.2200000000000273
30430.0,160,6754.0,31.26851851851852,1.658082566041422,160,68604.0,0.052630322069311765,160,68604.0,0.6000000000000227
30435.0,162,7024.0,32.51851851851852,1.6191269461308375,162,68581.0,0.05263760849243953,162,68581.0,0.2300000000000182
30440.0,165,7348.0,34.33644859813084,1.6438985985739836,165,68230.0,0.0533096780806284,165,68230.0,3.509999999999991
30445.0,162,7490.0,35.0,1.6172000731837686,162,68154.0,0.053063688055454056,162,68154.0,0.7599999999999909
30450.0,159,7602.0,36.02843601895734,1.607005885256144,159,67337.0,0.055685080387595856,159,67337.0,8.169999999999959
30455.0,162,8031.0,37.70422535211268,1.599954609907179,162,66522.0,0.0559471782205734,162,66522.0,8.149999999999977
30460.0,162,8361.0,38.708333333333336,1.5818069928295226,162,67084.0,0.04942610206461751,162,67084.0,-5.6200000000000045
30465.0,163,8628.0,39.397260273972606,1.6063486096682924,163,67535.0,0.04477077959076572,163,67535.0,-4.509999999999991
30470.0,163,8892.0,40.788990825688074,1.5954542902418913,163,68007.0,0.04961958447594309,163,68007.0,-4.720000000000027
30475.0,160,9062.0,41.37899543378995,1.5512806758664173,160,68332.0,0.04937554135185961,160,68332.0,-3.25
30480.0,161,9301.0,42.277272727272724,1.5698379262543358,161,68275.0,0.0482261830734738,161,68275.0,0.57000000000005
30485.0,162,9639.0,43.61538461538461,1.6343745502377083,162,68231.0,0.05354707025536369,162,68231.0,0.44000000000005457
30490.0,166,10013.0,45.1036036036036,1.6863506006839801,166,67924.0,0.05151533413575011,166,67924.0,3.0699999999999363
30495.0,167,10291.0,46.14798206278027,1.67224779854383,167,67872.0,0.050970157388633364,167,67872.0,0.5199999999999818
30500.0,167,10500.0,47.2972972972973,1.6079922417772916,167,67189.0,0.04492042803286383,167,67189.0,6.830000000000041
30505.0,163,10755.0,48.665158371040725,1.655130744521483,163,66497.0,0.04974018486634278,163,66497.0,6.919999999999959
30510.0,161,10995.0,49.97727272727273,1.6236765990373132,161,67067.0,0.04625285970450271,161,67067.0,-5.699999999999932
30515.0,163,11306.0,51.39090909090909,1.5596701233214927,163,67505.0,0.04673604770251942,163,67505.0,-4.3799999999999955
30520.0,165,11623.0,51.888392857142854,1.674173703988432,165,67965.0,0.051464370932257246,165,67965.0,-4.600000000000023
30525.0,163,11940.0,52.83185840707964,1.7699059929641388,163,68349.0,0.052538930384076137,163,68349.0,-3.840000000000032
30530.0,164,12388.0,54.5726872246696,1.8595360130511556,164,68811.0,0.054173054032206104,164,68811.0,-4.6200000000000045
30535.0,166,12944.0,57.785714285714285,1.8267321524008675,166,69355.0,0.05757576767279694,166,69355.0,-5.439999999999941
30540.0,168,13565.0,61.1036036036036,1.685824526572613,168,70010.0,0.053158766785996056,168,70010.0,-6.550000000000068
30545.0,173,14239.0,63.85201793721973,1.48477771444024,173,70704.0,0.04176826232797829,173,70704.0,-6.939999999999941
30550.0,179,14941.0,66.70089285714286,1.4389203589574477,178,71456.0,0.0361376257020305,178,71456.0,-7.519999999999982
30555.0,181,15017.0,67.64414414414415,1.2522539903571166,179,71371.0,0.02771291051810585,179,71371.0,0.849999999999909
30560.0,178,14710.0,67.1689497716895,1.2427267165352458,177,70384.0,0.033262692072626616,177,70384.0,9.870000000000005
30565.0,180,14523.0,65.41891891891892,1.3737027246776066,179,69421.0,0.038701703052404314,179,69421.0,9.629999999999995
30570.0,182,14164.0,63.232142857142854,1.3254781294049298,181,69485.0,0.030617077069578717,181,69485.0,-0.6399999999999864
30575.0,180,13684.0,60.54867256637168,1.3950598131480456,180,69629.0,0.025211188905724737,180,69629.0,-1.4399999999999409
30580.0,179,13202.0,58.9375,1.4225633776329762,179,69060.0,0.03216540109254712,179,69060.0,5.689999999999941
30585.0,175,12707.0,56.72767857142857,1.4706095097468608,175,68485.0,0.0347638926862568,175,68485.0,5.75
30590.0,172,12134.0,54.169642857142854,1.5388668303580746,172,68406.0,0.03718555322315839,172,68406.0,0.7900000000000773
30595.0,168,11500.0,51.339285714285715,1.6400894697781154,168,67424.0,0.03841134248292346,168,67424.0,9.819999999999936
30600.0,164,10842.0,49.05882352941177,1.6205257952876146,164,68189.0,0.04054291777194737,164,68189.0,-7.649999999999977
30605.0,161,10018.0,45.74429223744292,1.5560293726384626,161,68914.0,0.03912874193153299,161,68914.0,-7.25
30610.0,157,9181.0,42.30875576036866,1.6238421874492142,157,69554.0,0.04698453308144184,157,69554.0,-6.399999999999977
30615.0,156,8473.0,39.59345794392523,1.633490817483309,156,70207.0,0.05120215149640901,156,70207.0,-6.530000000000086
30620.0,157,7963.0,37.56132075471698,1.5137523098275525,157,70066.0,0.04602821992341238,157,70066.0,1.4100000000000819
30625.0,159,8262.0,39.156398104265406,1.4706467816124473,159,69066.0,0.04213451745231068,159,69066.0,10.0
30630.0,160,8566.0,40.405660377358494,1.5310311090826632,160,68095.0,0.045528454323829876,160,68095.0,9.709999999999923
30635.0,157,8895.0,42.156398104265406,1.4261648359808612,157,68821.0,0.04329155002506698,157,68821.0,-7.259999999999991
30640.0,160,9452.0,44.58490566037736,1.499586874530152,160,69532.0,0.04283417850412546,160,69532.0,-7.110000000000014
30645.0,166,10082.0,47.556603773584904,1.4410441725304683,166,70290.0,0.0438294408937668,166,70290.0,-7.579999999999927
30650.0,169,10551.0,49.53521126760563,1.2975746583576127,168,70348.0,0.030603990510789932,168,70348.0,-0.5800000000000409
30655.0,169,10935.0,51.098130841121495,1.2975933041838708,169,71186.0,0.032425283601186586,169,71186.0,-8.379999999999995
30660.0,171,11379.0,52.925581395348836,1.2888468573427867,171,70535.0,0.03125178588359695,171,70535.0,6.509999999999991
30665.0,172,11837.0,55.055813953488375,1.3020192674796742,172,69176.0,0.03548347251007097,172,69176.0,13.590000000000032
30670.0,169,12286.0,57.41121495327103,1.3595611073852372,169,68541.0,0.03897683975512443,169,68541.0,6.350000000000023
30675.0,165,12719.0,59.99528301886792,1.3437514301333469,165,67891.0,0.04285791083338093,165,67891.0,6.5
30680.0,161,13131.0,61.93867924528302,1.4883956170249408,161,67954.0,0.0487728027883287,161,67954.0,-0.6299999999999955
30685.0,158,12983.0,61.240566037735846,1.4797755397470942,158,68225.0,0.045774606710867576,158,68225.0,-2.7100000000000364
30690.0,159,12511.0,59.29383886255924,1.4564011959323226,159,67981.0,0.04597173555732983,159,67981.0,2.4400000000000546
30695.0,158,12040.0,56.79245283018868,1.5582349888235765,158,67719.0,0.04896012648505162,158,67719.0,2.619999999999891
30700.0,156,11558.0,54.262910798122064,1.7160346442693057,156,66929.0,0.05230809128320587,156,66929.0,7.900000000000091
30705.0,152,11061.0,51.929577464788736,1.8870414002927185,152,66128.0,0.06260194219940325,152,66128.0,8.009999999999991
30710.0,151,10380.0,48.732394366197184,1.8404720385602493,151,66820.0,0.05296736642190629,151,66820.0,-6.920000000000073
30715.0,152,9791.0,46.18396226415094,1.8003747730285835,152,67513.0,0.05336778406248617,152,67513.0,-6.92999999999995
30720.0,155,9570.0,45.355450236966824,1.7742825303856349,155,68138.0,0.05292448988058082,155,68138.0,-6.25
30725.0,154,9344.0,44.49523809523809,1.6943705800131212,154,68706.0,0.05254731532798648,154,68706.0,-5.67999999999995
30730.0,157,9014.0,42.720379146919434,1.6931340701742528,157,68652.0,0.052014331485684275,157,68652.0,0.5399999999999636
30735.0,163,8635.0,40.92417061611374,1.514789299147608,163,68669.0,0.04258298517720566,163,68669.0,-0.17000000000007276
30740.0,164,8268.0,39.371428571428574,1.4614186896150676,164,68700.0,0.0447671542160076,164,68700.0,-0.30999999999994543
30745.0,162,7876.0,37.68421052631579,1.3040005860617863,162,69368.0,0.044296602049278926,162,69368.0,-6.67999999999995
30750.0,159,7668.0,36.51428571428571,1.4281570741131338,159,69978.0,0.048674460298093386,159,69978.0,-6.100000000000023
30755.0,164,8220.0,38.95734597156398,1.445946645420083,164,70628.0,0.04906268044547704,164,70628.0,-6.5
30760.0,171,8448.0,39.84905660377358,1.1988617505008325,171,70519.0,0.03315532404667342,171,70519.0,1.0899999999999181
30765.0,174,8456.0,39.51401869158879,1.1055507018456703,174,69557.0,0.028007153892765122,174,69557.0,9.620000000000005
30770.0,173,8465.0,39.74178403755869,1.2056333782826916,173,68623.0,0.034859872001584476,173,68623.0,9.340000000000032
30775.0,169,8457.0,39.334883720930236,1.352132005869512,169,66816.0,0.03709748000810174,169,66816.0,18.07000000000005
30780.0,168,8436.0,39.23720930232558,1.4614568246340773,168,65002.0,0.04414208705621145,168,65002.0,18.139999999999986
30785.0,163,8399.0,38.88425925925926,1.5225157275855556,163,63237.0,0.048611841651005,163,63237.0,17.649999999999977
30790.0,160,8241.0,38.15277777777778,1.5201493696215054,160,63307.0,0.045604620352203674,160,63307.0,-0.7000000000000455
30795.0,159,8054.0,36.944954128440365,1.6261504827549296,159,62581.0,0.05011399360605906,159,62581.0,7.260000000000105
30800.0,160,7995.0,36.84331797235023,1.794326165450592,160,61911.0,0.05689078049333465,160,61911.0,6.699999999999932
30805.0,159,7933.0,36.22374429223744,1.9047063382519023,159,60731.0,0.058257043228513584,159,60731.0,11.800000000000068
30810.0,158,7723.0,35.58986175115207,1.96384919662133,158,61449.0,0.05990482239263682,158,61449.0,-7.180000000000064
30815.0,153,7408.0,34.455813953488374,1.9412517513462644,153,62083.0,0.06058999202413445,153,62083.0,-6.340000000000032
30820.0,150,7244.0,33.850467289719624,2.1851318246550275,150,62716.0,0.07113373967514698,150,62716.0,-6.329999999999927
30825.0,152,6950.0,32.783018867924525,2.071006664629241,152,62854.0,0.06441361260865616,152,62854.0,-1.3799999999999955
30830.0,156,6920.0,32.796208530805686,1.974022175760199,156,62406.0,0.05681985019907984,156,62406.0,4.480000000000018
30835.0,157,6900.0,32.394366197183096,1.9559249072130735,157,61962.0,0.05629756224272714,157,61962.0,4.439999999999941
30840.0,157,6839.0,31.957943925233646,1.8489052291521682,157,62666.0,0.04284128899899826,157,62666.0,-7.039999999999964
30845.0,154,6741.0,31.5,1.8473146072723685,154,63368.0,0.044310163179537586,154,63368.0,-7.019999999999982
30850.0,154,6701.0,31.75829383886256,1.8117433531839837,154,64022.0,0.05099132698762364,154,64022.0,-6.540000000000077
30855.0,159,6539.0,31.13809523809524,1.6131145248184562,159,63913.0,0.0494293574833087,159,63913.0,1.0900000000000318
30860.0,161,6452.0,30.723809523809525,1.5160537352731576,161,62949.0,0.04502779919151372,161,62949.0,9.639999999999986
30865.0,165,6379.0,30.089622641509433,1.4694297329245865,165,62140.0,0.04241526611618651,165,62140.0,8.090000000000032
30870.0,164,6309.0,29.619718309859156,1.5821305445475862,164,60701.0,0.0451474305496321,164,60701.0,14.389999999999986
30875.0,161,6166.0,29.08490566037736,1.4863561812666897,161,61454.0,0.04281349082623575,161,61454.0,-7.529999999999973
30880.0,161,5994.0,28.140845070422536,1.503659985366973,161,62176.0,0.04676530078657445,161,62176.0,-7.220000000000027
30885.0,161,5956.0,27.574074074074073,1.71724459486418,161,62909.0,0.05307583466899686,161,62909.0,-7.330000000000041
30890.0,167,5928.0,27.700934579439252,1.4814672378523142,167,63080.0,0.03935451915410835,167,63080.0,-1.7099999999999227
30895.0,169,6202.0,28.846511627906978,1.5194512745761652,169,62629.0,0.03861797181487759,169,62629.0,4.509999999999991
30900.0,170,6479.0,30.134883720930233,1.5562657751277786,170,62182.0,0.04329009222452973,170,62182.0,4.469999999999914
30905.0,166,6459.0,30.04186046511628,1.4641574947837404,166,62262.0,0.03832926590995395,166,62262.0,-0.7999999999999545
30910.0,164,6271.0,29.03240740740741,1.6091678613886404,164,61857.0,0.0433918072094564,164,61857.0,4.0499999999999545
30915.0,160,6127.0,28.49767441860465,1.6724031742297696,160,61443.0,0.04998939782633104,160,61443.0,4.1400000000001
30920.0,157,5966.0,28.141509433962263,1.626572920174791,157,62183.0,0.04962130981241108,157,62183.0,-7.400000000000091
30925.0,157,5915.0,27.64018691588785,1.674611878789103,157,62880.0,0.047951428534469376,157,62880.0,-6.969999999999914
30930.0,162,5990.0,28.122065727699532,1.6049621080907857,162,63613.0,0.04643686652841104,162,63613.0,-7.330000000000041
30935.0,164,5901.0,27.83490566037736,1.4335958190910416,164,63645.0,0.03928119599808548,164,63645.0,-0.32000000000005
30940.0,163,5689.0,26.708920187793428,1.480066286289734,163,62900.0,0.03908649758644555,163,62900.0,7.4500000000000455
30945.0,158,5462.0,25.523364485981308,1.6452990139640729,158,62234.0,0.046587581178060965,158,62234.0,6.659999999999968
30950.0,156,5089.0,23.892018779342724,1.6181530190983122,156,62329.0,0.04497635948788117,156,62329.0,-0.9499999999999318
30955.0,156,4687.0,22.108490566037737,1.517972208414859,156,62492.0,0.04110296434967682,156,62492.0,-1.6299999999999955
30960.0,157,4466.0,21.066037735849058,1.5520485323206212,157,62660.0,0.04521873704574539,157,62660.0,-1.6800000000000637
30965.0,157,4138.0,19.5188679245283,1.4499308693648043,157,62794.0,0.04105239960318943,157,62794.0,-1.3400000000000318
30970.0,155,3838.0,18.18957345971564,1.4568486728350092,155,62272.0,0.04531321165025123,155,62272.0,5.220000000000027
30975.0,157,3866.0,18.150234741784036,1.5327374606607427,157,61831.0,0.04874105469406427,157,61831.0,4.410000000000082
30980.0,160,3856.0,18.018691588785046,1.4231392145339485,160,61994.0,0.04350349187357397,160,61994.0,-1.6300000000001091
30985.0,156,3806.0,17.785046728971963,1.4327129645724743,156,61525.0,0.04296351657573713,156,61525.0,4.690000000000055
30990.0,154,3745.0,17.582159624413144,1.508242758351912,154,61124.0,0.052817718081875756,154,61124.0,4.009999999999991
30995.0,150,3520.0,16.525821596244132,1.4488192352315497,150,61799.0,0.046511360663006825,150,61799.0,-6.75
31000.0,148,3304.0,15.733333333333333,1.4220812817549564,148,62467.0,0.04863235864886849,148,62467.0,-6.67999999999995
31005.0,150,3461.0,16.32547169811321,1.46483373275451,150,63139.0,0.045142396077228204,150,63139.0,-6.720000000000027
31010.0,155,3510.0,16.47887323943662,1.3987109902815649,155,63163.0,0.04281247131315147,155,63163.0,-0.2400000000000091
31015.0,157,3527.0,16.558685446009388,1.3369054486942105,157,62463.0,0.0423895888259832,157,62463.0,7.0
31020.0,159,3711.0,17.260465116279068,1.5256002950687653,159,61784.0,0.05052168158381298,159,61784.0,6.789999999999964
31025.0,160,3908.0,18.00921658986175,1.6162035911490589,160,60410.0,0.0493287977971651,160,60410.0,13.740000000000009
31030.0,160,4169.0,19.211981566820278,1.7561254400944122,160,59090.0,0.0563276178423479,160,59090.0,13.200000000000045
31035.0,161,4469.0,20.689814814814813,1.5814703005623412,161,59892.0,0.05123143454326679,161,59892.0,-8.019999999999982
31040.0,166,4712.0,22.122065727699532,1.3967319432115752,166,60716.0,0.044821904802328116,166,60716.0,-8.240000000000009
31045.0,168,4975.0,23.13953488372093,1.4158024377068172,168,60916.0,0.04383628222935176,168,60916.0,-2.0
31050.0,170,5219.0,23.940366972477065,1.4187516390134658,170,61042.0,0.04170210178277136,170,61042.0,-1.259999999999991
31055.0,169,5440.0,24.954128440366972,1.3883655008667761,169,60529.0,0.044297908888329976,169,60529.0,5.1299999999999955
31060.0,167,5656.0,26.06451612903226,1.4634525841559816,167,60018.0,0.04763861945743607,167,60018.0,5.110000000000014
31065.0,167,5822.0,26.706422018348626,1.3999709694717015,166,60202.0,0.0410230702089535,166,60202.0,-1.8400000000000318
31070.0,163,5951.0,27.42396313364055,1.4625255906753318,163,61030.0,0.0430751758955931,163,61030.0,-8.279999999999973
31075.0,160,6137.0,28.677570093457945,1.4571846598543534,160,60540.0,0.04786873088076799,160,60540.0,4.899999999999977
31080.0,160,6537.0,30.546728971962615,1.4312877922089347,160,59447.0,0.04999745280010271,160,59447.0,10.92999999999995
31085.0,162,6939.0,31.976958525345623,1.4221781618116884,162,59036.0,0.04459611102351351,162,59036.0,4.110000000000014
31090.0,160,7100.0,32.71889400921659,1.411797129102785,160,59698.0,0.04327897571239674,160,59698.0,-6.6200000000000045
31095.0,158,7088.0,32.36529680365297,1.4919050743416282,158,60220.0,0.043593453668064074,158,60220.0,-5.220000000000027
31100.0,155,7176.0,32.76712328767123,1.5614240905459786,155,60872.0,0.04941753781166399,155,60872.0,-6.519999999999982
31105.0,153,7560.0,34.678899082568805,1.503556056918777,153,61019.0,0.05137008601631108,153,61019.0,-1.4700000000000273
31110.0,153,8096.0,37.30875576036866,1.4994327173879973,153,60621.0,0.05234552561918285,153,60621.0,3.980000000000018
31115.0,162,8725.0,39.84018264840183,1.5241733966551723,162,60334.0,0.04884852335710836,162,60334.0,2.8700000000000045
31120.0,167,9404.0,42.94063926940639,1.560217251703536,167,59573.0,0.04523893382830732,167,59573.0,7.610000000000014
31125.0,167,10086.0,45.845454545454544,1.622149852530845,167,59351.0,0.05224678151465828,167,59351.0,2.2200000000000273
31130.0,162,10315.0,46.67420814479638,1.727380690857253,162,58920.0,0.05056405956982708,162,58920.0,4.309999999999945
31135.0,164,10296.0,46.37837837837838,1.6795965308364755,164,58301.0,0.05359453896351539,164,58301.0,6.190000000000055
31140.0,166,10293.0,46.15695067264574,1.7684195330361843,166,57734.0,0.053443314371917204,166,57734.0,5.669999999999959
31145.0,167,10301.0,46.19282511210762,1.76496434309648,167,56561.0,0.05150569912675601,167,56561.0,11.730000000000018
31150.0,164,10247.0,45.95067264573991,1.7746349072348715,164,56845.0,0.05071428635324257,164,56845.0,-2.840000000000032
31155.0,163,10142.0,45.276785714285715,1.7905919485173436,163,56583.0,0.0540578554005461,163,56583.0,2.6200000000000045
31160.0,159,10022.0,44.94170403587444,1.8996589444446563,159,56311.0,0.059140025538505225,159,56311.0,2.7200000000000273
31165.0,157,9907.0,44.22767857142857,2.0255955043466596,157,55518.0,0.06312363608305693,157,55518.0,7.930000000000064
31170.0,154,9506.0,42.62780269058296,2.060412866623766,154,55515.0,0.06400674348251874,154,55515.0,0.029999999999972715
31175.0,155,8910.0,40.13513513513514,2.027309792386361,155,54826.0,0.06414559555492973,155,54826.0,6.889999999999986
31180.0,155,8315.0,37.79545454545455,1.9841560436454764,155,54138.0,0.0626423523025418,155,54138.0,6.8799999999999955
31185.0,155,7485.0,34.3348623853211,1.7912872365299473,155,54722.0,0.05661834508649066,155,54722.0,-5.840000000000032
31190.0,152,6487.0,29.89400921658986,1.7967377006814624,152,55128.0,0.05371658803644325,152,55128.0,-4.059999999999945
31195.0,150,5653.0,25.931192660550458,1.9455539819286516,150,55547.0,0.0659910911553767,150,55547.0,-4.190000000000055
31200.0,151,5316.0,24.163636363636364,1.8691644382744927,151,55744.0,0.058917225929767406,151,55744.0,-1.9700000000000273
31205.0,154,5113.0,23.03153153153153,1.790201111424459,154,55411.0,0.053488129988328394,154,55411.0,3.330000000000041
31210.0,155,5162.0,23.14798206278027,1.8662458501568324,155,55100.0,0.058479026193726705,155,55100.0,3.1100000000000136
31215.0,161,5190.0,23.27354260089686,1.6866859277232866,161,55134.0,0.04786660639645253,161,55134.0,-0.34000000000003183
31220.0,166,5189.0,23.479638009049772,1.5538741051442,166,54543.0,0.043321890384678666,166,54543.0,5.910000000000082
31225.0,169,5201.0,23.115555555555556,1.5658836655155746,169,53972.0,0.04611787739252624,169,53972.0,5.709999999999923
31230.0,164,4975.0,22.209821428571427,1.4185674893891342,164,54053.0,0.040069965654121374,164,54053.0,-0.8099999999999454
31235.0,165,4720.0,21.071428571428573,1.4818373022792535,165,53518.0,0.04545875991225679,165,53518.0,5.350000000000023
31240.0,167,4850.0,21.651785714285715,1.4718546880398604,167,53001.0,0.045838022846588625,167,53001.0,5.169999999999959
31245.0,169,4857.0,21.39647577092511,1.4211581158037772,169,53638.0,0.041034199027775,169,53638.0,-6.3700000000000045
31250.0,167,4770.0,21.013215859030836,1.4008514085199906,167,54098.0,0.03917815452758714,167,54098.0,-4.600000000000023
31255.0,166,4682.0,20.535087719298247,1.5616442013166916,166,54584.0,0.04816479561517666,166,54584.0,-4.860000000000014
31260.0,163,4620.0,20.17467248908297,1.6635527725199781,163,54944.0,0.049565743765567875,163,54944.0,-3.6000000000000227
31265.0,160,4613.0,20.14410480349345,1.8693991789307474,160,55367.0,0.058660226569348134,160,55367.0,-4.2299999999999045
31270.0,161,4695.0,20.77433628318584,1.6302498088021051,161,55428.0,0.05150786613643358,161,55428.0,-0.6100000000000136
31275.0,166,4766.0,20.995594713656388,1.5990125013599503,166,55183.0,0.050183976785224856,166,55183.0,2.449999999999932
31280.0,168,4911.0,21.539473684210527,1.6565524184181895,168,54951.0,0.05017459349879734,168,54951.0,2.32000000000005
31285.0,175,5129.0,22.49561403508772,1.455278930308135,175,55677.0,0.036430542533494044,175,55677.0,-7.259999999999991
31290.0,176,5362.0,23.517543859649123,1.46513114139233,176,56317.0,0.035256020517517785,176,56317.0,-6.399999999999977
31295.0,174,5704.0,25.12775330396476,1.4647776933749466,174,56976.0,0.04097669401935328,174,56976.0,-6.590000000000032
31300.0,178,6152.0,27.101321585903083,1.3424273818939896,177,57133.0,0.035191225721738134,177,57133.0,-1.57000000000005
31305.0,184,6576.0,28.591304347826085,1.2997547401384764,184,58043.0,0.02880427382564727,184,58043.0,-9.099999999999909
31310.0,185,7011.0,30.482608695652175,1.3068018623905586,185,57523.0,0.030035083872926454,185,57523.0,5.199999999999932
31315.0,183,7446.0,32.23376623376623,1.325626759473709,183,56306.0,0.030829197614867927,183,56306.0,12.170000000000073
31320.0,180,7811.0,33.96086956521739,1.3988844364559048,180,57105.0,0.032040952745756954,180,57105.0,-7.990000000000009
31325.0,175,8111.0,35.574561403508774,1.4700268206835487,175,57798.0,0.03769864754979886,175,57798.0,-6.930000000000064
31330.0,171,8392.0,37.63228699551569,1.4764666113435196,171,58496.0,0.04306348822224174,171,58496.0,-6.980000000000018
31335.0,169,8624.0,38.672645739910315,1.44121561689877,169,58761.0,0.038763492276489585,169,58761.0,-2.6499999999999773
31340.0,174,8949.0,40.130044843049326,1.4353016079913903,174,58498.0,0.03821935506800835,174,58498.0,2.6299999999999955
31345.0,177,9297.0,42.067873303167424,1.299664315562931,177,58273.0,0.03619335998078427,177,58273.0,2.25
31350.0,175,9236.0,41.981818181818184,1.299733377256793,175,58483.0,0.03572254190640405,175,58483.0,-2.1000000000000227
31355.0,172,8886.0,40.027027027027025,1.313473430158185,172,58681.0,0.032051950646044415,172,58681.0,-1.9799999999999045
31360.0,169,8523.0,38.391891891891895,1.4062525309962095,169,58862.0,0.039245037464166174,169,58862.0,-1.8100000000000591
31365.0,168,8137.0,36.81900452488688,1.3027704943337817,168,59596.0,0.035031170041550014,168,59596.0,-7.340000000000032
31370.0,167,7885.0,35.678733031674206,1.3314184696401734,167,60335.0,0.0381196255051942,167,60335.0,-7.389999999999986
31375.0,167,7636.0,34.70909090909091,1.2292777439845897,167,60995.0,0.03673391274309419,167,60995.0,-6.600000000000023
31380.0,166,7412.0,33.53846153846154,1.2572178245724863,166,61254.0,0.0378770700766137,166,61254.0,-2.589999999999918
31385.0,168,7169.0,32.292792792792795,1.2699191269133476,168,60951.0,0.03992202618094088,168,60951.0,3.0299999999999727
31390.0,171,6935.0,31.522727272727273,1.2572762211801445,171,60773.0,0.04109162651723391,171,60773.0,1.7799999999999727
31395.0,168,6704.0,30.61187214611872,1.3525697704307194,168,60281.0,0.04544511389447913,168,60281.0,4.920000000000073
31400.0,165,6487.0,29.621004566210047,1.3519363557134851,165,61020.0,0.04224998598035212,165,61020.0,-7.3900000000001
31405.0,166,6388.0,29.168949771689498,1.3263192874112422,166,61684.0,0.04252391195311248,166,61684.0,-6.639999999999986
31410.0,166,6294.0,28.479638009049772,1.5299309723394217,166,62365.0,0.04653403006245388,166,62365.0,-6.809999999999945
31415.0,167,6140.0,27.533632286995516,1.5254408416616154,166,62414.0,0.03980493015441935,166,62414.0,-0.4900000000000091
31420.0,174,6361.0,28.524663677130047,1.4651271952279687,174,63276.0,0.0348116967117296,174,63276.0,-8.620000000000005
31425.0,178,6613.0,29.522321428571427,1.43344345527744,178,62616.0,0.031986286975524886,178,62616.0,6.600000000000023
31430.0,178,6672.0,30.054054054054053,1.3367151014663692,178,62777.0,0.03167118547599141,178,62777.0,-1.6100000000000136
31435.0,173,6582.0,29.64864864864865,1.3939650843116276,173,62366.0,0.03539851499250816,173,62366.0,4.110000000000014
31440.0,169,6474.0,29.427272727272726,1.5162128762467906,169,62114.0,0.04791770425983445,169,62114.0,2.519999999999982
31445.0,166,6304.0,28.78538812785388,1.4269380309154613,166,62851.0,0.041886912767076255,166,62851.0,-7.3700000000000045
31450.0,167,6170.0,28.433179723502302,1.3297927182627636,167,63601.0,0.03997582144468993,167,63601.0,-7.5
31455.0,169,6051.0,27.63013698630137,1.2445577016455727,169,64356.0,0.03505523798649709,169,64356.0,-7.5499999999999545
31460.0,169,6054.0,28.02777777777778,1.2288725468084587,169,65042.0,0.042019504708416706,169,65042.0,-6.860000000000014
31465.0,169,5885.0,26.995412844036696,1.1626383280008123,169,65379.0,0.03375406363410063,169,65379.0,-3.3700000000000045
31470.0,171,5596.0,25.552511415525114,1.2531006450398685,171,65226.0,0.036471874951617404,171,65226.0,1.5299999999999727
31475.0,170,5315.0,24.15909090909091,1.3319684806021241,170,65079.0,0.03778936666138864,170,65079.0,1.4700000000000273
31480.0,169,4992.0,22.794520547945204,1.2992593918629411,169,65103.0,0.03832023375790985,169,65103.0,-0.2400000000000091
31485.0,169,4916.0,22.345454545454544,1.3295158452288127,169,64335.0,0.036813909505963804,169,64335.0,7.67999999999995
31490.0,168,4845.0,22.022727272727273,1.4631931139826426,168,63598.0,0.043589454589129634,168,63598.0,7.3700000000000045
31495.0,167,4836.0,21.98181818181818,1.489371713210882,167,62130.0,0.04384771348825796,167,62130.0,14.680000000000064
31500.0,169,4931.0,22.413636363636364,1.4670444058539123,169,62366.0,0.0427399907328143,169,62366.0,-2.3600000000000136
31505.0,168,4916.0,22.244343891402714,1.4437737451871873,168,62007.0,0.04346617639178417,168,62007.0,3.589999999999918
31510.0,165,4893.0,22.04054054054054,1.682238527937433,165,61642.0,0.0502144769692607,165,61642.0,3.650000000000091
31515.0,164,4858.0,21.6875,1.8127884769561933,164,60681.0,0.05125881447896899,164,60681.0,9.610000000000014
31520.0,161,4643.0,20.820627802690584,1.9366257900222756,160,61369.0,0.05616843476722642,160,61369.0,-6.880000000000109
31525.0,157,4314.0,19.788990825688074,1.7227257108874352,157,62164.0,0.05078538002775203,157,62164.0,-7.949999999999932
31530.0,153,4076.0,18.87037037037037,1.7655447916408793,153,62716.0,0.05636888945818817,153,62716.0,-5.519999999999982
31535.0,154,4166.0,19.287037037037038,1.6690117931122568,154,62967.0,0.05347491739757463,154,62967.0,-2.509999999999991
31540.0,157,4332.0,20.055555555555557,1.6251283965401175,157,62727.0,0.05373269840296734,157,62727.0,2.3999999999999773
31545.0,159,4571.0,20.96788990825688,1.741646198327716,159,62497.0,0.05602386494270569,159,62497.0,2.2999999999999545
31550.0,164,5033.0,23.087155963302752,1.7651845140921332,164,61930.0,0.055105845775479265,164,61930.0,5.670000000000073
31555.0,168,5451.0,25.004587155963304,1.5809224471760446,168,62758.0,0.04717357824093614,168,62758.0,-8.280000000000086
31560.0,165,5823.0,26.711009174311926,1.597100128076083,165,63347.0,0.045442679552809555,165,63347.0,-5.889999999999986
31565.0,163,6253.0,28.68348623853211,1.6301806214045242,163,63945.0,0.04778053697590904,163,63945.0,-5.980000000000018
31570.0,165,6638.0,30.589861751152075,1.4921324751452179,165,64179.0,0.04669905544028762,165,64179.0,-2.339999999999918
31575.0,169,6939.0,31.54090909090909,1.4027251976221877,169,63853.0,0.04285353401250113,169,63853.0,3.259999999999991
31580.0,172,7265.0,32.873303167420815,1.4750196753060538,172,63550.0,0.043808351391827406,172,63550.0,3.0299999999999727
31585.0,173,7516.0,33.70403587443946,1.433786234227476,173,63932.0,0.03894015677505638,173,63932.0,-3.82000000000005
31590.0,171,7699.0,34.83710407239819,1.3780415697329635,171,64311.0,0.03784270677800905,171,64311.0,-3.7899999999999636
31595.0,170,7891.0,35.54504504504504,1.3530604645003261,170,64706.0,0.04113256442991144,170,64706.0,-3.949999999999932
31600.0,168,8074.0,36.53393665158371,1.3680245578463863,168,64990.0,0.040449778361124004,168,64990.0,-2.840000000000032
31605.0,169,8236.0,37.43636363636364,1.2780815374842993,169,64733.0,0.040690388023558045,169,64733.0,2.5699999999999363
31610.0,170,8401.0,38.01357466063349,1.306826380910524,170,64482.0,0.04140591004284428,170,64482.0,2.509999999999991
31615.0,167,8512.0,38.17040358744394,1.3110243800809027,167,64857.0,0.03867003895282222,167,64857.0,-3.75
31620.0,165,8578.0,38.294642857142854,1.3957784748776199,164,65220.0,0.040408963729902825,164,65220.0,-3.6299999999999955
31625.0,163,8628.0,38.176991150442475,1.4511994007564313,163,65590.0,0.04006544025980555,163,65590.0,-3.699999999999932
31630.0,164,8496.0,38.270270270270274,1.2873203445919486,164,66401.0,0.04033644653536084,164,66401.0,-8.110000000000014
31635.0,162,8346.0,37.76470588235294,1.2528170907845022,162,66900.0,0.0401217874394344,162,66900.0,-4.990000000000009
31640.0,162,8531.0,38.427927927927925,1.3293068658359923,162,67425.0,0.04061261795133054,162,67425.0,-5.25
31645.0,163,8771.0,39.15625,1.3712521294557216,163,67969.0,0.04882065693471412,163,67969.0,-5.440000000000055
31650.0,161,9244.0,41.45291479820628,1.457468341817275,161,68434.0,0.05117473843971939,161,68434.0,-4.649999999999977
31655.0,166,9886.0,43.937777777777775,1.5375606999878653,166,68985.0,0.050961291109265415,166,68985.0,-5.509999999999991
31660.0,174,10573.0,47.200892857142854,1.4397230049960572,173,69616.0,0.04644566097249705,173,69616.0,-6.309999999999945
31665.0,176,11199.0,49.77333333333333,1.2832301618231703,175,69975.0,0.04012471894568562,175,69975.0,-3.590000000000032
31670.0,181,11813.0,52.973094170403584,1.068737616080159,179,69870.0,0.03144135229876948,179,69870.0,1.0499999999999545
31675.0,181,12442.0,55.05309734513274,1.2329192771399422,181,69827.0,0.033953714936620534,181,69827.0,0.43000000000006366
31680.0,179,13045.0,57.7212389380531,1.23322482188407,179,70626.0,0.029508912901826397,179,70626.0,-7.990000000000009
31685.0,183,13688.0,59.77292576419214,1.1319945192483625,183,71442.0,0.027091374173289173,183,71442.0,-8.159999999999968
31690.0,184,14380.0,63.348017621145374,1.1576732312842957,184,72319.0,0.024057000068654494,184,72319.0,-8.770000000000095
31695.0,187,15084.0,66.44933920704845,1.113453267136227,187,72787.0,0.021456839464261256,187,72787.0,-4.67999999999995
31700.0,187,15764.0,69.44493392070484,1.2562344013668076,187,72833.0,0.026791541503194533,187,72833.0,-0.4600000000000364
31705.0,183,16434.0,73.04,1.3277113381015508,183,72873.0,0.0348417055483342,183,72873.0,-0.39999999999997726
31710.0,179,17083.0,76.26339285714286,1.4847138704755325,179,72479.0,0.03606839582972233,179,72479.0,3.9400000000000546
31715.0,174,17408.0,77.71428571428571,1.5502511429081431,174,72701.0,0.0390808505423366,174,72701.0,-2.2200000000000273
31720.0,170,17513.0,78.53363228699551,1.6877489710234976,170,72273.0,0.03986436766028434,170,72273.0,4.279999999999973
31725.0,166,17594.0,78.89686098654708,1.799409194581995,166,71914.0,0.046204290362151415,166,71914.0,3.590000000000032
31730.0,162,17692.0,80.41818181818182,1.876704344973249,162,70952.0,0.05319363561519502,162,70952.0,9.620000000000005
31735.0,163,17223.0,79.0045871559633,1.688890498349542,163,70858.0,0.04886052320475676,163,70858.0,0.9399999999999409
31740.0,163,16287.0,74.71100917431193,1.6917519767475329,163,69845.0,0.05046934522990811,163,69845.0,10.129999999999995
31745.0,160,15338.0,69.71818181818182,1.8480969831781564,160,68829.0,0.05452245412521888,160,68829.0,10.160000000000082
31750.0,157,14273.0,65.47247706422019,1.798602154890726,157,69141.0,0.054547303991034864,157,69141.0,-3.1200000000000045
31755.0,154,13127.0,60.773148148148145,1.7842652726207755,154,69006.0,0.05660031244328598,154,69006.0,1.3500000000000227
31760.0,150,11996.0,56.05607476635514,1.922265986193554,150,68836.0,0.0657874298179304,150,68836.0,1.6999999999999318
31765.0,151,10898.0,50.925233644859816,1.9152973647004439,151,68227.0,0.06335705339291944,151,68227.0,6.090000000000032
31770.0,152,9743.0,45.52803738317757,1.8436851773884941,152,68037.0,0.06111681310195062,152,68037.0,1.8999999999999773
31775.0,149,8543.0,39.550925925925924,1.9103747712516095,149,66949.0,0.057662770570350366,149,66949.0,10.879999999999995
31780.0,146,7454.0,34.50925925925926,2.0449321686644852,146,65874.0,0.06477233962540191,146,65874.0,10.75
31785.0,149,6471.0,29.68348623853211,1.9665255217523427,149,66446.0,0.05721312912434527,149,66446.0,-5.720000000000027
31790.0,153,5317.0,24.389908256880734,1.7919094476269153,153,66904.0,0.052385523933663566,153,66904.0,-4.579999999999927
31795.0,151,4231.0,19.497695852534562,1.844575129549444,151,67410.0,0.05844102081849236,151,67410.0,-5.060000000000059
31800.0,148,3602.0,16.675925925925927,1.8936720879341296,148,67833.0,0.061899949063086525,148,67833.0,-4.230000000000018
31805.0,153,4053.0,18.591743119266056,1.9532029135588393,153,68296.0,0.06595439064436678,153,68296.0,-4.6299999999999955
31810.0,160,4587.0,20.85,1.9093294591269363,160,68833.0,0.06326156709842734,160,68833.0,-5.3700000000000045
31815.0,164,5206.0,23.663636363636364,1.7181219759727562,164,69501.0,0.053632675452696336,164,69501.0,-6.67999999999995
31820.0,171,5946.0,27.15068493150685,1.473564437226849,171,70220.0,0.04302833099915197,171,70220.0,-7.190000000000055
31825.0,178,6445.0,29.429223744292237,1.1893316600061268,178,70418.0,0.029991721398979383,178,70418.0,-1.9799999999999045
31830.0,176,6772.0,30.78181818181818,1.2350653819611854,176,70000.0,0.03206547915485733,176,70000.0,4.17999999999995
31835.0,173,7137.0,32.148648648648646,1.4285803354334188,173,69583.0,0.040337883754820905,173,69583.0,4.169999999999959
31840.0,176,7513.0,33.84234234234234,1.3775353126539787,175,70386.0,0.03483362371131578,175,70386.0,-8.029999999999973
31845.0,179,7927.0,35.075221238938056,1.534978084249551,179,71186.0,0.031463946121954654,179,71186.0,-8.0
31850.0,184,8381.0,37.24888888888889,1.4836620069985944,184,72045.0,0.031461883314315056,184,72045.0,-8.590000000000032
31855.0,185,8850.0,39.50892857142857,1.3369029137386226,185,72955.0,0.027846814681857835,185,72955.0,-9.099999999999909
31860.0,185,9057.0,40.7972972972973,1.2622728394479699,184,73348.0,0.022452186203063607,184,73348.0,-3.9300000000000637
31865.0,179,9059.0,40.806306306306304,1.3988422605031219,179,73179.0,0.03168911356027118,179,73179.0,1.6900000000000546
31870.0,174,9031.0,40.86425339366516,1.5572492063832772,174,72961.0,0.03842350769972705,174,72961.0,2.17999999999995
31875.0,169,8986.0,41.03196347031963,1.7217633084148705,169,72221.0,0.043520199812709125,169,72221.0,7.399999999999977
31880.0,165,8917.0,41.09216589861751,1.8918688601102847,165,71460.0,0.05203380260001945,165,71460.0,7.610000000000014
31885.0,160,8851.0,41.16744186046512,1.8784503479367627,160,70720.0,0.051175737786496235,160,70720.0,7.399999999999977
31890.0,159,8852.0,41.36448598130841,1.8039897659222608,158,71434.0,0.047874086918832943,158,71434.0,-7.139999999999986
31895.0,165,9212.0,43.046728971962615,1.7041191531506001,165,72161.0,0.04603985320218538,165,72161.0,-7.269999999999982
31900.0,169,9596.0,45.264150943396224,1.5494082312622144,169,72911.0,0.03953476718214502,169,72911.0,-7.5
31905.0,167,9942.0,46.89622641509434,1.577778342771712,166,73610.0,0.04198940592725,166,73610.0,-6.990000000000009
31910.0,165,10112.0,47.47417840375587,1.6435713365362699,165,73669.0,0.042189585112155314,165,73669.0,-0.5900000000000318
31915.0,164,10132.0,48.018957345971565,1.6505445382063588,164,73037.0,0.04774841549974981,164,73037.0,6.32000000000005
31920.0,161,10170.0,48.66028708133971,1.7294126431241943,161,72390.0,0.05578423970369981,161,72390.0,6.470000000000027
31925.0,157,10207.0,49.54854368932039,1.632696008291655,157,72572.0,0.05416942193764863,157,72572.0,-1.82000000000005
31930.0,159,10476.0,50.608695652173914,1.639184372123542,159,72758.0,0.04786008244381496,159,72758.0,-1.8600000000000136
31935.0,160,10746.0,51.66346153846154,1.5792512938292906,160,73068.0,0.04913824421153711,160,73068.0,-3.099999999999909
31940.0,160,11018.0,53.227053140096615,1.4773872389877774,160,72661.0,0.043595405403559766,160,72661.0,4.069999999999936
31945.0,157,11285.0,54.78155339805825,1.5338860608836702,157,72391.0,0.05410867615306064,157,72391.0,2.7000000000000455
31950.0,154,11461.0,55.367149758454104,1.5393187983972108,154,72376.0,0.04666759010659341,154,72376.0,0.14999999999997726
31955.0,151,11566.0,55.33971291866029,1.648180937607358,151,71650.0,0.054204004238129676,151,71650.0,7.259999999999991
31960.0,147,11657.0,55.77511961722488,1.7914530031206146,147,70932.0,0.0581249257714675,147,70932.0,7.17999999999995
31965.0,145,11693.0,55.94736842105263,1.7681805536688162,144,71285.0,0.05192263692770151,144,71285.0,-3.5299999999999727
31970.0,144,11691.0,56.47826086956522,1.7143888261822093,144,71976.0,0.05172560418000124,144,71976.0,-6.909999999999968
31975.0,142,11773.0,56.33014354066986,1.7685266837649454,142,72050.0,0.054196849373997255,142,72050.0,-0.7400000000000091
31980.0,145,11953.0,56.91904761904762,1.707314428413251,145,72614.0,0.05143306396230639,145,72614.0,-5.639999999999986
31985.0,147,12175.0,57.429245283018865,1.6182986775220531,147,73189.0,0.047403313692773834,147,73189.0,-5.75
31990.0,147,12629.0,59.570754716981135,1.7248584017037794,147,73690.0,0.05342020863374137,147,73690.0,-5.009999999999991
31995.0,153,13173.0,62.136792452830186,1.5974717096177875,153,74236.0,0.05330954898160739,153,74236.0,-5.460000000000036
32000.0,159,13753.0,64.87264150943396,1.60729607453276,159,74830.0,0.04971415493355274,159,74830.0,-5.939999999999941
32005.0,165,14280.0,66.72897196261682,1.3185494138687384,165,75221.0,0.03402072886157875,165,75221.0,-3.910000000000082
32010.0,163,14765.0,69.31924882629107,1.3525749310344273,163,75323.0,0.03848641352424722,163,75323.0,-1.0199999999999818
32015.0,160,15282.0,71.74647887323944,1.486353593201845,160,75436.0,0.04599811705961993,160,75436.0,-1.1299999999999955
32020.0,163,15837.0,74.70283018867924,1.3591064536759048,163,76160.0,0.03572722473249205,163,76160.0,-7.240000000000009
32025.0,169,16456.0,75.83410138248848,1.380614479620745,169,76911.0,0.032692366087643004,169,76911.0,-7.509999999999991
32030.0,172,17155.0,79.79069767441861,1.3062267941115628,172,77668.0,0.03330579128361345,172,77668.0,-7.569999999999936
32035.0,177,17144.0,79.00460829493088,1.1891020109611141,177,77540.0,0.028473987399952078,177,77540.0,1.2799999999999727
32040.0,178,16650.0,76.37614678899082,1.1621971258860861,178,77402.0,0.025126320916636444,178,77402.0,1.3799999999999955
32045.0,175,16150.0,73.4090909090909,1.2780371264985113,175,77249.0,0.029846374865518777,175,77249.0,1.5299999999999727
32050.0,173,15387.0,70.58256880733946,1.2812295029105203,173,77244.0,0.03281261616182751,173,77244.0,0.049999999999954525
32055.0,169,14433.0,66.81944444444444,1.239082516316624,169,77287.0,0.03196128726638336,169,77287.0,-0.42999999999995
32060.0,165,13455.0,62.58139534883721,1.2735393710560607,165,77328.0,0.034289244789313354,165,77328.0,-0.40999999999996817
32065.0,160,12455.0,58.47417840375587,1.354107481064091,160,76651.0,0.04787026398403615,160,76651.0,6.769999999999982
32070.0,158,11319.0,53.9,1.233234267082553,158,76969.0,0.04217425754691733,158,76969.0,-3.1800000000000637
32075.0,158,10179.0,48.47142857142857,1.175307068956087,158,77292.0,0.0383079239789676,158,77292.0,-3.2299999999999045
32080.0,159,9041.0,43.05238095238095,1.156412721364277,159,77270.0,0.04149652007287156,159,77270.0,0.2199999999999136
32085.0,156,7784.0,36.89099526066351,1.0965092770757618,155,77019.0,0.036209968786585535,155,77019.0,2.509999999999991
32090.0,153,6442.0,30.38679245283019,1.228986603133642,153,75845.0,0.04351857460601477,153,75845.0,11.740000000000009
32095.0,149,5089.0,24.004716981132077,1.3992579272908365,149,74685.0,0.04961160889498133,149,74685.0,11.600000000000023
32100.0,146,3894.0,18.367924528301888,1.4913900644633444,146,74613.0,0.045849888655075215,146,74613.0,0.7200000000000273
32105.0,147,3610.0,16.948356807511736,1.4922954831112423,147,74578.0,0.04146486989958286,147,74578.0,0.35000000000002274
32110.0,148,3331.0,15.63849765258216,1.5641805710397443,148,74531.0,0.04796343491684763,148,74531.0,0.4700000000000273
32115.0,148,2919.0,13.576744186046511,1.5142994423819074,148,75088.0,0.04262961510086802,148,75088.0,-5.57000000000005
32120.0,148,2820.0,13.23943661971831,1.544069943875552,148,75583.0,0.0473487451371785,148,75583.0,-4.9500000000000455
32125.0,151,2927.0,13.741784037558686,1.50300472034677,151,76103.0,0.051042175480345335,151,76103.0,-5.199999999999932
32130.0,156,2969.0,13.873831775700934,1.4460109165531814,156,76385.0,0.04298026896291618,156,76385.0,-2.82000000000005
32135.0,156,3005.0,14.042056074766355,1.3987506768464266,156,76299.0,0.04024284842250291,156,76299.0,0.8600000000000136
32140.0,159,3233.0,15.037209302325582,1.5473686661960457,159,76230.0,0.04504950216125464,159,76230.0,0.6900000000000546
32145.0,160,3463.0,16.106976744186046,1.4913051711422651,160,75833.0,0.044449747201171445,160,75833.0,3.9699999999999136
32150.0,158,3732.0,17.439252336448597,1.6992066995498025,158,75489.0,0.05635533654723928,158,75489.0,3.4400000000000546
32155.0,160,4146.0,19.28372093023256,1.6410325310084417,160,75268.0,0.04848052811074294,160,75268.0,2.2100000000000364
32160.0,161,4383.0,20.291666666666668,1.5742746265395586,160,75077.0,0.04720239746109183,160,75077.0,1.9099999999999682
32165.0,158,4525.0,20.756880733944953,1.6741097284261846,158,73966.0,0.05236703756358895,158,73966.0,11.110000000000014
32170.0,160,4788.0,21.96330275229358,1.792235141312972,160,72889.0,0.05989789174806269,160,72889.0,10.769999999999982
32175.0,160,4927.0,22.810185185185187,1.6629341677794869,160,73527.0,0.05146033664321341,160,73527.0,-6.3799999999999955
32180.0,157,4974.0,23.134883720930233,1.7550253104394182,157,74181.0,0.05359041986856633,157,74181.0,-6.539999999999964
32185.0,154,5139.0,23.90232558139535,1.825676674294615,154,74747.0,0.05922862502717044,154,74747.0,-5.660000000000082
32190.0,156,5306.0,24.794392523364486,1.8101569318861022,156,75162.0,0.0572573344677021,156,75162.0,-4.149999999999977
32195.0,157,5469.0,25.55607476635514,1.7560703243588682,157,75275.0,0.05310392429615154,157,75275.0,-1.1299999999999955
32200.0,158,5813.0,27.037209302325582,1.903959184741621,158,75392.0,0.05794931168201947,158,75392.0,-1.169999999999959
32205.0,159,6158.0,28.377880184331797,1.841295912840818,159,75181.0,0.05199509208677854,159,75181.0,2.1100000000000136
32210.0,159,6508.0,30.269767441860466,1.8931983981059772,159,74992.0,0.05696208604790074,159,74992.0,1.8899999999999864
32215.0,155,6727.0,31.288372093023256,1.7844523017197944,155,74796.0,0.05157963850260005,155,74796.0,1.9599999999999227
32220.0,152,6853.0,31.87441860465116,1.8458113292801632,152,73674.0,0.054875490638681815,152,73674.0,11.220000000000027
32225.0,151,7044.0,33.070422535211264,1.8661730105275103,151,72550.0,0.060623342897734855,151,72550.0,11.240000000000009
32230.0,152,7335.0,34.436619718309856,1.887717748850009,152,73135.0,0.05604634773580893,152,73135.0,-5.850000000000023
32235.0,155,7551.0,34.958333333333336,1.8819533474698018,155,73655.0,0.05022260551667005,155,73655.0,-5.199999999999932
32240.0,152,7820.0,36.036866359447004,2.07171434113835,152,74172.0,0.05994377696097694,152,74172.0,-5.170000000000073
32245.0,155,7875.0,36.799065420560744,1.8141242201923764,155,74033.0,0.05299135720855779,155,74033.0,1.3899999999999864
32250.0,158,7750.0,36.04651162790697,1.8033412536874995,158,73099.0,0.05049951637800155,158,73099.0,9.340000000000032
32255.0,158,7680.0,35.55555555555556,1.8602153867867348,158,72242.0,0.0564683436582698,158,72242.0,8.57000000000005
32260.0,159,7620.0,35.60747663551402,1.8739042851731698,159,70635.0,0.057817292942787646,159,70635.0,16.069999999999936
32265.0,160,7455.0,34.674418604651166,1.6616633971894823,160,70452.0,0.0491669974233891,160,70452.0,1.830000000000041
32270.0,160,7224.0,34.075471698113205,1.5556060445888942,160,69380.0,0.048744669162340104,160,69380.0,10.720000000000027
32275.0,158,6982.0,32.93396226415094,1.60442459160176,158,68320.0,0.05146521445723,158,68320.0,10.599999999999909
32280.0,154,6686.0,31.389671361502348,1.7245920880417946,154,68931.0,0.052103144521672334,154,68931.0,-6.1099999999999
32285.0,156,6455.0,30.023255813953487,1.7254045752816947,156,69493.0,0.04780515401658044,156,69493.0,-5.6200000000000045
32290.0,158,6269.0,29.15813953488372,1.7424209477179105,158,70094.0,0.05469233166158731,158,70094.0,-6.010000000000105
32295.0,160,6176.0,28.46082949308756,1.587366708712851,160,69977.0,0.04763345875343296,160,69977.0,1.1700000000000728
32300.0,164,6080.0,27.76255707762557,1.5450485789575212,164,69868.0,0.04019951343585618,164,69868.0,1.0900000000000318
32305.0,164,5998.0,27.38812785388128,1.5367728516102361,164,69757.0,0.04062178238567644,164,69757.0,1.1099999999999
32310.0,162,6002.0,27.658986175115206,1.5309839838566948,162,70449.0,0.04157409537746946,162,70449.0,-6.919999999999959
32315.0,163,6482.0,29.73394495412844,1.461157489959848,163,71069.0,0.04088978412568741,163,71069.0,-6.2000000000000455
32320.0,164,6998.0,32.24884792626728,1.489584812386591,164,71708.0,0.04321845126797603,164,71708.0,-6.389999999999986
32325.0,166,7392.0,34.38139534883721,1.2569430135379651,166,71672.0,0.03366953282334319,166,71672.0,0.36000000000001364
32330.0,169,7731.0,35.95813953488372,1.273081728981256,169,70861.0,0.03327514287768178,169,70861.0,8.110000000000014
32335.0,170,8199.0,37.958333333333336,1.3069580570514685,170,70064.0,0.03814487956369026,170,70064.0,7.970000000000027
32340.0,173,8676.0,39.61643835616438,1.3926893792308548,173,68573.0,0.03801170279396425,173,68573.0,14.909999999999968
32345.0,171,9150.0,41.59090909090909,1.4976079683916999,171,67100.0,0.04493585806823657,171,67100.0,14.730000000000018
32350.0,169,9617.0,43.91324200913242,1.5282307525975884,169,65684.0,0.049017630159769884,169,65684.0,14.159999999999968
32355.0,164,9933.0,45.15,1.5425300474306822,164,65571.0,0.044018598017471,164,65571.0,1.1299999999999955
32360.0,161,10170.0,46.65137614678899,1.6295750655879597,161,64570.0,0.05253336571574316,161,64570.0,10.009999999999991
32365.0,162,10442.0,48.11981566820276,1.622353514198255,162,63588.0,0.05693832885725868,162,63588.0,9.82000000000005
32370.0,161,10253.0,47.03211009174312,1.7005825110801975,161,63939.0,0.053447172824272755,161,63939.0,-3.509999999999991
32375.0,159,9752.0,44.529680365296805,1.782006647420836,159,64284.0,0.05398371513045372,159,64284.0,-3.4500000000000455
32380.0,155,9236.0,42.56221198156682,1.9223759036022832,155,64160.0,0.05899638465808389,155,64160.0,1.240000000000009
32385.0,151,8717.0,40.35648148148148,1.9665729226020092,151,63580.0,0.06338557050414333,151,63580.0,5.800000000000068
32390.0,147,8212.0,38.373831775700936,1.9957873482719304,147,63375.0,0.06286062782730445,147,63375.0,2.0499999999999545
32395.0,147,7847.0,36.49767441860465,1.9734821369445485,147,62268.0,0.06237983939986676,147,62268.0,11.07000000000005
32400.0,149,7487.0,34.50230414746544,2.051486917006263,149,61189.0,0.06355697144894104,149,61189.0,10.789999999999964
32405.0,149,6889.0,31.60091743119266,1.8907648976626565,149,61764.0,0.04969869346749279,149,61764.0,-5.75
32410.0,146,6126.0,28.36111111111111,1.9962784919962606,146,62230.0,0.05680557927235003,146,62230.0,-4.659999999999968
32415.0,142,5468.0,25.671361502347416,1.9973778667415245,142,62701.0,0.0650933605532321,142,62701.0,-4.710000000000036
32420.0,143,5057.0,23.966824644549764,1.9483272785409675,143,63103.0,0.06541920503163776,143,63103.0,-4.019999999999982
32425.0,148,4817.0,22.721698113207548,1.764709095658094,148,63393.0,0.05753799963296305,148,63393.0,-2.8999999999999773
32430.0,155,4595.0,21.372093023255815,1.7115834823361045,155,63338.0,0.05194933035677491,155,63338.0,0.5499999999999545
32435.0,156,4562.0,20.926605504587155,1.8081092367826934,156,63300.0,0.051282950025858066,156,63300.0,0.37999999999999545
32440.0,162,4828.0,22.04566210045662,1.6991261552183872,162,63265.0,0.04379908463717767,162,63265.0,0.35000000000002274
32445.0,163,4944.0,22.575342465753426,1.6312444899987384,163,62474.0,0.04210702533695158,163,62474.0,7.909999999999968
32450.0,165,5074.0,23.275229357798164,1.6058140578258375,165,61777.0,0.047165683031383084,165,61777.0,6.970000000000027
32455.0,162,5234.0,24.009174311926607,1.6415666611869193,162,60474.0,0.048607445248043384,162,60474.0,13.029999999999973
32460.0,164,5456.0,24.91324200913242,1.7369402387126363,164,59205.0,0.05260349376756825,164,59205.0,12.690000000000055
32465.0,167,5686.0,25.845454545454544,1.6133912963083394,167,57970.0,0.05245631037610337,167,57970.0,12.349999999999909
32470.0,163,5778.0,26.263636363636362,1.5968330732974796,163,58627.0,0.05004139571518267,163,58627.0,-6.569999999999936
32475.0,161,5764.0,26.081447963800905,1.6633221961169418,161,59192.0,0.054072233864219575,161,59192.0,-5.649999999999977
32480.0,158,5779.0,26.509174311926607,1.8061468414776283,158,59794.0,0.06275143884131339,158,59794.0,-6.0200000000000955
32485.0,155,5945.0,27.14611872146119,2.017793620248343,155,60347.0,0.06706264107221048,155,60347.0,-5.529999999999973
32490.0,157,5949.0,27.541666666666668,1.957665734627598,157,60200.0,0.06296822666095715,157,60200.0,1.4700000000000273
32495.0,163,5933.0,27.341013824884794,1.7874985612634415,163,60951.0,0.04747225701879399,163,60951.0,-7.509999999999991
32500.0,164,5985.0,27.580645161290324,1.7665465197764874,164,59936.0,0.04564070857636254,164,59936.0,10.149999999999977
32505.0,161,6078.0,28.00921658986175,1.7751514255398018,161,60632.0,0.04984720532162308,161,60632.0,-6.960000000000036
32510.0,164,6382.0,29.275229357798164,1.759694774475485,164,61292.0,0.048847465006724385,164,61292.0,-6.599999999999909
32515.0,169,6760.0,31.009174311926607,1.6209519951297255,169,61991.0,0.04370438802522761,169,61991.0,-6.990000000000009
32520.0,173,7180.0,32.93577981651376,1.547690769733362,173,62728.0,0.03521780081522069,173,62728.0,-7.3700000000000045
32525.0,175,7455.0,34.513888888888886,1.2526856348403679,175,62920.0,0.025326574292166795,175,62920.0,-1.9200000000000728
32530.0,172,7617.0,35.59345794392523,1.19328969109855,172,62487.0,0.029093856799341837,172,62487.0,4.330000000000041
32535.0,169,7764.0,36.11162790697674,1.3969095887731366,169,62044.0,0.03916221249996305,169,62044.0,4.42999999999995
32540.0,165,7892.0,36.87850467289719,1.4771833683781361,165,60991.0,0.04191967163797854,165,60991.0,10.530000000000086
32545.0,163,7691.0,35.77209302325581,1.4548766373685917,163,61323.0,0.03946506678006452,163,61323.0,-3.32000000000005
32550.0,162,7269.0,33.967289719626166,1.3949463793733703,162,62125.0,0.0366644361094942,162,62125.0,-8.019999999999982
32555.0,159,6936.0,32.41121495327103,1.4993108953982803,159,61932.0,0.0428160042287032,159,61932.0,1.92999999999995
32560.0,160,6917.0,31.87557603686636,1.5850813991714974,160,61717.0,0.046671928668492305,160,61717.0,2.150000000000091
32565.0,161,6915.0,31.431818181818183,1.6491441376605807,161,61517.0,0.0478634453783362,161,61517.0,2.0
32570.0,161,6725.0,30.568181818181817,1.648498250599014,161,60904.0,0.04759178450845822,161,60904.0,6.1299999999999955
32575.0,158,6391.0,29.182648401826484,1.7263137451284667,158,59853.0,0.049892377041576966,158,59853.0,10.509999999999991
32580.0,153,6068.0,28.09259259259259,1.888551793293206,153,58802.0,0.057460757107219096,153,58802.0,10.509999999999991
32585.0,149,5612.0,26.471698113207548,1.8221111390911644,149,59412.0,0.057910593040351954,149,59412.0,-6.100000000000023
32590.0,145,5192.0,24.842105263157894,1.8528027546117425,145,59967.0,0.05852130735255268,145,59967.0,-5.5499999999999545
32595.0,148,5046.0,24.02857142857143,1.8880142498056918,148,60528.0,0.05946755447544657,148,60528.0,-5.610000000000014
32600.0,154,4776.0,22.742857142857144,1.6482560186492317,154,60622.0,0.04698931757225807,154,60622.0,-0.9400000000000546
32605.0,153,4411.0,20.90521327014218,1.6487497265196034,153,60145.0,0.045130361147834086,153,60145.0,4.769999999999982
32610.0,151,4162.0,19.725118483412324,1.7876592798419713,151,59663.0,0.05361626746410783,151,59663.0,4.82000000000005
32615.0,152,4312.0,20.436018957345972,1.8492969173523575,152,58783.0,0.059360715930047256,152,58783.0,8.799999999999955
32620.0,154,4368.0,20.507042253521128,1.7364808189139207,154,58603.0,0.05391536884651153,154,58603.0,1.8000000000000682
32625.0,156,4370.0,20.42056074766355,1.6648065056572983,156,57563.0,0.05070291650164789,156,57563.0,10.399999999999977
32630.0,155,4376.0,20.739336492890995,1.671584575856395,155,56552.0,0.05256642419588359,155,56552.0,10.110000000000014
32635.0,153,4438.0,20.933962264150942,1.7981762563076749,153,54669.0,0.05821879424929614,153,54669.0,18.829999999999927
32640.0,155,4639.0,21.779342723004696,1.7812801018420188,155,55351.0,0.053112595384383864,155,55351.0,-6.819999999999936
32645.0,158,4788.0,21.96330275229358,1.794641692583565,158,55962.0,0.05290338537847368,158,55962.0,-6.110000000000014
32650.0,158,5092.0,23.465437788018434,1.9263543582931117,158,56648.0,0.05638641127983855,158,56648.0,-6.860000000000014
32655.0,160,5437.0,25.171296296296298,1.8808696223792625,160,57317.0,0.05303704182240896,160,57317.0,-6.689999999999941
32660.0,161,5549.0,25.929906542056074,1.751727420491076,161,57538.0,0.04686835395328242,161,57538.0,-2.2100000000000364
32665.0,158,5556.0,26.20754716981132,1.698457233804905,158,57211.0,0.049250507030362004,158,57211.0,3.269999999999982
32670.0,159,5730.0,27.028301886792452,1.8162298570711508,159,56886.0,0.05597128920492828,159,56886.0,3.25
32675.0,160,5860.0,27.511737089201876,1.6456475269625375,160,57621.0,0.04277541933985372,160,57621.0,-7.350000000000023
32680.0,159,6009.0,28.34433962264151,1.6678413111390504,159,58365.0,0.042873413008024414,159,58365.0,-7.439999999999941
32685.0,161,6246.0,29.601895734597157,1.6296039974961116,161,59105.0,0.04449846252914582,161,59105.0,-7.399999999999977
32690.0,168,6480.0,30.566037735849058,1.4548118103962981,168,59046.0,0.037195861301031814,168,59046.0,0.5899999999999181
32695.0,173,6632.0,30.846511627906978,1.2359264991622658,173,59007.0,0.028239504137089543,173,59007.0,0.38999999999998636
32700.0,171,6788.0,31.572093023255814,1.2932758017905444,171,58984.0,0.03148193946358148,171,58984.0,0.2300000000000182
32705.0,168,6845.0,31.985981308411215,1.2393120757765277,168,59252.0,0.03404747373256455,168,59252.0,-2.67999999999995
32710.0,166,6829.0,31.76279069767442,1.3442710582019508,166,58942.0,0.036639993081480894,166,58942.0,3.1000000000000227
32715.0,164,6800.0,31.336405529953918,1.4607549089281013,164,58620.0,0.04146094452271458,164,58620.0,3.2199999999999136
32720.0,161,6775.0,31.6588785046729,1.538951809072507,161,57732.0,0.04535912427029518,161,57732.0,8.879999999999995
32725.0,157,6852.0,32.320754716981135,1.6915988504040709,157,56906.0,0.05593863252630674,157,56906.0,8.260000000000105
32730.0,158,7236.0,34.29383886255924,1.7103193460687485,158,56622.0,0.053109539871702666,158,56622.0,2.839999999999918
32735.0,159,7621.0,35.779342723004696,1.7066898848412742,158,55937.0,0.05383445585316017,158,55937.0,6.850000000000023
32740.0,156,7995.0,37.7122641509434,1.806063175666306,155,55339.0,0.05725191613065049,155,55339.0,5.980000000000018
32745.0,154,8190.0,38.45070422535211,1.8426790907001913,154,56098.0,0.05797806517615555,154,56098.0,-7.590000000000032
32750.0,155,8432.0,39.77358490566038,1.8251953968026748,155,56864.0,0.05501464605625081,155,56864.0,-7.659999999999968
32755.0,156,8890.0,41.93396226415094,1.8247097673431614,156,57561.0,0.05546100933824974,156,57561.0,-6.970000000000027
32760.0,155,9421.0,44.649289099526065,1.826275484343612,155,57878.0,0.05553942932782651,155,57878.0,-3.169999999999959
32765.0,158,9949.0,47.37619047619047,1.7236416002652677,158,57747.0,0.059073137379336796,158,57747.0,1.3099999999999454
32770.0,157,10565.0,50.07109004739336,1.8840743599049818,157,57635.0,0.06413131327104202,157,57635.0,1.1200000000000045
32775.0,159,11284.0,53.22641509433962,1.924751590760977,159,57107.0,0.061830260570007095,159,57107.0,5.279999999999973
32780.0,161,12008.0,56.90995260663507,1.9107907175963676,161,57031.0,0.06603247429371258,161,57031.0,0.7600000000001046
32785.0,159,12235.0,58.26190476190476,1.709705719430321,159,56704.0,0.056957649276093966,159,56704.0,3.269999999999982
32790.0,160,12133.0,58.33173076923077,1.545252245841899,160,56146.0,0.050160413166255795,160,56146.0,5.579999999999927
32795.0,157,12023.0,57.25238095238095,1.7455748627903318,157,55600.0,0.05722474455123171,157,55600.0,5.460000000000036
32800.0,155,11783.0,56.10952380952381,1.8161211961997246,155,56262.0,0.05541053333568064,155,56262.0,-6.6200000000000045
32805.0,151,11448.0,54.51428571428571,1.830112446987153,151,56823.0,0.05301035704443327,151,56823.0,-5.610000000000014
32810.0,148,11180.0,53.49282296650718,1.9924700903828536,148,57396.0,0.06486898799032356,148,57396.0,-5.730000000000018
32815.0,151,11005.0,52.404761904761905,1.9147105881432245,151,57667.0,0.0609899509427987,151,57667.0,-2.7099999999999227
32820.0,157,10805.0,51.208530805687204,1.8683206491654067,157,57503.0,0.05251178655578146,157,57503.0,1.6399999999999864
32825.0,158,10624.0,50.350710900473935,1.7901197721932043,158,57360.0,0.05023370956971643,158,57360.0,1.42999999999995
32830.0,159,10359.0,49.56459330143541,1.6591749975193402,159,57436.0,0.043561300851851205,159,57436.0,-0.7599999999999909
32835.0,155,10023.0,48.1875,1.6251103045299184,155,56914.0,0.04420432483906574,155,56914.0,5.220000000000027
32840.0,154,9675.0,46.07142857142857,1.8250903366705729,154,56457.0,0.05484819793162093,154,56457.0,4.569999999999936
32845.0,150,9243.0,43.80568720379147,1.7390498366384795,150,57081.0,0.04736679933986406,150,57081.0,-6.239999999999895
32850.0,148,8931.0,42.9375,1.7617840151717243,148,57614.0,0.05357263196869026,148,57614.0,-5.330000000000041
32855.0,150,9265.0,44.33014354066986,1.742528902503742,150,58162.0,0.055490561404392576,150,58162.0,-5.480000000000018
32860.0,156,9645.0,45.92857142857143,1.6153485556631655,156,58391.0,0.049830881973504056,156,58391.0,-2.2899999999999636
32865.0,157,10026.0,47.51658767772512,1.4661559665932904,157,58169.0,0.04225695218259988,157,58169.0,2.2199999999999136
32870.0,159,10476.0,49.183098591549296,1.6090378485747194,159,57960.0,0.049770155417530555,159,57960.0,2.090000000000032
32875.0,159,10967.0,51.48826291079812,1.6558413765168656,159,57423.0,0.05257329830701219,159,57423.0,5.3700000000000045
32880.0,161,11465.0,53.82629107981221,1.7314666816370825,161,57173.0,0.05923592287320482,161,57173.0,2.5
32885.0,159,11964.0,55.646511627906975,1.7213961706189371,159,56941.0,0.05227156586342028,159,56941.0,2.32000000000005
32890.0,158,12458.0,58.21495327102804,1.7555129501048639,157,57081.0,0.05848433666203424,157,57081.0,-1.3999999999999773
32895.0,158,12894.0,60.25233644859813,1.6638258021038241,158,57803.0,0.055849940543497026,158,57803.0,-7.220000000000027
32900.0,167,13380.0,62.23255813953488,1.5373129270470332,167,58556.0,0.05102597277158286,167,58556.0,-7.529999999999973
32905.0,173,13953.0,64.0045871559633,1.4443812851467333,173,59342.0,0.04343342749574633,173,59342.0,-7.860000000000014
32910.0,173,14614.0,66.42727272727272,1.505859681201719,173,60036.0,0.043479605591473944,173,60036.0,-6.940000000000055
32915.0,172,14629.0,66.1945701357466,1.48357944037793,172,59960.0,0.041708303135754236,172,59960.0,0.7599999999999909
32920.0,168,14249.0,65.06392694063926,1.594854913678603,168,58998.0,0.04842270494461372,168,58998.0,9.620000000000005
32925.0,169,13967.0,64.36405529953917,1.5308958148368996,169,58926.0,0.04885620412344281,169,58926.0,0.7200000000000273
32930.0,169,13711.0,63.476851851851855,1.4715415588367067,169,59623.0,0.04255154927487876,169,59623.0,-6.970000000000027
32935.0,171,13423.0,61.857142857142854,1.3756434584208788,171,60230.0,0.042887662365967305,171,60230.0,-6.069999999999936
32940.0,170,13138.0,60.54377880184332,1.3298722157148293,170,60860.0,0.04034574687497109,170,60860.0,-6.300000000000068
32945.0,170,12887.0,59.66203703703704,1.3441707788516444,170,61450.0,0.04153409911389012,170,61450.0,-5.899999999999977
32950.0,171,12679.0,58.42857142857143,1.480952897583511,171,62100.0,0.04685203065759375,171,62100.0,-6.5
32955.0,173,12293.0,56.1324200913242,1.265630255365587,173,62562.0,0.03433077078630346,173,62562.0,-4.6200000000000045
32960.0,173,11790.0,54.08256880733945,1.2097115402712408,173,62679.0,0.031863304915432614,173,62679.0,-1.169999999999959
32965.0,170,11280.0,51.50684931506849,1.4061899682101267,170,62985.0,0.04124081029190705,170,62985.0,-3.060000000000059
32970.0,167,10713.0,48.917808219178085,1.4469849166489313,167,63734.0,0.034256123281230365,167,63734.0,-7.490000000000009
32975.0,164,10110.0,46.16438356164384,1.4490393858842636,164,64479.0,0.035582686154529794,164,64479.0,-7.449999999999932
32980.0,166,9788.0,45.105990783410135,1.4000526518431078,166,65196.0,0.03717106802514609,166,65196.0,-7.170000000000073
32985.0,174,10287.0,46.547511312217196,1.2918148899558737,174,65746.0,0.03454197777512568,174,65746.0,-5.5
32990.0,177,10781.0,48.129464285714285,1.316801247453791,177,66065.0,0.03032948722800846,177,66065.0,-3.189999999999941
32995.0,177,11289.0,50.17333333333333,1.4342604222456625,177,66397.0,0.03573151137450624,177,66397.0,-3.32000000000005
33000.0,176,11744.0,52.9009009009009,1.370930000874767,175,67200.0,0.03132422467995447,175,67200.0,-8.029999999999973
33005.0,173,12182.0,55.372727272727275,1.359209377774161,173,68034.0,0.030979971235953703,173,68034.0,-8.340000000000032
33010.0,171,12712.0,58.045662100456624,1.4366323806136698,171,68785.0,0.0378600104039885,171,68785.0,-7.509999999999991
33015.0,172,12796.0,58.42922374429224,1.3537154135872786,172,68827.0,0.032347925620932715,172,68827.0,-0.4199999999999591
33020.0,170,12612.0,58.66046511627907,1.32586340672917,170,68115.0,0.03617079423935424,170,68115.0,7.1200000000000045
33025.0,170,12537.0,58.041666666666664,1.4285085777819715,170,67439.0,0.04067459930841121,170,67439.0,6.759999999999991
33030.0,171,12170.0,56.342592592592595,1.3385821989946336,171,67389.0,0.036195076379755366,171,67389.0,0.5
33035.0,167,11595.0,53.433179723502306,1.4498984143542968,167,66464.0,0.04060151168927166,167,66464.0,9.25
33040.0,165,11006.0,51.429906542056074,1.4260032530860685,165,65552.0,0.044105913499923106,165,65552.0,9.120000000000005
33045.0,161,10363.0,48.425233644859816,1.427901967007569,161,65721.0,0.042450739530841136,161,65721.0,-1.6900000000000546
33050.0,159,9707.0,45.7877358490566,1.435605353950534,159,65893.0,0.040717375477350604,159,65893.0,-1.7199999999999136
33055.0,159,9082.0,42.839622641509436,1.3600582052461123,159,66044.0,0.041401324446095435,159,66044.0,-1.5100000000001046
33060.0,160,8461.0,39.72300469483568,1.4468113202913777,160,64956.0,0.04727143721383783,160,64956.0,10.88000000000011
33065.0,156,7826.0,36.570093457943926,1.5334995427742897,156,63916.0,0.054816515044548535,156,63916.0,10.399999999999977
33070.0,155,6971.0,32.574766355140184,1.5428663113414487,155,64676.0,0.04972668397033129,155,64676.0,-7.600000000000023
33075.0,155,5976.0,27.795348837209303,1.5638105792092971,155,65109.0,0.0463168791917713,155,65109.0,-4.330000000000041
33080.0,152,5135.0,23.99532710280374,1.6862732829450764,152,65608.0,0.048930473136708466,152,65608.0,-4.990000000000009
33085.0,152,4945.0,22.89351851851852,1.7558669128605249,152,65847.0,0.05085446242149335,152,65847.0,-2.3899999999999864
33090.0,153,4759.0,22.44811320754717,1.6385879098079466,153,66098.0,0.05783398989959544,153,66098.0,-2.509999999999991
33095.0,154,4425.0,20.87264150943396,1.525804750688779,154,66842.0,0.05068196609219319,154,66842.0,-7.439999999999941
33100.0,156,4357.0,20.35981308411215,1.552568859415838,156,67403.0,0.0482903975524227,156,67403.0,-5.610000000000014
33105.0,158,4491.0,20.791666666666668,1.5529454993257135,158,68000.0,0.0469358925026838,158,68000.0,-5.970000000000027
33110.0,156,4824.0,22.43720930232558,1.5897829482880868,156,68606.0,0.0572136237236228,156,68606.0,-6.059999999999945
33115.0,162,5238.0,24.138248847926267,1.6484031029623432,162,69191.0,0.05578303808417618,162,69191.0,-5.850000000000023
33120.0,169,5689.0,26.337962962962962,1.5648985327110725,169,69875.0,0.04940536847741463,169,69875.0,-6.840000000000032
33125.0,177,6169.0,28.560185185185187,1.2167395979665203,176,70667.0,0.03488874188569997,176,70667.0,-7.919999999999959
33130.0,178,6665.0,30.85648148148148,1.1145751620387145,177,71517.0,0.03339587653007512,177,71517.0,-8.5
33135.0,182,7263.0,33.31651376146789,1.118175903504758,180,72369.0,0.028524811134154514,180,72369.0,-8.520000000000095
33140.0,181,8126.0,37.27522935779817,1.1992688457426945,181,73236.0,0.032969180683873237,181,73236.0,-8.669999999999959
33145.0,190,9038.0,40.711711711711715,1.1632127793135918,188,74121.0,0.025625295528560143,188,74121.0,-8.850000000000023
33150.0,194,9987.0,45.39545454545455,0.956784332914807,193,75070.0,0.01818802992210877,193,75070.0,-9.490000000000009
33155.0,193,10703.0,48.42986425339367,0.978617021199456,193,75380.0,0.018638025915400983,193,75380.0,-3.099999999999909
33160.0,190,11236.0,50.841628959276015,1.0924779152934307,190,75009.0,0.02835727790960455,190,75009.0,3.7099999999999227
33165.0,186,11753.0,53.42272727272727,1.2087894400908135,186,74612.0,0.03285187386676345,186,74612.0,3.9700000000000273
33170.0,185,11886.0,54.273972602739725,1.1597042902786696,185,74622.0,0.02617995404539995,185,74622.0,-0.10000000000002274
33175.0,180,11751.0,53.657534246575345,1.2502804051041494,180,73730.0,0.029499862540606804,180,73730.0,8.920000000000073
33180.0,176,11593.0,53.178899082568805,1.3525204476723658,176,72842.0,0.03528308530580522,176,72842.0,8.879999999999995
33185.0,171,11413.0,52.114155251141554,1.56649546636829,171,71085.0,0.041683782201139614,171,71085.0,17.569999999999936
33190.0,166,11208.0,51.64976958525346,1.7224179730011986,166,69309.0,0.05077193041913144,166,69309.0,17.75999999999999
33195.0,162,10981.0,51.074418604651164,1.711082125260893,162,67658.0,0.05396821476716555,162,67658.0,16.50999999999999
33200.0,158,10734.0,50.632075471698116,1.7067749175729678,158,66819.0,0.05694352387847815,158,66819.0,8.389999999999986
33205.0,154,10466.0,49.367924528301884,1.8545644391583753,154,65218.0,0.06489688044568362,154,65218.0,16.010000000000105
33210.0,150,9825.0,46.785714285714285,1.8517415139827555,150,65665.0,0.06364752912581169,150,65665.0,-4.470000000000027
33215.0,144,8948.0,42.813397129186605,1.914209015353149,144,65717.0,0.06972405457460554,144,65717.0,-0.5199999999999818
33220.0,142,8164.0,39.0622009569378,2.0988527916648554,142,65764.0,0.07575810139602271,142,65764.0,-0.4700000000000273
33225.0,142,7666.0,36.33175355450237,2.2949652214330176,141,65489.0,0.0815026851768264,141,65489.0,2.75
33230.0,144,6998.0,33.483253588516746,2.214510388233477,144,66189.0,0.06993873508664745,144,66189.0,-7.0
33235.0,142,6522.0,31.35576923076923,2.1956637008104627,142,66840.0,0.06848680166472262,142,66840.0,-6.509999999999991
33240.0,146,6651.0,31.822966507177032,2.217087631033828,146,67498.0,0.06697531639284086,146,67498.0,-6.580000000000041
33245.0,153,6821.0,32.48095238095238,2.1459573911443135,153,68115.0,0.0695897812362401,153,68115.0,-6.169999999999959
33250.0,157,7016.0,33.569377990430624,1.9891776955930371,157,68844.0,0.05956734202753176,157,68844.0,-7.290000000000077
33255.0,162,7236.0,34.457142857142856,1.8723008695266563,162,69633.0,0.04369374146353772,162,69633.0,-7.889999999999986
33260.0,165,7472.0,35.751196172248804,1.664340379196551,165,70450.0,0.03952613505391807,165,70450.0,-8.169999999999959
33265.0,163,7606.0,36.21904761904762,1.6959750616420655,163,70907.0,0.04048662712441918,163,70907.0,-4.57000000000005
33270.0,159,7653.0,37.150485436893206,1.562465179425667,159,70982.0,0.04363693558958803,159,70982.0,-0.75
33275.0,158,7835.0,38.03398058252427,1.7375340830383779,158,71053.0,0.052162743062379016,158,71053.0,-0.7099999999999227
33280.0,160,8450.0,41.42156862745098,1.6428605159744543,160,70791.0,0.04701528308867026,160,70791.0,2.6200000000000045
33285.0,160,8847.0,43.36764705882353,1.5059843442473848,160,70730.0,0.04475911638414961,160,70730.0,0.6100000000000136
33290.0,159,9091.0,44.13106796116505,1.5275657689284712,159,69839.0,0.040048669820534455,159,69839.0,8.909999999999968
33295.0,157,9326.0,44.40952380952381,1.7534739342978485,157,68971.0,0.05121937709880358,157,68971.0,8.67999999999995
33300.0,155,9493.0,44.568075117370896,1.7194073990130165,155,69717.0,0.04453435084499119,155,69717.0,-7.459999999999923
33305.0,157,9721.0,45.425233644859816,1.7583359243547083,157,70470.0,0.0445082461628186,157,70470.0,-7.530000000000086
33310.0,161,9970.0,46.58878504672897,1.7841312362469581,161,71265.0,0.045787934901718466,161,71265.0,-7.949999999999932
33315.0,161,10178.0,47.33953488372093,1.6999736277110007,160,71229.0,0.04030537252408868,160,71229.0,0.36000000000001364
33320.0,159,10345.0,48.568075117370896,1.6504393716101762,159,72032.0,0.03888519921807685,159,72032.0,-8.030000000000086
33325.0,156,10519.0,49.85308056872038,1.7119843026939074,156,71144.0,0.046460709560864615,156,71144.0,8.879999999999995
33330.0,154,10258.0,49.31730769230769,1.5954286321784825,154,71114.0,0.045062814003144415,154,71114.0,0.3000000000000682
33335.0,154,9797.0,47.328502415458935,1.5429489261351481,154,71087.0,0.044414289331893966,154,71087.0,0.2699999999999818
33340.0,155,9416.0,45.70873786407767,1.413846256846857,155,70263.0,0.04025770700946379,155,70263.0,8.240000000000009
33345.0,152,8937.0,43.59512195121951,1.3467683944804238,152,70623.0,0.042404992991003886,152,70623.0,-3.6000000000000227
33350.0,151,8391.0,41.13235294117647,1.2904419010074593,151,70572.0,0.041487838953498384,151,70572.0,0.5099999999999909
33355.0,152,7959.0,38.26442307692308,1.3419299185346374,152,70926.0,0.04516900255160467,152,70926.0,-3.5399999999999636
33360.0,154,7443.0,35.61244019138756,1.2091802604440471,154,71645.0,0.03825763900608269,154,71645.0,-7.190000000000055
33365.0,155,7003.0,33.34761904761905,1.1183641884455566,155,72412.0,0.03656434005175434,155,72412.0,-7.669999999999959
33370.0,157,6597.0,31.414285714285715,1.1059868364307854,157,73165.0,0.03459542008076835,157,73165.0,-7.529999999999973
33375.0,161,6073.0,28.781990521327014,1.172760251591467,161,73954.0,0.03522867995682456,161,73954.0,-7.889999999999986
33380.0,158,5479.0,25.966824644549764,1.2558225023176408,158,72991.0,0.03624132137150344,158,72991.0,9.629999999999995
33385.0,157,4917.0,23.414285714285715,1.2581055772845449,157,72111.0,0.03940414917163388,157,72111.0,8.799999999999955
33390.0,156,4224.0,20.018957345971565,1.2391358636503187,156,72057.0,0.041065530133766084,156,72057.0,0.5399999999999636
33395.0,154,3613.0,16.962441314553992,1.3475488889793648,154,71997.0,0.043473873423989756,154,71997.0,0.6000000000000227
33400.0,156,3625.0,17.018779342723004,1.3631691346969175,156,71101.0,0.04403068033532671,156,71101.0,8.960000000000036
33405.0,158,3577.0,16.87264150943396,1.1576143992892856,157,71827.0,0.03449587064673539,157,71827.0,-7.259999999999991
33410.0,155,3619.0,17.151658767772513,1.2166097129391722,155,72525.0,0.04388820775597703,155,72525.0,-6.980000000000018
33415.0,162,3953.0,18.64622641509434,1.3022065936997043,162,73263.0,0.045671098292965846,162,73263.0,-7.3799999999999955
33420.0,168,4268.0,20.037558685446008,1.1836714837017284,168,73295.0,0.034577049526802156,168,73295.0,-0.32000000000005
33425.0,166,4564.0,21.327102803738317,1.2578231374999596,166,72556.0,0.0339750465439685,166,72556.0,7.3900000000001
33430.0,164,4851.0,22.66822429906542,1.428968605930761,164,71814.0,0.04065692902486564,164,71814.0,7.419999999999959
33435.0,159,4984.0,23.399061032863848,1.418201194162492,159,71747.0,0.03988801051263615,159,71747.0,0.6699999999999591
33440.0,155,5058.0,23.746478873239436,1.5794717742937563,155,70787.0,0.0446072876907802,155,70787.0,9.600000000000023
33445.0,154,5304.0,24.901408450704224,1.6366431319986876,154,69841.0,0.04980229844961913,154,69841.0,9.460000000000036
33450.0,155,5558.0,26.093896713615024,1.6880665647365654,155,68073.0,0.04794899276166718,155,68073.0,17.67999999999995
33455.0,154,5578.0,26.065420560747665,1.657904924953161,154,68352.0,0.04718247643940436,154,68352.0,-2.7899999999999636
33460.0,157,5592.0,26.130841121495326,1.6313862220475164,157,68160.0,0.04747771790424365,157,68160.0,1.919999999999959
33465.0,157,5612.0,26.22429906542056,1.6763544884538595,157,67968.0,0.04880348405792658,157,67968.0,1.9200000000000728
33470.0,155,5629.0,26.427230046948356,1.807460876331318,155,67300.0,0.054456009204493915,155,67300.0,6.67999999999995
33475.0,152,5627.0,26.417840375586856,1.9496033340280499,152,66632.0,0.06472768492744461,152,66632.0,6.67999999999995
33480.0,148,5612.0,26.597156398104264,2.0111117796185294,148,65967.0,0.06479003268939916,148,65967.0,6.650000000000091
33485.0,145,5602.0,26.676190476190477,1.9765284229893108,144,65771.0,0.0652491563425542,144,65771.0,1.9599999999999227
33490.0,149,5434.0,25.876190476190477,1.9278061335137593,149,66505.0,0.0641847674965984,149,66505.0,-7.339999999999918
33495.0,154,5229.0,24.549295774647888,1.83482445581485,154,67260.0,0.057211087189007276,154,67260.0,-7.550000000000068
33500.0,158,5301.0,24.887323943661972,1.8524059186872188,158,68034.0,0.05906297389953089,158,68034.0,-7.740000000000009
33505.0,161,5479.0,25.36574074074074,1.827030291938989,161,68013.0,0.053323272915984224,161,68013.0,0.21000000000003638
33510.0,163,5574.0,26.046728971962615,1.8028715349678626,163,67187.0,0.053019491942668424,163,67187.0,8.259999999999991
33515.0,161,5661.0,27.086124401913874,1.724334370081312,161,66487.0,0.05620153349213292,161,66487.0,7.0
33520.0,158,5746.0,27.893203883495147,1.6681185617567735,158,67161.0,0.05563330647852785,158,67161.0,-6.740000000000009
33525.0,160,6142.0,29.38755980861244,1.6705320683961482,160,67745.0,0.05252356542863583,160,67745.0,-5.840000000000032
33530.0,160,6547.0,31.028436018957347,1.7157047016763214,160,68347.0,0.05948425247777367,160,68347.0,-6.019999999999982
33535.0,164,7080.0,33.23943661971831,1.580905448369609,164,68930.0,0.048545319468135145,164,68930.0,-5.829999999999927
33540.0,168,7663.0,35.97652582159625,1.6642667620856282,168,69614.0,0.050402939111579344,168,69614.0,-6.840000000000032
33545.0,173,8262.0,38.7887323943662,1.4468840997428183,173,70405.0,0.04204790590425315,173,70405.0,-7.909999999999968
33550.0,174,8866.0,41.23720930232558,1.266803422955568,174,71229.0,0.032656842445229296,174,71229.0,-8.240000000000009
33555.0,177,9488.0,43.925925925925924,1.2496025112326061,176,72087.0,0.031354675139489384,176,72087.0,-8.580000000000041
33560.0,179,10119.0,47.06511627906977,1.136353432595374,178,72941.0,0.028312042969716938,178,72941.0,-8.539999999999964
33565.0,176,10566.0,49.14418604651163,1.1915814561407683,176,73261.0,0.03150658962040461,176,73261.0,-3.2000000000000455
33570.0,174,10964.0,50.9953488372093,1.2544074925482651,174,73036.0,0.03311657536647575,174,73036.0,2.25
33575.0,175,11456.0,53.03703703703704,1.3437974070309848,175,72821.0,0.038135652847010273,175,72821.0,2.1499999999999773
33580.0,178,11955.0,54.34090909090909,1.3527531420421341,178,72114.0,0.03380440341751958,178,72114.0,7.07000000000005
33585.0,179,12441.0,56.294117647058826,1.3752579100280449,178,72959.0,0.032047232391756185,178,72959.0,-8.450000000000045
33590.0,181,12957.0,58.36486486486486,1.4061629712581944,181,73838.0,0.027000591976168508,181,73838.0,-8.789999999999964
33595.0,181,13476.0,60.977375565610856,1.5205464915707372,181,74729.0,0.03247326431255664,181,74729.0,-8.909999999999968
33600.0,179,13758.0,63.11009174311926,1.4704701046515203,179,74765.0,0.028836663206095882,179,74765.0,-0.36000000000001364
33605.0,176,13864.0,64.18518518518519,1.3999155483572538,175,74779.0,0.03088137888380622,175,74779.0,-0.13999999999998636
33610.0,172,13946.0,64.86511627906977,1.4311276352795224,172,74765.0,0.031921333297358315,172,74765.0,0.13999999999998636
33615.0,167,13979.0,65.01860465116279,1.4696354480375502,167,75529.0,0.036023256012171434,167,75529.0,-7.639999999999986
33620.0,167,14087.0,66.44811320754717,1.4068191912140473,167,76275.0,0.039524301701120076,167,76275.0,-7.460000000000036
33625.0,167,14254.0,67.55450236966824,1.4436682167711425,167,77026.0,0.04242648978456395,167,77026.0,-7.509999999999991
33630.0,165,14371.0,69.42512077294685,1.2796647137755761,165,77216.0,0.033993107065814605,165,77216.0,-1.8999999999999773
33635.0,165,14566.0,70.70873786407768,1.244474690451874,165,76855.0,0.03800543874397751,165,76855.0,3.6100000000000136
33640.0,167,14762.0,71.31400966183575,1.214794389950311,167,76501.0,0.034855508426983636,167,76501.0,3.5399999999999636
33645.0,163,14953.0,71.54545454545455,1.413783562577453,163,75633.0,0.03972908510645726,163,75633.0,8.67999999999995
33650.0,160,15128.0,72.38277511961722,1.581155161766776,160,74824.0,0.048638612804813575,160,74824.0,8.090000000000032
33655.0,156,15167.0,72.22380952380952,1.5552841371161679,156,74719.0,0.04357557249737182,156,74719.0,1.0499999999999545
33660.0,155,15112.0,71.62085308056872,1.6012932740720303,155,73795.0,0.047486398282014515,155,73795.0,9.240000000000009
33665.0,152,15148.0,71.7914691943128,1.7865730526713544,152,72867.0,0.055564136672829105,152,72867.0,9.280000000000086
33670.0,153,15481.0,73.3696682464455,1.9319913880137072,153,71100.0,0.055121524825034664,153,71100.0,17.66999999999996
33675.0,152,15758.0,73.98122065727699,1.9719997542221825,152,71261.0,0.05512174715896537,152,71261.0,-1.6100000000000136
33680.0,152,15999.0,75.82464454976304,1.9506025606543382,152,70902.0,0.058273186618813054,152,70902.0,3.590000000000032
33685.0,147,16224.0,77.62679425837321,2.0969557179855447,147,70521.0,0.06598539090762882,147,70521.0,3.8099999999999454
33690.0,143,16450.0,79.85436893203884,2.143639415083719,143,69743.0,0.06939487614385795,143,69743.0,7.780000000000086
33695.0,141,16596.0,80.9560975609756,2.202750483491165,141,70336.0,0.07367164008502759,141,70336.0,-5.930000000000064
33700.0,143,16943.0,82.64878048780488,2.107156230837498,143,70821.0,0.06504511308034433,143,70821.0,-4.850000000000023
33705.0,147,17365.0,84.29611650485437,2.0221162614795354,147,71350.0,0.06309558657536998,147,71350.0,-5.289999999999964
33710.0,149,16986.0,82.45631067961165,1.8553367937109808,149,71056.0,0.05640010408769385,149,71056.0,2.9400000000000546
33715.0,148,16060.0,78.34146341463415,1.8968276678822997,148,69856.0,0.059583926613172605,148,69856.0,12.0
33720.0,146,15162.0,74.6896551724138,1.9429766289857489,146,68670.0,0.06278857309886773,146,68670.0,11.8599999999999
33725.0,148,14384.0,70.50980392156863,1.7877651588260375,148,69270.0,0.05813286545792033,148,69270.0,-6.0
33730.0,151,13640.0,66.86274509803921,1.6305879667824108,151,69889.0,0.05107086857428321,151,69889.0,-6.189999999999941
33735.0,156,13003.0,63.12135922330097,1.626892359852814,156,70530.0,0.054496462261412984,156,70530.0,-6.409999999999968
33740.0,160,12224.0,58.76923076923077,1.5312764362045708,159,70364.0,0.042715796333101574,159,70364.0,1.6599999999999682
33745.0,165,11331.0,53.957142857142856,1.3855734355052975,165,71082.0,0.03462849150162858,165,71082.0,-7.180000000000064
33750.0,166,10447.0,49.985645933014354,1.2823083898414533,166,70098.0,0.03439842514233305,166,70098.0,9.840000000000032
33755.0,165,9563.0,45.53809523809524,1.3226315763196155,165,68889.0,0.0410036680536363,165,68889.0,12.090000000000032
33760.0,162,8668.0,41.473684210526315,1.3660114926524365,162,68414.0,0.04379912139710121,162,68414.0,4.75
33765.0,160,7760.0,36.60377358490566,1.476462321941091,160,68031.0,0.04528249494455963,160,68031.0,3.830000000000041
33770.0,157,6840.0,32.11267605633803,1.6099956600359373,157,68179.0,0.04994988961062444,157,68179.0,-1.4800000000000182
33775.0,157,6059.0,28.18139534883721,1.5990252282389898,156,67960.0,0.04494144238917006,156,67960.0,2.189999999999941
33780.0,160,6264.0,29.134883720930233,1.530938844789797,160,68657.0,0.04099906482587432,160,68657.0,-6.970000000000027
33785.0,160,6468.0,30.08372093023256,1.541395342306574,160,67572.0,0.04360373967462738,160,67572.0,10.850000000000023
33790.0,159,6525.0,30.778301886792452,1.4055429507733201,159,68234.0,0.040713896464463294,159,68234.0,-6.6200000000000045
33795.0,155,6633.0,31.436018957345972,1.410301920927469,155,68846.0,0.046397130967897486,155,68846.0,-6.1200000000000045
33800.0,157,6848.0,32.45497630331754,1.5360022154267807,157,69487.0,0.05145440947227226,157,69487.0,-6.409999999999968
33805.0,158,7111.0,33.70142180094787,1.4589085379066074,158,69298.0,0.04520728314390114,158,69298.0,1.8899999999999864
33810.0,158,7551.0,35.78672985781991,1.5004574334351113,158,68218.0,0.04469303356525981,158,68218.0,10.800000000000068
33815.0,157,7995.0,37.7122641509434,1.6089659804197838,157,67164.0,0.051730263179583263,157,67164.0,10.539999999999964
33820.0,158,8304.0,39.542857142857144,1.394208548438983,158,67315.0,0.03968893746943023,158,67315.0,-1.509999999999991
33825.0,158,8524.0,40.59047619047619,1.4398374051070273,158,67119.0,0.04337867434294545,158,67119.0,1.9599999999999227
33830.0,159,8744.0,41.44075829383886,1.5084885138942312,159,66925.0,0.046010696045646664,159,66925.0,1.9400000000000546
33835.0,155,8956.0,42.24528301886792,1.6635414041864223,155,66280.0,0.050236892848378116,155,66280.0,6.4500000000000455
33840.0,154,9168.0,43.24528301886792,1.6381236021656018,154,66110.0,0.047654812688916956,154,66110.0,1.6999999999999318
33845.0,156,9519.0,44.690140845070424,1.5963523657223495,156,66854.0,0.04694793378691947,156,66854.0,-7.439999999999941
33850.0,159,9881.0,45.95813953488372,1.5884924302618333,159,65857.0,0.04427370096100596,159,65857.0,9.969999999999914
33855.0,157,10248.0,47.665116279069764,1.62484882481767,157,64854.0,0.04716755554918681,157,64854.0,10.030000000000086
33860.0,154,10608.0,49.80281690140845,1.6835727070870914,154,63842.0,0.05201577996838044,154,63842.0,10.120000000000005
33865.0,147,10428.0,49.4218009478673,1.6658103669370679,147,63084.0,0.05476338852478295,147,63084.0,7.579999999999927
33870.0,147,9913.0,47.430622009569376,1.6276463879895782,147,63792.0,0.05387737667277121,147,63792.0,-7.079999999999927
33875.0,152,9473.0,45.10952380952381,1.5433911388376027,152,64505.0,0.0487129412197434,152,64505.0,-7.1299999999999955
33880.0,155,8860.0,41.99052132701422,1.4856583328477109,155,65136.0,0.04609142757767576,155,65136.0,-6.310000000000059
33885.0,152,8263.0,39.34761904761905,1.4540773484590659,152,65712.0,0.05096036228791481,152,65712.0,-5.759999999999991
33890.0,156,8009.0,37.95734597156398,1.5409282009772831,156,66319.0,0.05675497096693797,156,66319.0,-6.07000000000005
33895.0,164,7850.0,37.028301886792455,1.283238554555864,164,67061.0,0.042431850237166516,164,67061.0,-7.419999999999959
33900.0,165,7612.0,35.737089201877936,1.2605929115900312,165,66986.0,0.033898095509291355,165,66986.0,0.75
33905.0,165,7356.0,34.373831775700936,1.3493071698987296,165,66005.0,0.040127277787180435,165,66005.0,9.81000000000006
33910.0,167,7164.0,33.63380281690141,1.3745377239142358,167,65044.0,0.04419953119926772,167,65044.0,9.6099999999999
33915.0,169,6985.0,32.33796296296296,1.4143735853584931,169,63223.0,0.043311698233483555,169,63223.0,18.210000000000036
33920.0,171,6822.0,31.730232558139534,1.4415583207148406,171,61423.0,0.043051384389088614,171,61423.0,18.0
33925.0,169,6620.0,30.506912442396313,1.4188656552607295,169,62177.0,0.039644341542429296,169,62177.0,-7.539999999999964
33930.0,170,6557.0,30.077981651376145,1.4639801404239348,170,62886.0,0.0447799425433246,170,62886.0,-7.090000000000032
33935.0,171,7218.0,32.80909090909091,1.5543838084081028,171,63660.0,0.04803944419591836,171,63660.0,-7.740000000000009
33940.0,174,7918.0,36.15525114155251,1.6160368110772823,174,64435.0,0.044470201495530895,174,64435.0,-7.75
33945.0,175,8312.0,38.12844036697248,1.527835887340189,175,64742.0,0.03794044854722515,175,64742.0,-3.0699999999999363
33950.0,170,8482.0,38.908256880733944,1.5757824222584549,170,65042.0,0.037658170612556885,170,65042.0,-3.0
33955.0,166,8632.0,39.77880184331797,1.6298341938078258,166,64786.0,0.0412981468953232,166,64786.0,2.5599999999999454
33960.0,162,8769.0,40.78604651162791,1.6379976440942359,162,64519.0,0.046715756995982516,162,64519.0,2.669999999999959
33965.0,158,8884.0,41.708920187793424,1.5783743922927838,158,65267.0,0.0497397500013735,158,65267.0,-7.4799999999999045
33970.0,161,9131.0,42.66822429906542,1.6250553929906082,161,66004.0,0.049300789278909206,161,66004.0,-7.3700000000000045
33975.0,167,9426.0,43.84186046511628,1.5578051666837112,167,66785.0,0.04209458488132244,167,66785.0,-7.810000000000059
33980.0,169,9414.0,43.99065420560748,1.4101936255247967,169,66894.0,0.029619157971753393,169,66894.0,-1.0900000000000318
33985.0,166,9174.0,42.86915887850467,1.509789588884373,166,66285.0,0.034030210440278076,166,66285.0,6.090000000000032
33990.0,163,8918.0,42.06603773584906,1.5632792849511787,163,65875.0,0.04261491144759939,163,65875.0,4.100000000000023
33995.0,161,8612.0,40.81516587677725,1.4711772976279647,161,66650.0,0.03995103485613979,161,66650.0,-7.75
34000.0,162,8340.0,39.339622641509436,1.4411400028997878,162,67426.0,0.035955326556196855,162,67426.0,-7.759999999999991
34005.0,162,8094.0,38.179245283018865,1.4850254967291294,162,68209.0,0.03882537953218734,162,68209.0,-7.830000000000041
34010.0,163,7943.0,37.291079812206576,1.491407698320138,163,68388.0,0.03513137260588478,163,68388.0,-1.7899999999999636
34015.0,166,8141.0,38.04205607476636,1.5099238747199974,166,67969.0,0.03849014814201029,166,67969.0,4.189999999999941
34020.0,166,8346.0,39.367924528301884,1.5097566748882563,166,67558.0,0.04312847816550417,166,67558.0,4.110000000000014
34025.0,167,8554.0,40.540284360189574,1.4168923996948466,167,66595.0,0.04181024410236504,167,66595.0,9.629999999999995
34030.0,164,8752.0,41.47867298578199,1.6149554920887956,164,65670.0,0.05191498759173231,164,65670.0,9.25
34035.0,161,8937.0,42.155660377358494,1.7577268367335637,161,64747.0,0.05225786128510091,161,64747.0,9.230000000000018
34040.0,158,9111.0,43.385714285714286,1.7422180395915319,158,64473.0,0.055474695514385115,158,64473.0,2.740000000000009
34045.0,155,9375.0,44.43127962085308,1.8836851930272125,155,63746.0,0.05872312917965066,155,63746.0,7.269999999999982
34050.0,157,10073.0,47.96666666666667,1.8581793010447747,156,63648.0,0.0626869402364124,156,63648.0,0.9800000000000182
34055.0,155,10502.0,49.5377358490566,1.8303921771479892,155,63787.0,0.056818752800747586,155,63787.0,-1.3899999999999864
34060.0,153,10744.0,50.91943127962085,1.9029203871001545,153,63313.0,0.06515061146576999,153,63313.0,4.740000000000009
34065.0,150,10970.0,51.99052132701422,2.011607207140745,150,62812.0,0.06990794993228239,150,62812.0,5.009999999999991
34070.0,146,10753.0,51.2047619047619,2.097937185148889,146,62666.0,0.06855805957489446,146,62666.0,1.4600000000000364
34075.0,143,10259.0,49.32211538461539,2.1400039783240636,143,62503.0,0.06766572783432193,143,62503.0,1.6299999999999955
34080.0,144,9802.0,47.35265700483092,2.1435042351321973,144,62346.0,0.06844623136568943,144,62346.0,1.5699999999999363
34085.0,146,9138.0,43.93269230769231,1.9798947369668656,146,63001.0,0.05845521610870121,146,63001.0,-6.5499999999999545
34090.0,146,8490.0,41.01449275362319,1.8608657045043382,146,63595.0,0.05421584643254895,146,63595.0,-5.940000000000055
34095.0,149,8033.0,38.806763285024154,1.8054086363375506,149,64217.0,0.053449099630512475,149,64217.0,-6.219999999999914
34100.0,153,7527.0,36.36231884057971,1.6936985552757795,153,64316.0,0.04455843990627191,153,64316.0,-0.9900000000000091
34105.0,155,6971.0,33.354066985645936,1.6831835779972728,155,64449.0,0.04038721966105519,155,64449.0,-1.330000000000041
34110.0,152,6401.0,30.77403846153846,1.6675012893708077,152,64583.0,0.04344723088943856,152,64583.0,-1.3400000000000318
34115.0,149,5776.0,28.038834951456312,1.6062376624750654,149,65272.0,0.04247284791460023,149,65272.0,-6.889999999999986
34120.0,147,5238.0,25.676470588235293,1.5427700912058147,147,65925.0,0.04641416899176256,147,65925.0,-6.529999999999973
34125.0,154,5118.0,24.965853658536584,1.4598930803624737,154,66619.0,0.04504215513046183,154,66619.0,-6.940000000000055
34130.0,159,4944.0,24.117073170731707,1.22499872376411,159,66489.0,0.03509891758526985,159,66489.0,1.3000000000000682
34135.0,158,4861.0,23.483091787439612,1.2540614732978883,158,65471.0,0.035989144840423565,158,65471.0,10.17999999999995
34140.0,162,5275.0,25.11904761904762,1.3826255396156206,162,64481.0,0.04330324370974813,162,64481.0,9.900000000000091
34145.0,165,5438.0,25.411214953271028,1.3341240792860056,165,64752.0,0.03584680445158332,165,64752.0,-2.7100000000000364
34150.0,165,5427.0,25.47887323943662,1.2555543198610057,165,65034.0,0.034738412578967245,165,65034.0,-2.82000000000005
34155.0,163,5407.0,25.266355140186917,1.3091230742235547,163,65305.0,0.036503517028495254,163,65305.0,-2.7099999999999227
34160.0,161,5376.0,25.121495327102803,1.3945460779559815,161,65049.0,0.042680459662881844,161,65049.0,2.5599999999999454
34165.0,159,5384.0,25.1588785046729,1.360691809341781,159,64291.0,0.04338745091079122,159,64291.0,7.580000000000041
34170.0,158,5369.0,25.088785046728972,1.4272886926181894,158,64986.0,0.045563967992635714,158,64986.0,-6.9500000000000455
34175.0,160,5353.0,25.014018691588785,1.4066836694936737,159,65684.0,0.04498168205393868,159,65684.0,-6.980000000000018
34180.0,163,5467.0,25.427906976744186,1.3570827242402301,163,66402.0,0.04196611879592354,163,66402.0,-7.17999999999995
34185.0,160,5539.0,26.004694835680752,1.304442689062135,160,66652.0,0.04014403921819126,160,66652.0,-2.5
34190.0,159,5579.0,26.316037735849058,1.396470355571198,159,66383.0,0.04503611764353846,159,66383.0,2.689999999999941
34195.0,156,5704.0,26.779342723004696,1.5900751371973154,156,66110.0,0.052866613727297763,156,66110.0,2.730000000000018
34200.0,159,6041.0,28.36150234741784,1.4945714771638159,158,66794.0,0.04314295633204815,158,66794.0,-6.840000000000032
34205.0,158,6422.0,30.150234741784036,1.417865239024851,158,67546.0,0.0380211744617695,158,67546.0,-7.519999999999982
34210.0,159,6948.0,32.61971830985915,1.501137460636511,159,68199.0,0.04454787982756196,159,68199.0,-6.529999999999973
34215.0,167,7649.0,35.91079812206573,1.2529543331437472,167,68514.0,0.036278190594346185,167,68514.0,-3.1499999999999773
34220.0,171,8351.0,39.02336448598131,1.2865241514093542,171,68411.0,0.03830229260590845,171,68411.0,1.0299999999999727
34225.0,170,9056.0,42.12093023255814,1.3525587558473555,170,68305.0,0.04083768260783526,170,68305.0,1.0600000000000591
34230.0,170,9764.0,45.626168224299064,1.3761176539657385,170,67722.0,0.039961868894392585,170,67722.0,5.829999999999927
34235.0,167,10098.0,46.75,1.534601514427983,167,67779.0,0.04606180264789836,167,67779.0,-0.5699999999999363
34240.0,166,10177.0,46.89861751152074,1.5628939129812365,166,67084.0,0.04172978212869221,166,67084.0,6.949999999999932
34245.0,162,10248.0,47.225806451612904,1.6451239782135185,162,66386.0,0.049583698511850995,162,66386.0,6.980000000000018
34250.0,159,10232.0,47.59069767441861,1.6445756544099754,159,67048.0,0.048480675250785955,159,67048.0,-6.6200000000000045
34255.0,159,10175.0,47.546728971962615,1.5503834732977524,159,67662.0,0.04612939851552579,159,67662.0,-6.139999999999986
34260.0,162,10266.0,47.97196261682243,1.6276625281052852,162,68295.0,0.05123868863141331,162,68295.0,-6.330000000000041
34265.0,163,10036.0,46.46296296296296,1.5582475962170472,163,68151.0,0.04256227381243317,163,68151.0,1.4400000000000546
34270.0,164,9575.0,44.3287037037037,1.5836217577878033,164,67131.0,0.041946294530794,164,67131.0,10.200000000000045
34275.0,160,9107.0,42.55607476635514,1.6019776183776784,160,66129.0,0.04950771344381182,160,66129.0,10.019999999999982
34280.0,157,8655.0,40.63380281690141,1.7480432740799567,157,64249.0,0.055059889127180586,157,64249.0,18.799999999999955
34285.0,157,8235.0,38.66197183098591,1.7744580591797006,157,62371.0,0.05771729723501422,157,62371.0,18.779999999999973
34290.0,159,7819.0,36.708920187793424,1.7359492582801561,159,60533.0,0.057935136561856636,159,60533.0,18.379999999999995
34295.0,154,7302.0,34.28169014084507,1.5939073869912832,154,61244.0,0.050607647491271154,154,61244.0,-7.110000000000014
34300.0,152,6842.0,31.97196261682243,1.7709899855088393,152,61873.0,0.06169251038426696,152,61873.0,-6.289999999999964
34305.0,159,6997.0,32.39351851851852,1.8151222241217397,159,62572.0,0.06204495454027029,159,62572.0,-6.990000000000009
34310.0,164,7020.0,32.651162790697676,1.5919289130339314,163,62603.0,0.04998557236441015,163,62603.0,-0.30999999999994543
34315.0,167,6946.0,31.862385321100916,1.6681671825937723,167,63440.0,0.04707923811155452,167,63440.0,-8.370000000000005
34320.0,166,6866.0,31.35159817351598,1.761372650131221,166,62812.0,0.04638649735738544,166,62812.0,6.279999999999973
34325.0,161,6772.0,31.35185185185185,1.7464701774520734,161,61470.0,0.050038720666633826,161,61470.0,13.419999999999959
34330.0,158,6736.0,31.624413145539908,1.73885055204446,158,62213.0,0.05236280801919996,158,62213.0,-7.42999999999995
34335.0,158,7133.0,33.33177570093458,1.7915397738168153,158,62913.0,0.05415166687680517,158,62913.0,-7.0
34340.0,164,7628.0,35.31481481481482,1.8257433729778925,164,63656.0,0.050941784179918174,164,63656.0,-7.42999999999995
34345.0,168,8148.0,37.37614678899082,1.7157534238708787,168,64443.0,0.04018477369252395,168,64443.0,-7.8700000000000045
34350.0,169,8623.0,39.73732718894009,1.6290171840054173,169,64580.0,0.03325922147008683,169,64580.0,-1.3700000000000045
34355.0,165,9047.0,42.47417840375587,1.5058942952460426,165,64721.0,0.035975793194097716,165,64721.0,-1.4100000000000819
34360.0,163,9456.0,44.81516587677725,1.5360306541371946,163,64154.0,0.04103642199672235,163,64154.0,5.670000000000073
34365.0,161,9648.0,45.725118483412324,1.498342308141312,160,64123.0,0.040299866724090146,160,64123.0,0.30999999999994543
34370.0,163,9696.0,45.95260663507109,1.4310379464393979,163,64930.0,0.0350011631994879,163,64930.0,-8.069999999999936
34375.0,159,9799.0,46.661904761904765,1.4242573560305536,159,64894.0,0.040075265678662306,159,64894.0,0.35999999999989996
34380.0,163,9699.0,45.96682464454976,1.3868966994675505,163,65116.0,0.041428973885465965,163,65116.0,-2.2199999999999136
34385.0,164,9322.0,44.18009478672986,1.302780274499265,164,64785.0,0.037505844843576816,164,64785.0,3.3099999999999454
34390.0,163,8951.0,42.4218009478673,1.274616661873068,163,64468.0,0.03827056408044503,163,64468.0,3.1700000000000728
34395.0,161,8571.0,40.429245283018865,1.3376378718823039,161,63596.0,0.04297032140607901,161,63596.0,8.719999999999914
34400.0,162,8044.0,37.58878504672897,1.317913493831955,162,64400.0,0.0416791008253652,162,64400.0,-8.039999999999964
34405.0,161,7568.0,35.53051643192488,1.2657670342172822,161,65153.0,0.03908825042151096,161,65153.0,-7.529999999999973
34410.0,158,7165.0,34.11904761904762,1.2125328712142052,158,65947.0,0.040524725041667715,158,65947.0,-7.940000000000055
34415.0,158,6811.0,32.279620853080566,1.2952228940308217,158,66672.0,0.04201424160779538,158,66672.0,-7.25
34420.0,163,6559.0,30.93867924528302,1.4378755588769836,163,67382.0,0.04645726659476083,163,67382.0,-7.100000000000023
34425.0,169,6258.0,29.380281690140844,1.2406429260200746,169,67334.0,0.03669807467220246,169,67334.0,0.4800000000000182
34430.0,168,5967.0,27.88317757009346,1.3218466685191963,168,66446.0,0.03765714111538491,168,66446.0,8.879999999999995
34435.0,166,5826.0,27.35211267605634,1.4591496549911376,166,65607.0,0.04629285634091392,166,65607.0,8.389999999999986
34440.0,167,5722.0,27.118483412322274,1.417083262762909,167,63959.0,0.04553967966148956,167,63959.0,16.480000000000018
34445.0,165,5786.0,27.29245283018868,1.606452602195508,165,62316.0,0.05493517371070719,165,62316.0,16.430000000000064
34450.0,167,6378.0,30.08490566037736,1.6286894875690596,166,61492.0,0.05648596209835398,166,61492.0,8.240000000000009
34455.0,167,6972.0,32.57943925233645,1.522978813923897,167,61231.0,0.050191767687384835,167,61231.0,2.6100000000000136
34460.0,167,7465.0,34.88317757009346,1.541913040617512,167,62006.0,0.049038483349586395,167,62006.0,-7.75
34465.0,163,7901.0,36.74883720930232,1.6673428136677808,163,62726.0,0.05192339776148635,163,62726.0,-7.2000000000000455
34470.0,163,8466.0,39.37674418604651,1.8394006740451199,163,63459.0,0.05981362022210364,163,63459.0,-7.330000000000041
34475.0,167,9053.0,42.10697674418605,1.7651196553746968,167,64211.0,0.05609408367670587,167,64211.0,-7.519999999999982
34480.0,167,9649.0,45.08878504672897,1.8174547262359446,167,65027.0,0.05468378354094263,167,65027.0,-8.159999999999968
34485.0,167,10249.0,47.89252336448598,1.806839840636365,167,65861.0,0.049762646594514556,167,65861.0,-8.340000000000032
34490.0,166,10804.0,51.203791469194314,1.6827736062603287,166,66161.0,0.0459905306530428,166,66161.0,-3.0
34495.0,166,11479.0,54.14622641509434,1.7388488718497943,166,65933.0,0.04957799535308363,166,65933.0,2.2799999999999727
34500.0,167,12154.0,57.33018867924528,1.6930420404977267,167,65730.0,0.04867256689931803,167,65730.0,2.0300000000000864
34505.0,168,12819.0,60.183098591549296,1.5672459624120412,168,66551.0,0.035094086706641076,168,66551.0,-8.210000000000036
34510.0,171,13514.0,63.44600938967136,1.5874867577790928,171,67400.0,0.0318796580986314,171,67400.0,-8.490000000000009
34515.0,172,14216.0,67.05660377358491,1.5356517934624143,172,68255.0,0.036539284166066395,172,68255.0,-8.549999999999955
34520.0,172,14452.0,68.81904761904762,1.3315994278167431,172,68269.0,0.02804682620560705,172,68269.0,-0.14000000000010004
34525.0,170,14362.0,68.06635071090048,1.4008157123118405,170,68280.0,0.03549975749846769,170,68280.0,-0.10999999999989996
34530.0,166,14252.0,68.19138755980862,1.2841911312091057,166,68277.0,0.03305678445592124,166,68277.0,0.029999999999972715
34535.0,163,13727.0,65.05687203791469,1.413245873215703,163,68403.0,0.035404059752841624,163,68403.0,-1.259999999999991
34540.0,160,12924.0,61.25118483412322,1.4019598257493826,160,67827.0,0.0363926880323128,160,67827.0,5.759999999999991
34545.0,158,12159.0,57.62559241706161,1.491757273566194,158,67243.0,0.04556052768640083,158,67243.0,5.840000000000032
34550.0,156,11440.0,54.73684210526316,1.5356785548583893,156,65974.0,0.04655519712362279,156,65974.0,12.68999999999994
34555.0,154,10749.0,51.18571428571428,1.7405952343912359,154,64711.0,0.056110371590141615,154,64711.0,12.629999999999995
34560.0,154,9984.0,47.542857142857144,1.6030439142116408,154,64636.0,0.04337873809103424,154,64636.0,0.75
34565.0,153,9167.0,43.86124401913876,1.567451583555211,153,63725.0,0.048798818525066234,153,63725.0,9.110000000000014
34570.0,150,8339.0,40.09134615384615,1.7021829000216577,150,62801.0,0.05632209705069655,150,62801.0,9.240000000000009
34575.0,147,7495.0,35.86124401913876,1.899886367627671,147,61247.0,0.05990929725623498,147,61247.0,15.539999999999964
34580.0,143,6513.0,31.16267942583732,1.9394189326841207,143,61921.0,0.060039338251674124,143,61921.0,-6.740000000000009
34585.0,143,5769.0,27.735576923076923,1.9348102866719008,143,62565.0,0.06169759232277418,143,62565.0,-6.439999999999941
34590.0,146,5691.0,27.360576923076923,1.9935269037669223,146,63253.0,0.06408276061407245,146,63253.0,-6.8799999999999955
34595.0,150,5390.0,25.91346153846154,1.8843920546578983,150,63395.0,0.056878464600514426,150,63395.0,-1.4200000000000728
34600.0,151,5076.0,24.28708133971292,1.9752838201225704,151,62947.0,0.057836671863457,151,62947.0,4.480000000000018
34605.0,151,5256.0,25.148325358851675,2.0341591680691113,151,62532.0,0.0640421452525831,151,62532.0,4.149999999999977
34610.0,153,5438.0,26.019138755980862,1.9568366085736182,153,61549.0,0.05813375696801904,153,61549.0,9.830000000000041
34615.0,151,5622.0,27.028846153846153,1.995077963595636,151,60582.0,0.06484308955083026,151,60582.0,9.669999999999959
34620.0,149,5615.0,26.995192307692307,1.908144327679337,149,61328.0,0.060899198012208194,149,61328.0,-7.459999999999923
34625.0,152,5524.0,26.685990338164252,1.7899884835408342,152,62081.0,0.05381903979524699,152,62081.0,-7.529999999999973
34630.0,159,5550.0,26.81159420289855,1.656757124863049,159,62270.0,0.04990982201428872,159,62270.0,-1.8900000000001
34635.0,159,5377.0,25.727272727272727,1.5494863386687172,159,62287.0,0.044092544351649006,159,62287.0,-0.16999999999995907
34640.0,158,5090.0,24.471153846153847,1.4639979713686773,158,61526.0,0.05028908211748666,158,61526.0,7.610000000000014
34645.0,155,4796.0,22.94736842105263,1.4996143308106358,155,60767.0,0.053509189272905315,155,60767.0,7.590000000000032
34650.0,155,4340.0,20.666666666666668,1.5535270755065917,155,61491.0,0.05106122130576186,155,61491.0,-7.240000000000009
34655.0,153,3914.0,18.462264150943398,1.6057669405444974,153,62153.0,0.0530352018888417,153,62153.0,-6.6200000000000045
34660.0,155,3734.0,17.61320754716981,1.7328450101941546,155,62847.0,0.05765365604353677,155,62847.0,-6.940000000000055
34665.0,160,3854.0,18.265402843601894,1.4853985708069368,160,62856.0,0.045685476675164496,160,62856.0,-0.08999999999991815
34670.0,164,3963.0,18.693396226415093,1.3394917951627,164,62890.0,0.03369751677259827,164,62890.0,-0.34000000000003183
34675.0,162,4078.0,19.05607476635514,1.4294941767035045,162,62921.0,0.03807766131015689,162,62921.0,-0.3100000000000591
34680.0,160,4105.0,19.272300469483568,1.3753651613698732,160,63198.0,0.03379626117825148,160,63198.0,-2.769999999999982
34685.0,158,4120.0,19.433962264150942,1.391319944366275,158,62946.0,0.03863355452550364,158,62946.0,2.519999999999982
34690.0,157,4278.0,20.274881516587676,1.4347231096517208,157,62685.0,0.045063789048659736,157,62685.0,2.6100000000000136
34695.0,152,4445.0,20.868544600938968,1.6009475693183968,152,61921.0,0.04771606690439181,152,61921.0,7.639999999999986
34700.0,155,4736.0,22.23474178403756,1.743116977141639,155,61177.0,0.05673904801406759,155,61177.0,7.440000000000055
34705.0,160,5108.0,23.869158878504674,1.4916018275608243,160,61965.0,0.04143712995872662,160,61965.0,-7.8799999999999955
34710.0,166,5493.0,25.548837209302327,1.4515085006979351,166,62786.0,0.040572049643794454,166,62786.0,-8.210000000000036
34715.0,165,5994.0,28.009345794392523,1.41559011125114,165,63539.0,0.042574127565062535,165,63539.0,-7.529999999999973
34720.0,163,6348.0,29.525581395348837,1.487372865369404,163,63586.0,0.041777020518489166,163,63586.0,-0.4700000000000273
34725.0,163,6650.0,31.074766355140188,1.4045473004444913,163,62860.0,0.04370665481256013,163,62860.0,7.259999999999991
34730.0,160,6992.0,32.82629107981221,1.5291686662430362,160,62132.0,0.04810108381585864,160,62132.0,7.279999999999973
34735.0,159,7279.0,34.01401869158879,1.5345808324330548,159,62404.0,0.046635082673982566,159,62404.0,-2.7199999999999136
34740.0,160,7514.0,35.27699530516432,1.5797214609314718,160,62159.0,0.05043804261034446,160,62159.0,2.449999999999932
34745.0,158,7787.0,36.55868544600939,1.6161150047486272,158,61921.0,0.052277590315396576,158,61921.0,2.3799999999999955
34750.0,160,8237.0,39.22380952380952,1.5934880519229202,160,61194.0,0.05384088327228659,160,61194.0,7.269999999999982
34755.0,162,8688.0,40.9811320754717,1.591578601314661,162,60486.0,0.055114043801532446,162,60486.0,7.080000000000041
34760.0,159,9064.0,42.75471698113208,1.5813985057947286,159,60500.0,0.048779187479641994,159,60500.0,-0.13999999999998636
34765.0,157,9375.0,43.808411214953274,1.6683782209740041,157,59720.0,0.05051313571910555,157,59720.0,7.7999999999999545
34770.0,153,9672.0,45.19626168224299,1.8829499790912552,153,58928.0,0.059957508455754614,153,58928.0,7.920000000000073
34775.0,152,9912.0,45.67741935483871,1.855266203773752,152,59172.0,0.05322201712184107,152,59172.0,-2.4400000000000546
34780.0,147,10110.0,46.58986175115207,1.9684320102805801,147,58895.0,0.0581864500200543,147,58895.0,2.769999999999982
34785.0,146,10340.0,47.43119266055046,2.059208022422133,146,58649.0,0.0641755036414563,146,58649.0,2.4600000000000364
34790.0,151,10535.0,47.88636363636363,1.9990599515085354,150,59252.0,0.058901274320798634,150,59252.0,-6.029999999999973
34795.0,151,10647.0,48.8394495412844,1.8901973041550153,151,60010.0,0.052760855821698496,151,60010.0,-7.580000000000041
34800.0,149,10849.0,50.46046511627907,1.8975082172715543,149,60504.0,0.0599364214534708,149,60504.0,-4.939999999999941
34805.0,152,11300.0,52.80373831775701,1.7502954777309478,152,60924.0,0.05832116734935345,152,60924.0,-4.2000000000000455
34810.0,154,11802.0,55.149532710280376,1.6218080568161164,154,61205.0,0.05013604913131293,154,61205.0,-2.8099999999999454
34815.0,160,12300.0,57.47663551401869,1.5238230710783727,160,61036.0,0.047145712697097865,160,61036.0,1.6899999999999409
34820.0,162,12811.0,60.14553990610329,1.5202515210863943,162,60882.0,0.04604233946206309,162,60882.0,1.5399999999999636
34825.0,160,13375.0,62.5,1.5961670427159456,160,60259.0,0.049145938689211174,160,60259.0,6.230000000000018
34830.0,162,14012.0,65.17209302325581,1.736145700203641,162,59667.0,0.057631209628697055,162,59667.0,5.920000000000073
34835.0,165,14715.0,67.8110599078341,1.7289077161042095,165,59112.0,0.05383093292316258,165,59112.0,5.5499999999999545
34840.0,166,15440.0,70.8256880733945,1.7986126736243415,166,59043.0,0.055175831100474866,166,59043.0,0.6900000000000546
34845.0,172,16078.0,73.08181818181818,1.6314141976292211,172,59886.0,0.04705577706398355,172,59886.0,-8.430000000000064
34850.0,175,16662.0,75.39366515837104,1.5743834772092178,175,60619.0,0.04265750457215633,175,60619.0,-7.330000000000041
34855.0,171,17215.0,77.54504504504504,1.600634820096562,171,61475.0,0.0418188527131959,171,61475.0,-8.559999999999945
34860.0,169,17859.0,80.80995475113122,1.6615022954618313,169,62074.0,0.047020248177208526,169,62074.0,-5.990000000000009
34865.0,167,18295.0,82.40990990990991,1.6557772680837552,167,62044.0,0.04878568028479193,167,62044.0,0.2999999999999545
34870.0,168,18598.0,84.15384615384616,1.5915273966441854,168,62032.0,0.046636259548980645,168,62032.0,0.12000000000000455
34875.0,169,18959.0,86.96788990825688,1.4965746851750008,169,62034.0,0.04660918808972338,169,62034.0,-0.01999999999998181
34880.0,173,19257.0,89.15277777777777,1.3556105294435188,173,62422.0,0.044481398756591455,173,62422.0,-3.8799999999999955
34885.0,175,19489.0,88.99086757990868,1.2955095212672436,175,62342.0,0.039656893123521365,175,62342.0,0.8000000000000682
34890.0,174,19724.0,89.65454545454546,1.3210829210620074,174,62389.0,0.03698989444945011,174,62389.0,-0.4700000000000273
34895.0,174,19868.0,90.30909090909091,1.2437946597831,173,63114.0,0.03472738964100322,173,63114.0,-7.25
34900.0,172,19940.0,91.46788990825688,1.2064720486173637,172,63978.0,0.0316563712565186,172,63978.0,-8.639999999999986
34905.0,170,19992.0,91.70642201834862,1.1873753442810326,170,64568.0,0.034261621403231586,170,64568.0,-5.899999999999977
34910.0,166,20002.0,91.75229357798165,1.218521850059698,166,65036.0,0.04066498695806711,166,65036.0,-4.680000000000064
34915.0,166,20098.0,91.77168949771689,1.2466887586326334,166,65143.0,0.040256312446409225,166,65143.0,-1.0699999999999363
34920.0,165,20205.0,92.26027397260275,1.392416426161822,165,65236.0,0.04493053499733179,165,65236.0,-0.9300000000000637
34925.0,167,20327.0,92.39545454545454,1.416301591412489,167,65114.0,0.042973854859681034,167,65114.0,1.2200000000000273
34930.0,164,20412.0,92.78181818181818,1.527381418636025,164,65049.0,0.048537627494282386,164,65049.0,0.6499999999999773
34935.0,167,20782.0,93.61261261261261,1.4511570242566831,167,64127.0,0.042483330957762654,167,64127.0,9.220000000000027
34940.0,167,21220.0,95.15695067264573,1.5628301751767364,167,63237.0,0.04842983490380783,167,63237.0,8.899999999999977
34945.0,169,21615.0,96.92825112107623,1.478383608377857,169,63918.0,0.043327609148191684,169,63918.0,-6.809999999999945
34950.0,170,21955.0,98.01339285714286,1.5049332610434714,170,64489.0,0.042125073750835684,170,64489.0,-5.710000000000036
34955.0,169,22298.0,99.10222222222222,1.5852005052196303,169,65080.0,0.04690346649097189,169,65080.0,-5.909999999999968
34960.0,166,22630.0,101.02678571428571,1.6537816090889197,166,65586.0,0.05261180108118047,166,65586.0,-5.060000000000059
34965.0,166,23069.0,102.07522123893806,1.8224195963661822,166,66146.0,0.05530550864531807,166,66146.0,-5.600000000000023
34970.0,167,23571.0,105.69955156950672,1.7682544246662395,167,66769.0,0.056550972887130076,167,66769.0,-6.230000000000018
34975.0,169,24107.0,107.62053571428571,1.7801794361023195,168,67495.0,0.05587740652745061,168,67495.0,-7.259999999999991
34980.0,173,23622.0,105.92825112107623,1.5004043734705754,172,67396.0,0.038992338604122524,172,67396.0,0.9900000000000091
34985.0,177,22440.0,101.08108108108108,1.2886154759754578,177,66446.0,0.033805274057561244,177,66446.0,9.5
34990.0,174,21258.0,96.62727272727273,1.405344219328199,174,65502.0,0.04018922775264624,174,65502.0,9.440000000000055
34995.0,170,20072.0,90.82352941176471,1.4928077861430469,170,66307.0,0.040057727487844086,170,66307.0,-8.050000000000068
35000.0,173,19081.0,86.3393665158371,1.4751418644912198,173,67087.0,0.0352391130936133,173,67087.0,-7.7999999999999545
35005.0,179,18166.0,81.46188340807174,1.4777883503631253,179,67909.0,0.032935867350045736,179,67909.0,-8.220000000000027
35010.0,182,17271.0,76.76,1.4998695494787155,182,68768.0,0.028875666017014776,182,68768.0,-8.589999999999918
35015.0,183,16138.0,71.09251101321586,1.3661028977857177,183,69355.0,0.021808300190851566,183,69355.0,-5.8700000000000045
35020.0,181,14829.0,65.90666666666667,1.4381889550088574,180,69628.0,0.02893361540060994,180,69628.0,-2.730000000000018
35025.0,175,13491.0,60.497757847533634,1.5643723963858578,175,69880.0,0.0380107079838765,175,69880.0,-2.519999999999982
35030.0,171,12134.0,54.90497737556561,1.7256665166247234,171,69812.0,0.0410802233252852,171,69812.0,0.67999999999995
35035.0,168,10720.0,48.949771689497716,1.7732372286407772,168,70597.0,0.04484481349098621,168,70597.0,-7.850000000000023
35040.0,166,9382.0,43.43518518518518,1.6706441812290864,166,71343.0,0.03768722098824799,166,71343.0,-7.459999999999923
35045.0,167,8427.0,39.563380281690144,1.5634077193775529,167,72082.0,0.04023182834470958,167,72082.0,-7.3900000000001
35050.0,171,8536.0,39.88785046728972,1.5289316505847157,171,72004.0,0.03658217640747524,171,72004.0,0.7800000000000864
35055.0,172,8441.0,39.26046511627907,1.4349168909859435,172,71934.0,0.034690088067594924,172,71934.0,0.6999999999999318
35060.0,169,8333.0,38.75813953488372,1.496416338347143,169,71863.0,0.03667348383330115,169,71863.0,0.7100000000000364
35065.0,166,8213.0,38.37850467289719,1.6078436983881301,166,70083.0,0.0463268995830749,166,70083.0,17.799999999999955
35070.0,164,7851.0,36.859154929577464,1.5117693660839544,164,70871.0,0.04222939797186977,164,70871.0,-7.8799999999999955
35075.0,159,7342.0,34.796208530805686,1.508019938404078,159,69842.0,0.04462099302697193,159,69842.0,10.290000000000077
35080.0,156,6932.0,33.650485436893206,1.4678347655930613,156,68815.0,0.04766743922468815,156,68815.0,10.269999999999982
35085.0,155,6644.0,32.25242718446602,1.388571269806115,155,69232.0,0.05027810594027921,155,69232.0,-4.170000000000073
35090.0,157,6256.0,30.076923076923077,1.3184631031895628,157,69671.0,0.03975852121044033,157,69671.0,-4.389999999999986
35095.0,153,5862.0,28.182692307692307,1.3629077184356126,153,69881.0,0.04793633829393256,153,69881.0,-2.099999999999909
35100.0,151,5454.0,26.221153846153847,1.417313988282357,150,70145.0,0.048776255984267124,150,70145.0,-2.6400000000001
35105.0,148,4878.0,23.228571428571428,1.4164778790307613,148,70822.0,0.04783882363000164,148,70822.0,-6.769999999999982
35110.0,148,4354.0,20.537735849056602,1.450304903215111,148,71548.0,0.04818495756403634,148,71548.0,-7.259999999999991
35115.0,152,4060.0,19.150943396226417,1.4160340650761345,152,72224.0,0.04426029347530397,152,72224.0,-6.759999999999991
35120.0,153,4125.0,19.642857142857142,1.3646734590313152,153,72726.0,0.04419264733477168,153,72726.0,-5.019999999999982
35125.0,156,4175.0,19.88095238095238,1.3841835537680431,156,72977.0,0.049583766682527335,156,72977.0,-2.509999999999991
35130.0,159,4250.0,20.047169811320753,1.449897504329958,159,73253.0,0.048046331758125435,159,73253.0,-2.759999999999991
35135.0,156,4418.0,20.741784037558684,1.5590458690129954,156,73282.0,0.049058216106783466,156,73282.0,-0.2900000000000773
35140.0,157,4864.0,22.835680751173708,1.6633916093443124,157,73571.0,0.05718068859137839,157,73571.0,-2.8899999999999864
35145.0,159,5279.0,24.784037558685448,1.5196820392799046,159,74100.0,0.04681080833589908,159,74100.0,-5.289999999999964
35150.0,160,5723.0,26.868544600938968,1.4691346078544272,160,74775.0,0.04556834606217078,160,74775.0,-6.75
35155.0,163,6417.0,29.985981308411215,1.4783752371413037,163,75406.0,0.04635473948328905,163,75406.0,-6.309999999999945
35160.0,168,6892.0,31.90740740740741,1.4933761041493483,168,75317.0,0.04546174602039609,168,75317.0,0.8899999999999864
35165.0,171,7215.0,33.096330275229356,1.3678799410808062,171,75271.0,0.03639954211092631,171,75271.0,0.4599999999999227
35170.0,169,7536.0,34.72811059907834,1.4360784615455937,169,75233.0,0.041327135616715666,169,75233.0,0.37999999999999545
35175.0,167,7844.0,35.817351598173516,1.578648411181263,167,73449.0,0.049515160079777944,167,73449.0,17.840000000000032
35180.0,162,8076.0,37.388888888888886,1.5158228889346015,162,74165.0,0.04776437562367725,162,74165.0,-7.159999999999968
35185.0,158,8281.0,38.33796296296296,1.5693073450123063,158,74814.0,0.04812104341214556,158,74814.0,-6.490000000000009
35190.0,161,8599.0,39.81018518518518,1.720530221593924,161,75488.0,0.05519173072240139,161,75488.0,-6.740000000000009
35195.0,167,8969.0,41.523148148148145,1.5661582835892562,167,76202.0,0.04478003376133672,167,76202.0,-7.139999999999986
35200.0,170,9201.0,42.995327102803735,1.3451891424322953,170,76752.0,0.03237492500134399,170,76752.0,-5.5
35205.0,168,9326.0,43.78403755868545,1.3483147507004736,168,77013.0,0.038088855265563056,168,77013.0,-2.6100000000000136
35210.0,165,9435.0,44.29577464788732,1.4536346791287447,165,77243.0,0.04244965962871769,165,77243.0,-2.2999999999999545
35215.0,163,9143.0,42.3287037037037,1.5124289115903975,163,77090.0,0.038135330750049524,163,77090.0,1.5299999999999727
35220.0,159,8580.0,39.906976744186046,1.5601765641382244,159,76005.0,0.04252754543800152,159,76005.0,10.850000000000023
35225.0,157,8111.0,37.550925925925924,1.6663280926159583,157,74934.0,0.04831216747870273,157,74934.0,10.709999999999923
35230.0,160,7987.0,36.806451612903224,1.7411420661030919,160,72987.0,0.04938282156827726,160,72987.0,19.470000000000027
35235.0,160,7872.0,36.44444444444444,1.8220709667666275,160,71145.0,0.05713325562511667,160,71145.0,18.41999999999996
35240.0,161,7579.0,34.92626728110599,1.683776673216459,161,71085.0,0.049006643532471146,161,71085.0,0.6000000000000227
35245.0,157,7159.0,33.14351851851852,1.67093598549723,157,70155.0,0.05047823579483917,157,70155.0,9.300000000000068
35250.0,155,6728.0,31.293023255813953,1.8253328402370061,155,69342.0,0.061976892641478966,155,69342.0,8.129999999999995
35255.0,151,6124.0,28.35185185185185,1.9178875392002481,151,70057.0,0.0572951926420051,151,70057.0,-7.150000000000091
35260.0,147,5517.0,25.901408450704224,1.9996685938119119,147,70682.0,0.06083703739778276,147,70682.0,-6.25
35265.0,146,5144.0,24.379146919431278,2.0244420423549876,146,71304.0,0.06518630282804289,146,71304.0,-6.219999999999914
35270.0,151,4904.0,23.35238095238095,1.8452183050066493,151,71240.0,0.05689042000474998,151,71240.0,0.6399999999999864
35275.0,156,4656.0,22.17142857142857,1.6726792566819744,156,71204.0,0.04828105539262958,156,71204.0,0.36000000000001364
35280.0,153,4539.0,21.511848341232227,1.737371703103303,153,71156.0,0.05193745515938472,153,71156.0,0.4800000000000182
35285.0,156,4893.0,23.080188679245282,1.609236499056,156,71875.0,0.047529930127929686,156,71875.0,-7.190000000000055
35290.0,159,5249.0,24.643192488262912,1.5168911173249928,159,72582.0,0.043327175204108496,159,72582.0,-7.07000000000005
35295.0,162,5678.0,26.78301886792453,1.4777671378821151,162,73335.0,0.04465949583282114,162,73335.0,-7.529999999999973
35300.0,164,6071.0,28.502347417840376,1.365679807453332,164,73382.0,0.034300760454144735,164,73382.0,-0.4700000000000273
35305.0,164,6510.0,30.70754716981132,1.347148666592155,163,73433.0,0.039638237850195844,163,73433.0,-0.5099999999999909
35310.0,166,7165.0,34.11904761904762,1.178322273650056,166,73494.0,0.03636688779736706,166,73494.0,-0.6100000000000136
35315.0,171,7615.0,35.91981132075472,1.0608959425640396,171,74334.0,0.031490381199472145,171,74334.0,-8.399999999999977
35320.0,169,7911.0,37.140845070422536,1.0197549077294628,169,73428.0,0.029941325351732707,169,73428.0,9.06000000000006
35325.0,168,8200.0,38.13953488372093,1.1134860989120994,168,72523.0,0.032586633194158554,168,72523.0,9.049999999999955
35330.0,167,8488.0,39.2962962962963,1.2163795563154498,167,71626.0,0.04091727986814965,167,71626.0,8.970000000000027
35335.0,163,8692.0,40.055299539170505,1.3389181843642048,163,72397.0,0.04076771254254932,163,72397.0,-7.710000000000036
35340.0,163,8944.0,41.027522935779814,1.437360952171251,163,73132.0,0.0409849005333519,163,73132.0,-7.350000000000023
35345.0,168,9304.0,43.27441860465116,1.3186531773362264,168,73901.0,0.0410711511593858,168,73901.0,-7.689999999999941
35350.0,171,9638.0,44.620370370370374,1.2327269152245852,171,73872.0,0.028876757357337638,171,73872.0,0.2899999999999636
35355.0,167,9938.0,46.223255813953486,1.3260714774671831,167,72971.0,0.0341721499225791,167,72971.0,9.009999999999991
35360.0,163,10216.0,47.96244131455399,1.448080591000921,163,72051.0,0.041799797960743235,163,72051.0,9.200000000000045
35365.0,159,10338.0,48.764150943396224,1.3706780955448812,159,72037.0,0.03810032035599781,159,72037.0,0.13999999999998636
35370.0,160,10422.0,48.700934579439256,1.4939712364904547,160,71211.0,0.04248312546004373,160,71211.0,8.259999999999991
35375.0,158,10555.0,49.093023255813954,1.6377412503712114,158,70398.0,0.04933552993577631,158,70398.0,8.129999999999995
35380.0,158,10713.0,50.0607476635514,1.6003624650248385,158,71141.0,0.04727737937731595,158,71141.0,-7.42999999999995
35385.0,157,11084.0,51.794392523364486,1.6141525947661752,157,71854.0,0.04711738582279757,157,71854.0,-7.1299999999999955
35390.0,162,11554.0,54.244131455399064,1.5872478156819998,162,72598.0,0.04762129973385304,162,72598.0,-7.440000000000055
35395.0,166,11507.0,53.771028037383175,1.4380422705552214,166,72966.0,0.03600019032239632,166,72966.0,-3.67999999999995
35400.0,163,11097.0,52.344339622641506,1.3818091016205087,163,72880.0,0.03890202646559539,163,72880.0,0.8600000000000136
35405.0,160,10673.0,50.10798122065728,1.5878226424781412,160,72784.0,0.049392083441543944,160,72784.0,0.9599999999999227
35410.0,158,10236.0,48.283018867924525,1.6380864764761505,158,72238.0,0.049965803190140524,158,72238.0,5.460000000000036
35415.0,154,9832.0,46.37735849056604,1.829528030741473,154,71709.0,0.06059854697526512,154,71709.0,5.289999999999964
35420.0,155,9451.0,45.00476190476191,1.7524124659590878,155,71202.0,0.054490596293896285,155,71202.0,5.07000000000005
35425.0,156,9071.0,42.586854460093896,1.7772444067501325,155,71133.0,0.05556245082217382,155,71133.0,0.6899999999999409
35430.0,154,8732.0,41.18867924528302,1.8256385613071333,154,70653.0,0.06132952328596018,154,70653.0,4.800000000000068
35435.0,156,8602.0,40.19626168224299,1.7991300571766764,156,70595.0,0.0594325770387075,156,70595.0,0.5799999999999272
35440.0,159,8261.0,38.42325581395349,1.7713147795444448,159,70470.0,0.056000730907408564,159,70470.0,1.25
35445.0,153,7754.0,35.898148148148145,1.9123803700299666,153,69424.0,0.0628098490173478,153,69424.0,10.460000000000036
35450.0,151,7238.0,33.822429906542055,2.0064867589648134,151,68421.0,0.06938298879365332,151,68421.0,10.029999999999973
35455.0,153,6541.0,30.708920187793428,1.8365057877139082,151,69137.0,0.06299862146246557,151,69137.0,-7.159999999999968
35460.0,152,6008.0,28.60952380952381,1.7889304558213395,152,69807.0,0.06336108498530128,152,69807.0,-6.7000000000000455
35465.0,152,6331.0,30.291866028708135,1.734568879638568,152,70562.0,0.06207992070336441,152,70562.0,-7.5499999999999545
35470.0,155,6693.0,31.87142857142857,1.6910731063713718,155,71250.0,0.05489098310447339,155,71250.0,-6.8799999999999955
35475.0,158,7092.0,33.611374407582936,1.628906394482889,158,71886.0,0.04492379991627555,158,71886.0,-6.360000000000014
35480.0,161,7438.0,35.41904761904762,1.5613418734123303,161,71802.0,0.04318886893779464,161,71802.0,0.8400000000000318
35485.0,165,7757.0,36.589622641509436,1.5505733794707963,165,70875.0,0.04058317001583945,165,70875.0,9.269999999999982
35490.0,165,8080.0,37.93427230046948,1.7155832097502666,165,69958.0,0.04531278469268188,165,69958.0,9.169999999999959
35495.0,161,8224.0,38.79245283018868,1.6287102023628603,160,70298.0,0.040589329365194826,160,70298.0,-3.3999999999999773
35500.0,160,8247.0,38.90094339622642,1.66181388517436,160,71095.0,0.039821835342610225,160,71095.0,-7.970000000000027
35505.0,157,8348.0,39.56398104265403,1.64635350124351,157,70952.0,0.044738301759169125,157,70952.0,1.4300000000000637
35510.0,162,8650.0,40.801886792452834,1.4993816728326643,162,71659.0,0.039779735687030124,162,71659.0,-7.07000000000005
35515.0,162,8902.0,41.79342723004695,1.4033598784186156,162,72381.0,0.036284236241947765,162,72381.0,-7.219999999999914
35520.0,163,9234.0,43.556603773584904,1.322970533435293,163,73049.0,0.04076070738254989,163,73049.0,-6.680000000000064
35525.0,164,9549.0,44.62149532710281,1.246057480328574,164,72963.0,0.03662808331597803,164,72963.0,0.8600000000000136
35530.0,169,9823.0,45.901869158878505,1.1936786285586152,169,72015.0,0.03788971182365434,169,72015.0,9.480000000000018
35535.0,165,10096.0,46.95813953488372,1.3192973913505692,165,71066.0,0.043174712163856696,165,71066.0,9.490000000000009
35540.0,163,10361.0,48.19069767441861,1.4665221519923493,163,69252.0,0.04592119169922993,163,69252.0,18.139999999999986
35545.0,162,10645.0,49.282407407407405,1.4094893681459961,162,69981.0,0.041287207637309094,162,69981.0,-7.289999999999964
35550.0,163,11028.0,51.29302325581396,1.4355515713854674,163,70673.0,0.045329570851835144,163,70673.0,-6.920000000000073
35555.0,165,11528.0,53.12442396313364,1.456830675138222,165,71383.0,0.04591506680577882,165,71383.0,-7.100000000000023
35560.0,168,11594.0,53.675925925925924,1.3731704772028206,167,71351.0,0.039679415457985354,167,71351.0,0.32000000000005
35565.0,174,11388.0,52.0,1.3166891153661755,174,72193.0,0.03170735988809568,174,72193.0,-8.419999999999959
35570.0,175,11201.0,50.913636363636364,1.425166604648256,175,71382.0,0.03577086525206594,175,71382.0,8.1099999999999
35575.0,172,11006.0,50.027272727272724,1.455697988945927,172,69777.0,0.04018846945829275,172,69777.0,16.050000000000068
35580.0,169,10799.0,49.53669724770642,1.5523974444570252,169,69019.0,0.04423499790548303,169,69019.0,7.579999999999927
35585.0,164,10571.0,48.49082568807339,1.583182912906634,164,68232.0,0.043686682651597745,164,68232.0,7.8700000000000045
35590.0,161,10285.0,47.61574074074074,1.6833305445321345,161,68938.0,0.050330840100660794,161,68938.0,-7.059999999999945
35595.0,161,10032.0,46.66046511627907,1.5451811369837012,161,69595.0,0.049470381283943474,161,69595.0,-6.57000000000005
35600.0,165,9904.0,46.06511627906977,1.5541994433999053,165,70276.0,0.04868166798995471,165,70276.0,-6.809999999999945
35605.0,166,9640.0,44.629629629629626,1.4636925544943309,166,70174.0,0.039084334274614205,166,70174.0,1.0199999999999818
35610.0,166,9262.0,42.879629629629626,1.4738325080030181,166,69184.0,0.03837712589969996,166,69184.0,9.899999999999977
35615.0,163,8874.0,41.27441860465116,1.5920248806753272,163,68211.0,0.04852928534237905,163,68211.0,9.730000000000018
35620.0,159,8380.0,38.97674418604651,1.5510054561099236,159,68186.0,0.044641146502360965,159,68186.0,0.25
35625.0,159,8017.0,37.11574074074074,1.637944262272165,159,67353.0,0.045837142096481674,159,67353.0,8.330000000000041
35630.0,159,8353.0,39.032710280373834,1.6784419239698194,159,66586.0,0.05222606929840828,159,66586.0,7.669999999999959
35635.0,159,8648.0,40.03703703703704,1.602818185093856,158,66483.0,0.04290005310727248,158,66483.0,1.0299999999999727
35640.0,161,8920.0,41.105990783410135,1.5897927879237064,161,67276.0,0.040061244263223064,161,67276.0,-7.92999999999995
35645.0,161,9190.0,41.9634703196347,1.6424910115647875,161,66339.0,0.042606955752997666,161,66339.0,9.370000000000005
35650.0,160,9322.0,43.157407407407405,1.5192374319738926,160,67059.0,0.04091238793252736,160,67059.0,-7.2000000000000455
35655.0,156,9360.0,43.943661971830984,1.4067469754983022,156,67705.0,0.041858027665960106,156,67705.0,-6.459999999999923
35660.0,155,9537.0,44.985849056603776,1.5098739308942428,155,68360.0,0.0510579411177937,155,68360.0,-6.550000000000068
35665.0,157,9337.0,43.63084112149533,1.4345374082492421,157,68527.0,0.04390683300590375,157,68527.0,-1.669999999999959
35670.0,160,8930.0,41.728971962616825,1.4710098464487527,160,68101.0,0.042102831325760946,160,68101.0,4.259999999999991
35675.0,160,8715.0,40.91549295774648,1.500505257153734,160,67686.0,0.048811132732720273,160,67686.0,4.149999999999977
35680.0,161,8532.0,39.86915887850467,1.5560943568355592,161,66707.0,0.04603828118576011,161,66707.0,9.789999999999964
35685.0,160,8336.0,39.136150234741784,1.4452882416788513,160,67494.0,0.045525957787927195,160,67494.0,-7.8700000000000045
35690.0,163,8171.0,38.0046511627907,1.4025326928837791,163,68221.0,0.038913804326727044,163,68221.0,-7.269999999999982
35695.0,165,8101.0,37.1605504587156,1.398928972363597,165,68897.0,0.038160887979046126,165,68897.0,-6.759999999999991
35700.0,167,7905.0,36.42857142857143,1.3999910358737575,167,68855.0,0.041269505613392814,167,68855.0,0.42000000000007276
35705.0,174,7643.0,35.38425925925926,1.1215909259533874,174,68831.0,0.03455505262998655,174,68831.0,0.2400000000000091
35710.0,175,7407.0,34.45116279069767,1.1586932108512218,175,68818.0,0.03478254404840784,175,68818.0,0.12999999999999545
35715.0,171,7161.0,33.15277777777778,1.2247396275433047,171,67155.0,0.043125759492946114,171,67155.0,16.629999999999995
35720.0,169,6900.0,31.797235023041473,1.373580558038395,169,66388.0,0.04869583701783001,169,66388.0,7.669999999999959
35725.0,165,6549.0,30.041284403669724,1.3875715009669933,165,67098.0,0.04333438509089875,165,67098.0,-7.100000000000023
35730.0,162,6292.0,28.862385321100916,1.5841329067100391,162,67738.0,0.04973072290210536,162,67738.0,-6.399999999999977
35735.0,164,6730.0,30.730593607305938,1.6951513865572079,164,68402.0,0.05194592362122237,164,68402.0,-6.639999999999986
35740.0,170,6962.0,31.93577981651376,1.5161312290881996,170,68298.0,0.03624838540663814,170,68298.0,1.0399999999999636
35745.0,170,7027.0,32.532407407407405,1.3982636944026436,170,67319.0,0.03458035587061423,170,67319.0,9.789999999999964
35750.0,167,7084.0,32.948837209302326,1.509623433105541,167,66359.0,0.04232866129644853,167,66359.0,9.600000000000023
35755.0,164,7126.0,32.83870967741935,1.6707385437484656,164,64521.0,0.0471556689132796,164,64521.0,18.379999999999995
35760.0,163,7158.0,33.138888888888886,1.7404952896701786,163,62962.0,0.05285611422098326,163,62962.0,15.590000000000032
35765.0,160,7264.0,33.474654377880185,1.8202583260957719,160,62007.0,0.05638846020584708,160,62007.0,9.549999999999955
35770.0,159,7515.0,34.791666666666664,1.7533700107417416,159,62744.0,0.05227683144335806,159,62744.0,-7.3700000000000045
35775.0,159,7707.0,35.68055555555556,1.798188274844887,159,63425.0,0.05960041735991773,159,63425.0,-6.809999999999945
35780.0,164,8025.0,36.9815668202765,1.8552007868292462,164,64143.0,0.05781215581012781,164,64143.0,-7.17999999999995
35785.0,165,8203.0,38.15348837209302,1.6618475368901269,164,64118.0,0.04828183866845292,164,64118.0,0.25
35790.0,167,8269.0,38.821596244131456,1.54428678983677,167,64955.0,0.04351848075034943,167,64955.0,-8.370000000000005
35795.0,164,8323.0,38.89252336448598,1.6467159508222897,164,64102.0,0.047263492097403464,164,64102.0,8.529999999999973
35800.0,162,8367.0,39.098130841121495,1.743447239342884,162,62457.0,0.052679138059006335,162,62457.0,16.449999999999932
35805.0,158,8137.0,37.84651162790698,1.7917085106531958,158,62546.0,0.05168870899749003,158,62546.0,-0.8899999999999864
35810.0,159,8016.0,37.63380281690141,1.7873862233262703,159,61936.0,0.05744808378500999,159,61936.0,6.100000000000023
35815.0,160,7896.0,36.72558139534884,1.8242076416929904,160,61327.0,0.0542343641979698,160,61327.0,6.090000000000032
35820.0,160,7779.0,36.181395348837206,1.806291136790128,160,60240.0,0.04649382472921862,160,60240.0,10.870000000000005
35825.0,157,7656.0,35.609302325581396,1.9327440566732903,157,59165.0,0.05751444659487696,157,59165.0,10.75
35830.0,154,7519.0,35.13551401869159,1.9602636409180505,154,58121.0,0.05753111578418192,154,58121.0,10.43999999999994
35835.0,154,7368.0,34.91943127962085,1.787736349031223,153,57728.0,0.05719977450986846,153,57728.0,3.9300000000000637
35840.0,149,7202.0,34.2952380952381,1.8537852069629486,149,56748.0,0.06345286252286036,149,56748.0,9.799999999999955
35845.0,146,7030.0,33.476190476190474,1.864956835886841,146,56351.0,0.06701566414314863,146,56351.0,3.9700000000000273
35850.0,145,6736.0,32.076190476190476,1.8886264394722478,145,57062.0,0.06791733296082599,145,57062.0,-7.110000000000014
35855.0,150,6541.0,30.565420560747665,1.9225439307758074,150,57783.0,0.06762239292495581,150,57783.0,-7.210000000000036
35860.0,156,6546.0,30.446511627906975,1.8270147775229906,156,58535.0,0.06408579400798002,156,58535.0,-7.519999999999982
35865.0,163,6590.0,30.50925925925926,1.6639780308623928,161,58462.0,0.055454995443209705,161,58462.0,0.7300000000000182
35870.0,161,6660.0,31.267605633802816,1.7453048102642506,161,57613.0,0.06389732630524927,161,57613.0,8.490000000000009
35875.0,162,7164.0,33.63380281690141,1.7197988890769134,162,56841.0,0.06426273079025704,162,56841.0,7.720000000000027
35880.0,163,7584.0,35.27441860465116,1.6899734287243213,163,57068.0,0.05796113158957983,163,57068.0,-2.269999999999982
35885.0,166,7953.0,36.481651376146786,1.5821482772167699,166,56707.0,0.04284451074527461,166,56707.0,3.6099999999999
35890.0,166,8333.0,38.5787037037037,1.5859107577752003,166,56369.0,0.04677095403886174,166,56369.0,3.3799999999999955
35895.0,166,8714.0,40.342592592592595,1.5864611410052376,166,55464.0,0.045378405533269855,166,55464.0,9.050000000000068
35900.0,164,9024.0,41.39449541284404,1.6857049615370572,164,55524.0,0.04975489833256347,164,55524.0,-0.6000000000000227
35905.0,160,9279.0,42.76036866359447,1.6432190999300886,160,54819.0,0.04897488282235354,160,54819.0,7.0499999999999545
35910.0,157,9519.0,44.06944444444444,1.7289826516849134,157,54098.0,0.05606678114183576,157,54098.0,7.210000000000036
35915.0,154,9555.0,43.830275229357795,1.7756335137205606,154,54709.0,0.05281777964727477,154,54709.0,-6.110000000000014
35920.0,152,9450.0,42.95454545454545,1.9094113788706466,152,55157.0,0.05523321288537616,152,55157.0,-4.480000000000018
35925.0,148,9338.0,42.445454545454545,2.0106097421871696,148,55614.0,0.06443144414248389,148,55614.0,-4.569999999999936
35930.0,146,9417.0,43.19724770642202,2.028692815877186,146,55967.0,0.065597363344237,146,55967.0,-3.5299999999999727
35935.0,149,9949.0,45.42922374429224,2.082793725978758,149,56397.0,0.06927151818929343,149,56397.0,-4.300000000000068
35940.0,159,10618.0,48.93087557603687,1.9011754024996461,159,57004.0,0.06306132518665068,159,57004.0,-6.069999999999936
35945.0,166,11322.0,52.175115207373274,1.6290542700484105,166,57631.0,0.05192462778780088,166,57631.0,-6.269999999999982
35950.0,172,12058.0,54.80909090909091,1.5152036420883839,171,58364.0,0.040229932999138095,171,58364.0,-7.330000000000041
35955.0,176,12816.0,58.788990825688074,1.2624278109896236,175,59191.0,0.03329464521527296,175,59191.0,-8.269999999999982
35960.0,176,13405.0,61.49082568807339,1.2000196265108605,176,59421.0,0.02891751372297408,176,59421.0,-2.300000000000068
35965.0,173,13934.0,63.336363636363636,1.3139943635298545,173,59085.0,0.03265302501909873,173,59085.0,3.3600000000000136
35970.0,178,14508.0,65.6470588235294,1.4176864906409041,178,58769.0,0.03625514516318768,178,58769.0,3.159999999999968
35975.0,178,15039.0,67.43946188340807,1.27347402679235,178,59649.0,0.031925883382296134,178,59649.0,-8.799999999999955
35980.0,184,15638.0,70.44144144144144,1.1098515487076723,184,60564.0,0.027205307761340114,184,60564.0,-9.149999999999977
35985.0,183,16209.0,72.04,1.1700696989862185,183,61436.0,0.027512051548760914,183,61436.0,-8.720000000000027
35990.0,184,16601.0,74.11160714285714,1.22681960181896,184,61617.0,0.02404899423951055,184,61617.0,-1.8099999999999454
35995.0,184,16850.0,75.56053811659193,1.2610566668691763,184,61813.0,0.02789142225696398,184,61813.0,-1.9600000000000364
36000.0,180,17077.0,76.92342342342343,1.271882264034094,180,61991.0,0.029649650488212623,180,61991.0,-1.7799999999999727
36005.0,176,17196.0,77.11210762331838,1.3315264837180703,176,62253.0,0.026782687357945964,176,62253.0,-2.6200000000000045
36010.0,172,17235.0,77.63513513513513,1.4260489905700136,172,62219.0,0.03172534220268379,172,62219.0,0.33999999999991815
36015.0,167,17273.0,78.51363636363637,1.5237429399086293,167,62166.0,0.03942328461749529,167,62166.0,0.5300000000000864
36020.0,163,16609.0,75.84018264840182,1.5424143929119998,163,62156.0,0.03743028228133088,163,62156.0,0.10000000000002274
36025.0,159,15502.0,72.10232558139535,1.4276747978879776,159,61428.0,0.04001086279120225,159,61428.0,7.279999999999973
36030.0,160,14527.0,67.88317757009345,1.4661985583175947,160,60701.0,0.047392962361629036,160,60701.0,7.269999999999982
36035.0,160,13551.0,62.736111111111114,1.485003441596344,160,59598.0,0.0456053494250809,160,59598.0,11.029999999999973
36040.0,157,12566.0,58.7196261682243,1.5798511316258133,157,58507.0,0.055113219341856985,157,58507.0,10.909999999999968
36045.0,153,11398.0,52.76851851851852,1.5120044808894906,153,59202.0,0.05040335547678973,153,59202.0,-6.949999999999932
36050.0,150,10152.0,47.21860465116279,1.6557728291731326,150,59816.0,0.05451995181729815,150,59816.0,-6.139999999999986
36055.0,148,9166.0,42.43518518518518,1.880170815019301,148,60434.0,0.062495144356664846,148,60434.0,-6.180000000000064
36060.0,152,8520.0,39.627906976744185,1.9635933863329567,152,61065.0,0.05799700133932046,152,61065.0,-6.309999999999945
36065.0,158,7720.0,36.074766355140184,1.7405192632408133,158,61053.0,0.04976484746827713,158,61053.0,0.12000000000000455
36070.0,159,6858.0,32.046728971962615,1.6916268219645731,159,61845.0,0.046088360798195886,159,61845.0,-7.920000000000073
36075.0,160,6130.0,28.64485981308411,1.6550645780917737,160,61072.0,0.04642832529556707,160,61072.0,7.730000000000018
36080.0,161,5479.0,25.483720930232558,1.7088025736779187,161,60463.0,0.049274456324498186,161,60463.0,6.090000000000032
36085.0,158,4961.0,22.96759259259259,1.6875684054923359,158,60592.0,0.04633680742407976,158,60592.0,-1.2899999999999636
36090.0,161,5249.0,24.413953488372094,1.5719994273205953,161,60737.0,0.04294858167676846,161,60737.0,-1.4500000000000455
36095.0,164,5550.0,25.934579439252335,1.4194560809767696,164,60895.0,0.03708635489792849,164,60895.0,-1.580000000000041
36100.0,161,5606.0,26.56872037914692,1.2847098762840645,161,61181.0,0.03243075650718239,161,61181.0,-2.8599999999999
36105.0,159,5490.0,26.018957345971565,1.2205681227726666,159,61459.0,0.03440320380657109,159,61459.0,-2.7800000000000864
36110.0,159,5364.0,25.421800947867297,1.2157374848582512,159,61731.0,0.040225719447003795,159,61731.0,-2.7199999999999136
36115.0,152,5056.0,23.849056603773583,1.2488605118309197,152,62430.0,0.03384821761001545,152,62430.0,-6.990000000000009
36120.0,150,4695.0,22.251184834123222,1.3402400187104735,150,63063.0,0.041347867625949546,150,63063.0,-6.330000000000041
36125.0,150,4492.0,21.18867924528302,1.354053902538373,150,63757.0,0.04383608772625352,150,63757.0,-6.940000000000055
36130.0,152,4339.0,20.563981042654028,1.214165045339083,152,63974.0,0.04049688552702367,152,63974.0,-2.169999999999959
36135.0,157,4420.0,20.751173708920188,1.279610619093078,157,63687.0,0.04225314581087357,157,63687.0,2.8700000000000045
36140.0,159,4532.0,21.27699530516432,1.3662430747857468,159,63424.0,0.043981287873554466,159,63424.0,2.6299999999999955
36145.0,159,4732.0,22.11214953271028,1.3890947053513318,159,62659.0,0.04178854127397043,159,62659.0,7.649999999999977
36150.0,158,4979.0,23.15813953488372,1.6441461863316251,158,61907.0,0.05401248706873434,158,61907.0,7.519999999999982
36155.0,160,5284.0,24.462962962962962,1.586088027194066,160,61683.0,0.0493625493891453,160,61683.0,2.240000000000009
36160.0,160,5421.0,24.981566820276498,1.6430055216539214,159,61261.0,0.04824372474621112,159,61261.0,4.220000000000027
36165.0,159,5538.0,25.63888888888889,1.5772978527627843,159,60687.0,0.05027219475017405,159,60687.0,5.740000000000009
36170.0,161,5963.0,27.60648148148148,1.7386911184463043,161,60177.0,0.05800342061618973,161,60177.0,5.100000000000023
36175.0,158,6250.0,28.935185185185187,1.661221748257921,158,60878.0,0.051711513870924986,158,60878.0,-7.009999999999991
36180.0,159,6463.0,29.783410138248847,1.7875672972915446,159,61515.0,0.05297014583273124,159,61515.0,-6.3700000000000045
36185.0,155,6793.0,31.449074074074073,1.8484058377144066,155,62175.0,0.06005644460497439,155,62175.0,-6.600000000000023
36190.0,155,6888.0,31.88888888888889,1.898491303655222,155,62144.0,0.05885457709699855,155,62144.0,0.30999999999994543
36195.0,157,6789.0,31.57674418604651,1.7675702053523423,157,62121.0,0.04977818957124459,157,62121.0,0.2300000000000182
36200.0,158,6753.0,31.409302325581397,1.7929857066652615,158,62105.0,0.05241533410742219,158,62105.0,0.16000000000008185
36205.0,160,6632.0,30.56221198156682,1.6081328687759247,160,62215.0,0.042054710693547805,160,62215.0,-1.1000000000000227
36210.0,160,6457.0,29.89351851851852,1.4934556345371246,160,62337.0,0.0375096992761487,160,62337.0,-1.2200000000000273
36215.0,157,6274.0,29.317757009345794,1.4430221341705152,157,61772.0,0.03995430655519174,157,61772.0,5.649999999999977
36220.0,154,6078.0,28.535211267605632,1.5455968578828982,154,61208.0,0.047376197994299575,154,61208.0,5.639999999999986
36225.0,154,5734.0,27.175355450236967,1.3860450470897532,154,61414.0,0.045867966699315046,154,61414.0,-2.0599999999999454
36230.0,155,5503.0,25.95754716981132,1.3254644074459103,155,61632.0,0.04219397378722919,155,61632.0,-2.1800000000000637
36235.0,158,5281.0,24.793427230046948,1.1706847193624428,158,61861.0,0.03957662828676218,158,61861.0,-2.2899999999999636
36240.0,155,4902.0,22.906542056074766,1.2728723831346984,155,62541.0,0.0394471991828179,155,62541.0,-6.7999999999999545
36245.0,156,4412.0,20.14611872146119,1.2717935645624183,156,63127.0,0.03986037155040078,156,63127.0,-5.860000000000014
36250.0,153,4013.0,18.408256880733944,1.2751152477752639,153,63895.0,0.04390240579722299,153,63895.0,-7.680000000000064
36255.0,154,3883.0,17.97685185185185,1.2575884270696458,154,64495.0,0.04454646082303064,154,64495.0,-6.0
36260.0,159,4187.0,19.294930875576036,1.364269250370138,159,65154.0,0.046149549897119765,159,65154.0,-6.589999999999918
36265.0,164,4399.0,20.178899082568808,1.2503526080053857,164,65250.0,0.03785077305587154,164,65250.0,-0.9600000000000364
36270.0,168,4610.0,21.050228310502284,1.3260329676783333,168,64728.0,0.037223806171857166,168,64728.0,5.220000000000027
36275.0,169,4925.0,22.591743119266056,1.3276707715374538,169,64295.0,0.0382371840790441,169,64295.0,4.329999999999927
36280.0,170,5278.0,24.211009174311926,1.4254036985529124,170,63260.0,0.04353275069618984,170,63260.0,10.350000000000023
36285.0,170,5627.0,25.69406392694064,1.2462617521341166,170,64034.0,0.03492381859469335,170,64034.0,-7.740000000000009
36290.0,168,6009.0,27.313636363636363,1.3998246062913788,168,64743.0,0.04047815451404286,168,64743.0,-7.089999999999918
36295.0,172,6603.0,30.013636363636362,1.3868118716734412,172,65489.0,0.0423223122221221,172,65489.0,-7.460000000000036
36300.0,176,7225.0,32.69230769230769,1.3900558370823208,176,65728.0,0.03449140296059062,176,65728.0,-2.3899999999999864
36305.0,179,7843.0,35.328828828828826,1.3984594412255826,179,65370.0,0.033013597430692196,179,65370.0,3.5799999999999272
36310.0,176,8456.0,38.090090090090094,1.5745422656817485,176,65032.0,0.041923046830146526,176,65032.0,3.3799999999999955
36315.0,171,9046.0,41.11818181818182,1.5890231406001527,171,64113.0,0.04348059621627751,171,64113.0,9.190000000000055
36320.0,167,9556.0,43.8348623853211,1.6130061782724174,167,64893.0,0.0452889517857942,167,64893.0,-7.7999999999999545
36325.0,162,10006.0,46.11059907834101,1.6576412543561434,162,65609.0,0.048966989499397845,162,65609.0,-7.160000000000082
36330.0,162,10592.0,49.265116279069765,1.7660703153285238,162,66310.0,0.0552322363503279,162,66310.0,-7.009999999999991
36335.0,167,11297.0,52.300925925925924,1.6056776724486697,167,66521.0,0.041539785079516105,167,66521.0,-2.1100000000000136
36340.0,171,11994.0,55.27188940092166,1.564480811814175,171,66163.0,0.036620372067841696,171,66163.0,3.580000000000041
36345.0,167,12685.0,59.0,1.6001830132804307,167,65827.0,0.045202624291978875,167,65827.0,3.3600000000000136
36350.0,164,13362.0,62.4392523364486,1.6489213213914673,164,64963.0,0.0483504436770438,164,64963.0,8.639999999999986
36355.0,161,14024.0,64.92592592592592,1.9040911291729044,161,64110.0,0.0573885624841325,161,64110.0,8.529999999999973
36360.0,158,14694.0,68.66355140186916,1.8417893284194358,158,63452.0,0.05810967772633356,158,63452.0,6.580000000000041
36365.0,158,15310.0,71.20930232558139,1.8345261630032286,156,64163.0,0.06020053896676673,156,64163.0,-7.110000000000014
36370.0,158,15893.0,74.26635514018692,1.8294251062007572,158,64838.0,0.06004233243417279,158,64838.0,-6.75
36375.0,162,16610.0,78.34905660377359,1.6842249789513926,162,65528.0,0.05621907938553727,162,65528.0,-6.899999999999977
36380.0,164,17345.0,81.4319248826291,1.7470920330605155,164,66229.0,0.05336275106132219,164,66229.0,-7.009999999999991
36385.0,164,17725.0,83.21596244131456,1.761715232845099,164,66101.0,0.04950898645642051,164,66101.0,1.2799999999999727
36390.0,162,17550.0,82.3943661971831,1.6999060405682782,162,65966.0,0.04392881922078645,162,65966.0,1.3500000000000227
36395.0,159,17388.0,82.01886792452831,1.7535728198336098,159,64959.0,0.04967657347003699,159,64959.0,10.069999999999936
36400.0,157,16783.0,78.79342723004694,1.7854472643254833,157,65132.0,0.05031655385808679,157,65132.0,-1.7300000000000182
36405.0,157,15863.0,74.47417840375587,1.7967264518129915,157,64778.0,0.051141733083711234,157,64778.0,3.5400000000000773
36410.0,158,14943.0,69.82710280373831,1.788162023079333,158,64417.0,0.049085246456330216,158,64417.0,3.6100000000000136
36415.0,158,13944.0,65.1588785046729,1.6332902125868194,158,65148.0,0.03604649752213162,158,65148.0,-7.310000000000059
36420.0,158,13005.0,61.344339622641506,1.6283896234354718,158,65868.0,0.03894783855485447,158,65868.0,-7.199999999999932
36425.0,159,12094.0,57.317535545023695,1.6226108759612956,159,66590.0,0.04358579740465737,159,66590.0,-7.220000000000027
36430.0,161,11106.0,53.13875598086124,1.389469649646713,160,66510.0,0.038437081671525285,160,66510.0,0.7999999999999545
36435.0,160,10054.0,47.87619047619047,1.3963400700200943,160,67308.0,0.0374836245053397,160,67308.0,-7.980000000000018
36440.0,156,8979.0,42.961722488038276,1.5037880081044552,156,66315.0,0.04520270079847451,156,66315.0,9.930000000000064
36445.0,154,7888.0,37.56190476190476,1.5572412693281403,154,65299.0,0.05229147913902204,154,65299.0,10.159999999999968
36450.0,152,6727.0,32.03333333333333,1.53977273437539,152,66023.0,0.048693697928589706,152,66023.0,-7.240000000000009
36455.0,157,6535.0,31.11904761904762,1.4668940136602788,157,66716.0,0.04821755934770104,157,66716.0,-6.92999999999995
36460.0,164,6385.0,30.550239234449762,1.3932835394355854,164,67482.0,0.04448415742927412,164,67482.0,-7.660000000000082
36465.0,168,6425.0,30.741626794258373,1.299445573498966,168,68277.0,0.037579813942646624,168,68277.0,-7.949999999999932
36470.0,171,7052.0,33.74162679425837,1.1911014575761023,171,68221.0,0.03210320708560228,171,68221.0,0.5599999999999454
36475.0,174,7650.0,36.08490566037736,1.1933293213339784,174,67309.0,0.03317959664371525,174,67309.0,9.120000000000005
36480.0,171,8241.0,38.690140845070424,1.3094576944214578,171,66417.0,0.037491881758184645,171,66417.0,8.920000000000073
36485.0,168,8611.0,40.23831775700935,1.3350791330469831,168,66637.0,0.03564691676313448,168,66637.0,-2.2000000000000455
36490.0,164,8826.0,41.829383886255926,1.3117822333804035,164,66223.0,0.03892549260342784,164,66223.0,4.139999999999986
36495.0,161,9076.0,43.014218009478675,1.4578570608899253,161,65994.0,0.046417369241563096,161,65994.0,2.2899999999999636
36500.0,160,9363.0,44.16509433962264,1.4674158054626782,160,65921.0,0.04150417922396037,160,65921.0,0.7300000000000182
36505.0,160,9628.0,45.41509433962264,1.511258870403912,160,64987.0,0.04337773621730938,160,64987.0,9.340000000000032
36510.0,158,9892.0,46.88151658767772,1.5474209524467428,158,64317.0,0.04673676694240677,158,64317.0,6.7000000000000455
36515.0,155,10144.0,47.84905660377358,1.6294417812967497,155,62925.0,0.0501677946522194,155,62925.0,13.919999999999959
36520.0,154,10326.0,48.478873239436616,1.684345723349191,154,63169.0,0.049096227375822324,154,63169.0,-2.4400000000000546
36525.0,149,10451.0,49.53080568720379,1.7542456146617107,149,62877.0,0.05548708316709203,149,62877.0,2.9200000000000728
36530.0,145,10555.0,50.023696682464454,1.9615670749181557,145,62568.0,0.0629383615917422,145,62568.0,3.090000000000032
36535.0,141,10173.0,48.21327014218009,2.002093624170825,141,62669.0,0.05791562479277709,141,62669.0,-1.0100000000001046
36540.0,142,9512.0,45.51196172248804,2.044370075034872,142,62167.0,0.06142736762979097,142,62167.0,5.0200000000000955
36545.0,142,8853.0,42.5625,1.9304827799536235,142,61674.0,0.06414461456903445,142,61674.0,4.92999999999995
36550.0,140,8073.0,38.8125,1.9361482592266985,140,62299.0,0.0630208918284119,140,62299.0,-6.25
36555.0,142,7583.0,36.10952380952381,1.94829771650072,142,62879.0,0.0619698864446653,142,62879.0,-5.7999999999999545
36560.0,146,7279.0,35.16425120772947,1.8451149244821876,146,63505.0,0.06288318419051933,146,63505.0,-6.259999999999991
36565.0,149,6942.0,33.375,1.7577322238439625,149,63694.0,0.05778744404819957,149,63694.0,-1.8900000000001
36570.0,152,6601.0,31.88888888888889,1.6541539449817486,152,63366.0,0.05171346415567246,152,63366.0,3.2800000000000864
36575.0,154,6270.0,29.857142857142858,1.6419759394510416,154,63052.0,0.051248583677880044,154,63052.0,3.1399999999999864
36580.0,153,5943.0,28.435406698564595,1.7102430361810037,153,62220.0,0.05245743316306853,153,62220.0,8.319999999999936
36585.0,151,5667.0,27.114832535885167,1.7909472416626766,151,61385.0,0.06278911952350093,151,61385.0,8.350000000000023
36590.0,152,5386.0,25.526066350710902,1.6997573442042782,151,62080.0,0.052200292751432065,151,62080.0,-6.949999999999932
36595.0,159,5171.0,24.051162790697674,1.6097739426287712,159,62860.0,0.047463388761367395,159,62860.0,-7.800000000000068
36600.0,162,5235.0,24.462616822429908,1.5432953660352504,162,63666.0,0.045490886966072466,162,63666.0,-8.059999999999945
36605.0,167,5636.0,26.21395348837209,1.4140716706461762,167,63674.0,0.03876803117172069,167,63674.0,-0.08000000000004093
36610.0,172,5914.0,27.253456221198157,1.4106274324948882,172,62916.0,0.04188673179799355,172,62916.0,7.580000000000041
36615.0,169,6185.0,28.371559633027523,1.4836870095543138,169,62154.0,0.045835334605590757,169,62154.0,7.6200000000000045
36620.0,164,6351.0,29.53953488372093,1.389605729530924,164,62430.0,0.041679520971733386,164,62430.0,-2.759999999999991
36625.0,160,6437.0,29.93953488372093,1.543986052963022,160,62140.0,0.048733096030549976,160,62140.0,2.8999999999999773
36630.0,157,6555.0,30.630841121495326,1.7131151112683798,157,61840.0,0.05667599688846426,157,61840.0,3.0
36635.0,157,6669.0,31.16355140186916,1.623243177467961,157,62538.0,0.04817657733226852,157,62538.0,-6.980000000000018
36640.0,161,6726.0,31.72641509433962,1.4482066208718483,160,63249.0,0.04427317208415252,160,63249.0,-7.110000000000014
36645.0,160,6861.0,32.0607476635514,1.3896363713808384,160,63974.0,0.040116630717911175,160,63974.0,-7.25
36650.0,163,7040.0,33.051643192488264,1.3813234345165755,163,64225.0,0.03973281469561607,163,64225.0,-2.509999999999991
36655.0,162,7194.0,33.61682242990654,1.4010720532282306,162,63932.0,0.04144957145060201,162,63932.0,2.92999999999995
36660.0,161,7353.0,34.521126760563384,1.4962645944753994,161,63640.0,0.047894556981795205,161,63640.0,2.9200000000000728
36665.0,158,7398.0,34.732394366197184,1.3685663320337802,158,63603.0,0.038783029866733765,158,63603.0,0.37000000000000455
36670.0,155,7463.0,34.873831775700936,1.5882197979637835,155,62731.0,0.047238746285525025,155,62731.0,8.720000000000027
36675.0,157,7813.0,36.33953488372093,1.5689519276902257,157,61859.0,0.04883537808259156,157,61859.0,8.719999999999914
36680.0,158,8130.0,37.81395348837209,1.48038952849636,158,62552.0,0.04518284488392114,158,62552.0,-6.92999999999995
36685.0,159,8463.0,39.546728971962615,1.4430687257758648,159,63166.0,0.04453915236561684,159,63166.0,-6.139999999999986
36690.0,161,8845.0,40.949074074074076,1.522494423294695,161,63813.0,0.05112408095532916,161,63813.0,-6.470000000000027
36695.0,165,8931.0,40.595454545454544,1.4217127233829772,165,63885.0,0.03947865910873096,165,63885.0,-0.7200000000000273
36700.0,168,8755.0,40.1605504587156,1.3334068367177017,168,63247.0,0.03888406032002043,168,63247.0,6.3799999999999955
36705.0,167,8584.0,39.19634703196347,1.3927422160939218,167,62617.0,0.04264380084256249,167,62617.0,6.300000000000068
36710.0,164,8406.0,38.73732718894009,1.5078373274156285,164,61473.0,0.048552821737774636,164,61473.0,11.43999999999994
36715.0,160,8240.0,38.148148148148145,1.6224985866147605,160,60774.0,0.05560441278261832,160,60774.0,6.990000000000009
36720.0,162,7944.0,36.60829493087557,1.5581670322306092,162,61580.0,0.04987753049561931,162,61580.0,-8.059999999999945
36725.0,168,7559.0,34.35909090909091,1.482911368203279,168,62406.0,0.04082915339579552,168,62406.0,-8.259999999999991
36730.0,169,7252.0,32.81447963800905,1.559138626830687,169,62631.0,0.04449733864972687,169,62631.0,-2.25
36735.0,170,7001.0,31.536036036036037,1.4970823267583828,170,62972.0,0.03864755537884253,170,62972.0,-3.410000000000082
36740.0,171,6730.0,30.452488687782804,1.5053813741131372,171,62812.0,0.044958317679551184,171,62812.0,1.6000000000000227
36745.0,168,6446.0,29.167420814479637,1.528286119329063,168,62646.0,0.04734736880403265,168,62646.0,1.6599999999999682
36750.0,165,6151.0,28.34562211981567,1.5196952473239864,165,61987.0,0.05153272802990629,165,61987.0,6.590000000000032
36755.0,162,5620.0,25.779816513761467,1.5466015627391567,162,61962.0,0.05024174781227893,162,61962.0,0.25
36760.0,158,5085.0,23.433179723502302,1.664774273667166,158,61085.0,0.05598595676557787,158,61085.0,8.769999999999982
36765.0,159,5102.0,23.51152073732719,1.70751434572919,159,60207.0,0.056505036929937934,159,60207.0,8.779999999999973
36770.0,160,4897.0,22.46330275229358,1.6290376838258613,160,60862.0,0.048757931567951635,160,60862.0,-6.5499999999999545
36775.0,159,4543.0,20.839449541284402,1.600470456953341,159,61403.0,0.0450058216790486,159,61403.0,-5.409999999999968
36780.0,156,4216.0,19.339449541284402,1.7315179337143538,156,61963.0,0.05315956133322717,156,61963.0,-5.600000000000023
36785.0,154,4147.0,19.022935779816514,1.800340533529554,154,62440.0,0.055800568115356615,154,62440.0,-4.769999999999982
36790.0,156,4420.0,20.182648401826484,1.8862556580027443,156,62982.0,0.060666229849135646,156,62982.0,-5.420000000000073
36795.0,157,4753.0,21.604545454545455,1.86147445317301,157,63598.0,0.05930263513921637,157,63598.0,-6.159999999999968
36800.0,166,5177.0,23.425339366515836,1.7209748945244037,166,64333.0,0.0505157398643683,166,64333.0,-7.350000000000023
36805.0,173,5654.0,25.7,1.5159746059835375,173,65138.0,0.03985221177025099,173,65138.0,-8.049999999999955
36810.0,177,5932.0,27.211009174311926,1.202997485154155,177,65343.0,0.029248357141303468,177,65343.0,-2.0499999999999545
36815.0,171,6056.0,27.779816513761467,1.2887868801503595,171,64888.0,0.03467240788377842,171,64888.0,4.5499999999999545
36820.0,171,6264.0,28.602739726027398,1.4377341734719145,171,64429.0,0.03982159650389646,171,64429.0,4.590000000000032
36825.0,173,6722.0,30.41628959276018,1.3510531982533853,172,65258.0,0.035158065238111894,172,65258.0,-8.290000000000077
36830.0,178,7231.0,32.572072072072075,1.2351372449377924,178,66106.0,0.02560308308970978,178,66106.0,-8.479999999999905
36835.0,183,7767.0,34.986486486486484,1.233856934550929,182,66985.0,0.027153451374092686,182,66985.0,-8.790000000000077
36840.0,185,8315.0,37.62443438914027,1.153030916247531,185,67881.0,0.0234213367801425,185,67881.0,-8.959999999999923
36845.0,185,8819.0,39.72522522522522,1.2937475918691186,185,68148.0,0.028419500132576537,185,68148.0,-2.6700000000000728
36850.0,180,9264.0,41.918552036199095,1.3217327230070883,180,67768.0,0.029215290561429418,180,67768.0,3.800000000000068
36855.0,176,9689.0,44.242009132420094,1.4112386949970739,176,67376.0,0.03586977631645814,176,67376.0,3.919999999999959
36860.0,172,10091.0,46.077625570776256,1.577088254629429,172,66555.0,0.04000894346478058,172,66555.0,8.210000000000036
36865.0,167,10471.0,47.81278538812786,1.8318996975998434,167,65756.0,0.05290703888927518,167,65756.0,7.990000000000009
36870.0,163,10828.0,50.129629629629626,1.9207901614977085,163,64946.0,0.054201132673526504,163,64946.0,8.099999999999909
36875.0,159,11237.0,52.023148148148145,1.95111560629073,159,64657.0,0.056163701431909685,159,64657.0,2.8899999999999864
36880.0,164,11844.0,55.605633802816904,1.7368582396600658,164,65434.0,0.0485220400761149,164,65434.0,-7.769999999999982
36885.0,170,12536.0,58.306976744186045,1.6469277002709801,170,66228.0,0.04457818186751408,170,66228.0,-7.939999999999941
36890.0,171,13283.0,62.655660377358494,1.5187107553774992,171,67031.0,0.04470919640507858,171,67031.0,-8.029999999999973
36895.0,170,13989.0,65.98584905660377,1.4717141137354781,170,67294.0,0.04320384427442044,170,67294.0,-2.630000000000109
36900.0,167,14653.0,69.44549763033176,1.5724294647400838,167,67013.0,0.04957524283381833,167,67013.0,2.810000000000059
36905.0,162,15295.0,72.48815165876778,1.6648374596055553,162,66710.0,0.05498936150999343,162,66710.0,3.0299999999999727
36910.0,159,15959.0,76.35885167464114,1.7768787510527577,159,65935.0,0.05892798833240353,159,65935.0,7.75
36915.0,161,16608.0,79.84615384615384,1.6593182894497678,160,66617.0,0.0559552452220136,160,66617.0,-6.819999999999936
36920.0,163,17159.0,82.10047846889952,1.5603024707646622,163,67315.0,0.04922807820941038,163,67315.0,-6.980000000000018
36925.0,163,17840.0,85.35885167464114,1.3868507091965272,163,67970.0,0.04020768443355654,163,67970.0,-6.550000000000068
36930.0,166,18060.0,86.0,1.496399014236891,166,68126.0,0.04241451127789899,166,68126.0,-1.5599999999999454
36935.0,166,17936.0,85.4095238095238,1.4312941097805403,166,67680.0,0.040361541167062406,166,67680.0,4.460000000000036
36940.0,165,17805.0,84.38388625592417,1.572308462973011,165,67270.0,0.047088753544076156,165,67270.0,4.099999999999909
36945.0,160,17664.0,82.92957746478874,1.7431038444515925,160,66265.0,0.051442830277991666,160,66265.0,10.050000000000068
36950.0,158,17561.0,83.22748815165876,1.8256394023344429,158,65295.0,0.059276817727703844,158,65295.0,9.699999999999932
36955.0,157,16918.0,80.18009478672985,1.7194430221505663,157,65155.0,0.055696659280121574,157,65155.0,1.400000000000091
36960.0,159,15907.0,75.38862559241706,1.704117845113063,159,64154.0,0.05410018208011601,159,64154.0,10.009999999999991
36965.0,157,14896.0,70.59715639810426,1.7270081865518983,157,63157.0,0.05505492711768932,157,63157.0,9.969999999999914
36970.0,155,13836.0,65.57345971563981,1.817801835422976,155,63342.0,0.05457246848384065,155,63342.0,-1.849999999999909
36975.0,152,12731.0,59.76995305164319,1.848119568981187,152,63506.0,0.050274155223008196,152,63506.0,-1.6399999999999864
36980.0,151,11612.0,55.03317535545024,1.8160891429542019,151,63664.0,0.05712395684853508,151,63664.0,-1.580000000000041
36985.0,147,10479.0,49.9,1.7551654222607236,147,62720.0,0.0598667648549255,147,62720.0,9.43999999999994
36990.0,144,9376.0,44.43601895734597,1.9318511646322207,144,61771.0,0.06805402266141111,144,61771.0,9.490000000000009
36995.0,144,8218.0,38.764150943396224,1.8874313838441068,144,62413.0,0.0625220391728623,144,62413.0,-6.419999999999959
37000.0,150,7547.0,35.59905660377358,1.7193369266589682,150,62497.0,0.05837456113817981,150,62497.0,-0.8400000000000318
37005.0,153,6871.0,31.95813953488372,1.5088202478994623,153,63180.0,0.047320069552273476,153,63180.0,-6.829999999999927
37010.0,153,5969.0,27.63425925925926,1.5753034123501672,153,63753.0,0.04636850161677877,153,63753.0,-5.730000000000018
37015.0,151,4899.0,22.680555555555557,1.6015104284719994,151,64202.0,0.04955500430253941,151,64202.0,-4.490000000000009
37020.0,148,4162.0,19.632075471698112,1.5380882964630602,148,64768.0,0.055922135619626424,148,64768.0,-5.659999999999968
37025.0,154,4321.0,20.19158878504673,1.3974675858758896,154,65012.0,0.04348493531153893,154,65012.0,-2.4400000000000546
37030.0,160,4578.0,21.194444444444443,1.36876870559687,160,64856.0,0.04421575104222004,160,64856.0,1.5600000000000591
37035.0,164,4881.0,22.28767123287671,1.4350635071187214,164,64730.0,0.04490865036924988,164,64730.0,1.259999999999991
37040.0,167,4996.0,22.812785388127853,1.3939713932176216,167,64612.0,0.03921202281169231,167,64612.0,1.17999999999995
37045.0,170,4983.0,22.65,1.300056535117657,170,63638.0,0.036160472297907004,170,63638.0,9.740000000000009
37050.0,169,5011.0,22.881278538812786,1.3185812844141482,169,62698.0,0.04014679228819504,169,62698.0,9.399999999999977
37055.0,167,4911.0,22.322727272727274,1.2782609591298097,167,62933.0,0.03697991709362833,167,62933.0,-2.3500000000000227
37060.0,165,4773.0,21.695454545454545,1.3150750189198666,165,63160.0,0.03480281686205925,165,63160.0,-2.269999999999982
37065.0,163,4837.0,21.78828828828829,1.4176407702723517,163,63355.0,0.03915703431209903,163,63355.0,-1.9499999999999318
37070.0,166,4880.0,22.081447963800905,1.2736025893924035,166,63244.0,0.03589591343719119,166,63244.0,1.1099999999999
37075.0,166,4908.0,22.10810810810811,1.3133426769729644,166,62256.0,0.04018072472410759,166,62256.0,9.88000000000011
37080.0,163,4928.0,22.29864253393665,1.446356474272766,163,61286.0,0.04890891602199093,163,61286.0,9.699999999999932
37085.0,159,4882.0,21.99099099099099,1.4450536929125606,159,61462.0,0.04407621966122119,159,61462.0,-1.759999999999991
37090.0,157,4801.0,21.626126126126128,1.5385354883211886,156,61602.0,0.048560092997376375,156,61602.0,-1.3999999999999773
37095.0,158,4774.0,21.504504504504503,1.436267672043891,158,61773.0,0.04498896707180881,158,61773.0,-1.7100000000000364
37100.0,159,4526.0,20.761467889908257,1.3033806560093393,159,62356.0,0.04216389098347064,159,62356.0,-5.829999999999927
37105.0,156,4205.0,19.200913242009133,1.3601064623326156,156,62786.0,0.04679313825448009,156,62786.0,-4.300000000000068
37110.0,157,4142.0,18.827272727272728,1.4374346275177952,157,63232.0,0.04904963390401511,157,63232.0,-4.460000000000036
37115.0,161,4216.0,18.905829596412556,1.4775090161199755,161,63611.0,0.04865364058725657,161,63611.0,-3.7899999999999636
37120.0,159,4529.0,20.21875,1.5182303654231184,159,63751.0,0.04844006103756807,159,63751.0,-1.3999999999999773
37125.0,165,5068.0,22.524444444444445,1.466527272133015,165,63303.0,0.0475087566661469,165,63303.0,4.480000000000018
37130.0,171,5645.0,25.200892857142858,1.4091343380871317,171,62903.0,0.04257528844692568,171,62903.0,4.0
37135.0,173,6124.0,27.097345132743364,1.3620334282314108,173,62881.0,0.033219205018929984,173,62881.0,0.22000000000002728
37140.0,173,6544.0,29.084444444444443,1.400837444408944,173,61986.0,0.0360365295684644,173,61986.0,8.949999999999932
37145.0,173,6963.0,31.084821428571427,1.3624067375606184,173,61074.0,0.04055729397766984,173,61074.0,9.120000000000005
37150.0,171,7302.0,32.45333333333333,1.4085579700740805,171,61770.0,0.03898309318244919,171,61770.0,-6.960000000000036
37155.0,173,7646.0,33.53508771929825,1.4177119157148557,173,62362.0,0.03695291754391399,173,62362.0,-5.919999999999959
37160.0,173,8003.0,35.25550660792952,1.5042916413539824,173,62969.0,0.04285387147206911,173,62969.0,-6.07000000000005
37165.0,171,8306.0,36.590308370044056,1.4379248708592354,171,63156.0,0.038085946259179014,171,63156.0,-1.8699999999998909
37170.0,171,8652.0,38.283185840707965,1.518653466950086,171,62703.0,0.04257878584896463,171,62703.0,4.529999999999973
37175.0,171,9002.0,40.00888888888889,1.5015488884670647,171,62259.0,0.043658441396209065,171,62259.0,4.439999999999941
37180.0,168,9301.0,41.8963963963964,1.430832862098949,168,62953.0,0.04120805724237152,168,62953.0,-6.939999999999941
37185.0,165,9573.0,43.31674208144796,1.4440970617840396,165,63532.0,0.04286355062126434,165,63532.0,-5.790000000000077
37190.0,165,9923.0,44.90045248868778,1.5682584727254363,165,64139.0,0.04906190149500473,165,64139.0,-6.069999999999936
37195.0,167,9849.0,44.16591928251121,1.4758424727074835,167,64407.0,0.03970660519196174,167,64407.0,-2.6800000000000637
37200.0,169,9583.0,43.36199095022624,1.4428886013260063,169,64177.0,0.040322606898247036,169,64177.0,2.300000000000068
37205.0,175,9522.0,42.891891891891895,1.3467459577803582,175,63983.0,0.03751361985904285,175,63983.0,1.9399999999999409
37210.0,177,9436.0,42.125,1.3624628137070205,177,64740.0,0.033955620083608216,177,64740.0,-7.569999999999936
37215.0,173,9306.0,41.176991150442475,1.4212678904175038,173,65493.0,0.033360706046648515,173,65493.0,-7.529999999999973
37220.0,171,9167.0,40.924107142857146,1.478272419106292,171,66174.0,0.04081808208892779,171,66174.0,-6.810000000000059
37225.0,172,8963.0,40.373873873873876,1.3104985728613052,172,66326.0,0.035587677074484944,172,66326.0,-1.5199999999999818
37230.0,173,8727.0,39.48868778280543,1.3923204155471571,173,65820.0,0.03906160324357189,173,65820.0,5.059999999999945
37235.0,175,8601.0,39.095454545454544,1.3338393721762456,175,65330.0,0.03835837858833012,175,65330.0,4.900000000000091
37240.0,176,8390.0,37.963800904977376,1.3087046934440767,176,65640.0,0.036960113181489125,176,65640.0,-3.1000000000000227
37245.0,174,8107.0,36.68325791855204,1.202983085637015,174,65946.0,0.03062484898276597,174,65946.0,-3.060000000000059
37250.0,171,7812.0,35.34841628959276,1.3029407866887535,171,66244.0,0.03816666915713594,171,66244.0,-2.980000000000018
37255.0,168,7465.0,33.93181818181818,1.2353210384418931,168,66405.0,0.036110662076454345,168,66405.0,-1.6099999999999
37260.0,165,7260.0,33.45622119815668,1.2617824642353022,165,66018.0,0.04238183510620541,165,66018.0,3.8700000000000045
37265.0,166,7631.0,34.84474885844749,1.3416959704039737,166,65751.0,0.044182685457271886,166,65751.0,2.669999999999959
37270.0,166,8005.0,36.22171945701358,1.4730039842944058,166,65083.0,0.04527132172481711,166,65083.0,6.67999999999995
37275.0,162,8365.0,37.68018018018018,1.5898646886440415,162,64689.0,0.04906060215817794,162,64689.0,3.9400000000000546
37280.0,159,8544.0,38.836363636363636,1.543757919666352,159,65325.0,0.04893125516503795,159,65325.0,-6.360000000000014
37285.0,156,8598.0,38.90497737556561,1.6096597877477408,156,65849.0,0.05081515099902729,156,65849.0,-5.240000000000009
37290.0,152,8711.0,39.95871559633027,1.73622194063155,152,66383.0,0.060257863046752236,152,66383.0,-5.340000000000032
37295.0,153,9153.0,42.17972350230415,1.7627541880976838,153,66855.0,0.0601365490044181,153,66855.0,-4.719999999999914
37300.0,158,9566.0,43.68036529680365,1.7727379192486026,158,67009.0,0.05493145045675926,158,67009.0,-1.5400000000000773
37305.0,160,9950.0,45.022624434389144,1.7398729483509245,160,66627.0,0.05039199087359101,160,66627.0,3.82000000000005
37310.0,164,10456.0,47.31221719457014,1.7655188951300462,164,66297.0,0.052314898829752134,164,66297.0,3.2999999999999545
37315.0,165,10933.0,49.695454545454545,1.629184369465289,165,66987.0,0.04144351415649977,165,66987.0,-6.899999999999977
37320.0,166,11417.0,52.1324200913242,1.5909252342386397,166,67690.0,0.04446072122766732,166,67690.0,-7.029999999999973
37325.0,167,11960.0,54.36363636363637,1.6154883304843033,167,68398.0,0.04323351838196523,167,68398.0,-7.080000000000041
37330.0,174,12039.0,54.722727272727276,1.3815256258797066,174,68320.0,0.03272486846850705,174,68320.0,0.7799999999999727
37335.0,177,11783.0,53.07657657657658,1.3149671072375528,177,68266.0,0.026748737837291585,177,68266.0,0.5400000000000773
37340.0,177,11532.0,52.89908256880734,1.2012785248392142,177,68229.0,0.03143406663219601,177,68229.0,0.37000000000000455
37345.0,173,11178.0,50.80909090909091,1.2892821702394186,173,68501.0,0.03365127186962189,173,68501.0,-2.7200000000000273
37350.0,169,10747.0,48.6289592760181,1.3786830743484715,169,68187.0,0.03668725478369765,169,68187.0,3.1399999999999864
37355.0,168,10303.0,47.045662100456624,1.341374566196937,168,67863.0,0.04050756032201543,168,67863.0,3.240000000000009
37360.0,165,9846.0,45.583333333333336,1.3904920661072675,165,66984.0,0.045085789241991005,165,66984.0,8.789999999999964
37365.0,162,9420.0,43.611111111111114,1.5152634732739567,162,66110.0,0.05227099611874718,162,66110.0,8.740000000000009
37370.0,164,9099.0,41.54794520547945,1.4703708156541313,164,66016.0,0.044916792667061334,164,66016.0,0.9400000000000546
37375.0,165,8735.0,39.885844748858446,1.390903920150366,165,65062.0,0.0447667726928623,165,65062.0,9.539999999999964
37380.0,161,8361.0,38.35321100917431,1.5755845818928358,161,64121.0,0.05484069346381086,161,64121.0,9.409999999999968
37385.0,160,7808.0,35.49090909090909,1.586364189854194,160,64794.0,0.046616154720974357,160,64794.0,-6.730000000000018
37390.0,155,7130.0,32.40909090909091,1.788205166205815,155,65352.0,0.05338388758068037,155,65352.0,-5.579999999999927
37395.0,152,6659.0,30.26818181818182,1.913523284973482,152,65914.0,0.05990497361278182,152,65914.0,-5.6200000000000045
37400.0,152,7063.0,32.39908256880734,1.937480361633881,152,66437.0,0.060934929688488494,152,66437.0,-5.230000000000018
37405.0,158,7187.0,32.66818181818182,1.839581887378801,158,66696.0,0.056646268812301385,158,66696.0,-2.590000000000032
37410.0,161,7134.0,32.72477064220183,1.7444946862801514,161,66480.0,0.05270438356182886,161,66480.0,2.160000000000082
37415.0,163,7198.0,33.018348623853214,1.7395057052636063,163,66276.0,0.05121722971347075,163,66276.0,2.0399999999999636
37420.0,165,7268.0,33.3394495412844,1.7488407931277454,165,65591.0,0.04790220577500677,165,65591.0,6.850000000000023
37425.0,163,7337.0,33.8110599078341,1.676927673236688,163,64924.0,0.048073566650812624,163,64924.0,6.669999999999959
37430.0,160,7259.0,33.29816513761468,1.6947161043520675,160,64861.0,0.04886814584010463,160,64861.0,0.6299999999999955
37435.0,157,7098.0,32.861111111111114,1.6799824353128636,157,63932.0,0.05265181438274895,157,63932.0,9.289999999999964
37440.0,160,7047.0,32.325688073394495,1.8393366974032892,160,63059.0,0.05813716094990428,160,63059.0,8.730000000000018
37445.0,163,6884.0,31.29090909090909,1.7161414139882392,163,63765.0,0.04784773337215086,163,63765.0,-7.059999999999945
37450.0,160,6639.0,30.040723981900452,1.8325514116617732,160,64374.0,0.049383227994072514,160,64374.0,-6.090000000000032
37455.0,160,6427.0,28.820627802690584,1.9006241316566637,160,65005.0,0.05352986516629583,160,65005.0,-6.309999999999945
37460.0,160,6109.0,27.642533936651585,1.8731974394628905,160,65171.0,0.05199955669696505,160,65171.0,-1.6600000000000819
37465.0,160,5680.0,26.05504587155963,1.7585999738734213,160,64712.0,0.049441638581190266,160,64712.0,4.590000000000032
37470.0,159,5409.0,25.041666666666668,1.8631572556681755,159,64263.0,0.05515728313643392,159,64263.0,4.490000000000009
37475.0,159,5444.0,25.32093023255814,1.6845896157289146,159,64195.0,0.046766355218631116,159,64195.0,0.67999999999995
37480.0,161,5424.0,25.11111111111111,1.6736166350798247,161,63313.0,0.045466494307302506,161,63313.0,8.82000000000005
37485.0,159,5403.0,25.01388888888889,1.6739107769398844,159,62442.0,0.048637941961217464,159,62442.0,8.710000000000036
37490.0,157,5330.0,24.675925925925927,1.686922149070179,157,62602.0,0.04613670502439839,157,62602.0,-1.6000000000000227
37495.0,155,5277.0,24.6588785046729,1.6146815245671498,155,62167.0,0.04748854064129213,155,62167.0,4.350000000000023
37500.0,157,5387.0,25.172897196261683,1.677670188076272,157,61945.0,0.05366848083987559,157,61945.0,2.2199999999999136
37505.0,159,5505.0,25.368663594470046,1.678366967501618,159,61243.0,0.05105335478075127,159,61243.0,7.0200000000000955
37510.0,157,5621.0,25.903225806451612,1.8466293017681101,157,60593.0,0.06032268375224996,157,60593.0,6.5
37515.0,156,5569.0,25.545871559633028,1.7529240116604718,156,61244.0,0.05474093210515841,156,61244.0,-6.510000000000105
37520.0,154,5451.0,25.004587155963304,1.7157321198695583,154,62016.0,0.05316814628619118,154,62016.0,-7.719999999999914
37525.0,151,5449.0,25.22685185185185,1.6333290374810596,151,62652.0,0.055278984518961814,151,62652.0,-6.360000000000014
37530.0,152,5904.0,27.333333333333332,1.724319043150996,152,63190.0,0.05942030510255873,152,63190.0,-5.3799999999999955
37535.0,157,6450.0,29.45205479452055,1.7466555955714946,157,63688.0,0.056457364534101134,157,63688.0,-4.980000000000018
37540.0,158,7061.0,32.38990825688074,1.8417498211031123,158,64327.0,0.06479917047817531,158,64327.0,-6.389999999999986
37545.0,165,7796.0,36.092592592592595,1.6247670832003205,165,64974.0,0.05181441835147487,165,64974.0,-6.470000000000027
37550.0,172,8568.0,39.483870967741936,1.4508353330632802,172,65715.0,0.0460833699049892,172,65715.0,-7.409999999999968
37555.0,172,9383.0,42.84474885844749,1.4697364664169001,171,66529.0,0.04453150946873144,171,66529.0,-8.139999999999986
37560.0,179,10259.0,46.63181818181818,1.346184788324674,179,67374.0,0.033441217875569654,179,67374.0,-8.450000000000045
37565.0,187,11171.0,50.547511312217196,1.1388318867476601,186,68283.0,0.026701254700802445,186,68283.0,-9.090000000000032
37570.0,190,12114.0,55.31506849315068,1.0103769561345046,190,69224.0,0.02092069978542914,190,69224.0,-9.409999999999968
37575.0,192,13069.0,59.404545454545456,1.0796122731077626,192,70166.0,0.02343380362188152,192,70166.0,-9.419999999999959
37580.0,195,14036.0,63.8,0.9836202368181816,193,71097.0,0.016712551851902832,193,71097.0,-9.31000000000006
37585.0,195,14791.0,66.92760180995475,0.9689987764793871,194,71483.0,0.017164912626389677,194,71483.0,-3.8600000000000136
37590.0,188,15391.0,69.32882882882883,1.1127113038052134,188,71312.0,0.023094993278786155,188,71312.0,1.7100000000000364
37595.0,186,15982.0,72.31674208144797,1.214751370287645,186,71118.0,0.0307677205985409,186,71118.0,1.9400000000000546
37600.0,185,16562.0,74.94117647058823,1.3323630618219617,185,70371.0,0.029873192658445014,185,70371.0,7.469999999999914
37605.0,180,17127.0,77.49773755656109,1.6096385362249288,180,69626.0,0.04304475930747919,180,69626.0,7.4500000000000455
37610.0,176,17669.0,80.31363636363636,1.6526798367857773,176,68879.0,0.041661362806827425,176,68879.0,7.470000000000027
37615.0,172,18190.0,83.44036697247707,1.6165895886039487,171,68646.0,0.045765900621037234,171,68646.0,2.3299999999999272
37620.0,168,18688.0,86.11981566820276,1.7217334308062775,168,67886.0,0.052285405319375707,168,67886.0,7.600000000000023
37625.0,163,18758.0,86.8425925925926,1.7275089446619427,163,67752.0,0.051325621721405854,163,67752.0,1.3400000000000318
37630.0,159,18536.0,86.61682242990655,1.7861801319890953,159,66711.0,0.05674450368704056,159,66711.0,10.409999999999968
37635.0,153,18290.0,85.86854460093896,1.9480958033646472,153,65672.0,0.06723108824274444,153,65672.0,10.389999999999986
37640.0,149,17985.0,84.83490566037736,2.014385117026612,149,65857.0,0.06518693390608399,149,65857.0,-1.8500000000000227
37645.0,144,17675.0,84.56937799043062,2.0469916523857914,144,65572.0,0.06805127115561108,144,65572.0,2.8500000000000227
37650.0,142,17434.0,83.8173076923077,2.2183151542844515,142,65344.0,0.07347867793939326,142,65344.0,2.2799999999999727
37655.0,144,17230.0,82.4401913875598,2.0987254117026493,144,66004.0,0.0635897674153494,144,66004.0,-6.599999999999909
37660.0,150,17111.0,81.48095238095237,1.9372996850027855,150,66690.0,0.05759432662628238,150,66690.0,-6.860000000000014
37665.0,150,17076.0,81.70334928229666,1.7414830684381373,150,67280.0,0.047963580567316824,150,67280.0,-5.899999999999977
37670.0,151,16338.0,78.54807692307692,1.7369218661054726,151,67299.0,0.045897102411866605,151,67299.0,-0.19000000000005457
37675.0,153,15153.0,72.15714285714286,1.7284598540862892,153,66602.0,0.046977732493678176,153,66602.0,6.970000000000027
37680.0,150,13964.0,66.4952380952381,1.884657177815666,150,66040.0,0.05357229237581309,150,66040.0,5.6200000000000045
37685.0,146,12722.0,61.16346153846154,1.7112784119059603,146,66665.0,0.04984717295330586,146,66665.0,-6.25
37690.0,146,11640.0,56.231884057971016,1.7495936550148976,146,67233.0,0.05281476408028345,146,67233.0,-5.680000000000064
37695.0,153,11183.0,53.76442307692308,1.7251923690937732,153,67845.0,0.05412135277787195,153,67845.0,-6.1200000000000045
37700.0,162,10782.0,52.08695652173913,1.595142870906247,162,68518.0,0.048155306377134555,162,68518.0,-6.7299999999999045
37705.0,166,10264.0,49.110047846889955,1.4118895141043344,166,68784.0,0.03414201933748305,166,68784.0,-2.660000000000082
37710.0,167,9646.0,45.5,1.4686057953067213,167,68565.0,0.038474381149740854,167,68565.0,2.1900000000000546
37715.0,164,9025.0,42.77251184834123,1.6073132609277059,164,68632.0,0.04515143926073996,164,68632.0,-0.6700000000000728
37720.0,161,8389.0,39.758293838862556,1.6920786433160275,161,68370.0,0.04433479969456678,161,68370.0,2.6200000000000045
37725.0,158,7747.0,36.54245283018868,1.9497640408695536,158,68196.0,0.05847438052217991,158,68196.0,1.740000000000009
37730.0,155,6864.0,32.68571428571428,1.6904472486083801,155,68055.0,0.0467276656697916,155,68055.0,1.4100000000000819
37735.0,152,6055.0,28.833333333333332,1.705898204485934,152,66984.0,0.05263108843201971,152,66984.0,10.709999999999923
37740.0,155,6124.0,28.88679245283019,1.8564861753116497,155,65921.0,0.055916678242503515,155,65921.0,10.629999999999995
37745.0,156,6160.0,29.056603773584907,1.7673256684385845,156,66367.0,0.05165167890659697,156,66367.0,-4.459999999999923
37750.0,155,6167.0,29.089622641509433,1.7621557429759134,155,66544.0,0.049570295492603604,155,66544.0,-1.7700000000000955
37755.0,152,6168.0,28.95774647887324,1.8826737735652779,152,66688.0,0.05699709513498897,152,66688.0,-1.4399999999999409
37760.0,150,6200.0,29.245283018867923,1.9758162896770322,150,66628.0,0.06106270827873828,150,66628.0,0.6000000000000227
37765.0,145,6270.0,29.71563981042654,2.1326058553327036,145,66571.0,0.07165302918780318,145,66571.0,0.5699999999999363
37770.0,142,6185.0,29.312796208530806,2.1301113705817705,141,67142.0,0.06770214810582979,141,67142.0,-5.709999999999923
37775.0,147,6216.0,29.6,1.8910019749293134,146,67796.0,0.05947673736156704,146,67796.0,-6.540000000000077
37780.0,151,6403.0,30.636363636363637,1.7822625369086962,151,68476.0,0.054930218993807754,151,68476.0,-6.7999999999999545
37785.0,151,6311.0,30.052380952380954,1.7330634044715914,151,68492.0,0.04805952235254064,151,68492.0,-0.15999999999996817
37790.0,154,6053.0,28.961722488038276,1.7624373757264302,154,67866.0,0.053049527852983135,154,67866.0,6.259999999999991
37795.0,150,5906.0,28.258373205741627,1.8164432867683855,150,67237.0,0.05918253920128461,150,67237.0,6.289999999999964
37800.0,152,6101.0,29.47342995169082,1.804870502226656,152,65970.0,0.06214223375605577,152,65970.0,12.669999999999959
37805.0,154,6354.0,30.401913875598087,1.858684716345149,154,64713.0,0.06305363797359423,154,64713.0,12.57000000000005
37810.0,157,6436.0,30.64761904761905,1.6994783011816135,157,64544.0,0.057487334579076135,157,64544.0,1.6899999999999409
37815.0,159,6393.0,30.442857142857143,1.5552844134793515,159,63515.0,0.05045328858525976,159,63515.0,10.290000000000077
37820.0,158,6358.0,30.13270142180095,1.6621715112272897,158,62501.0,0.05738844069123019,158,62501.0,10.139999999999986
37825.0,158,6200.0,29.107981220657276,1.6933085418302383,158,63164.0,0.05218026373488927,158,63164.0,-6.6299999999999955
37830.0,156,5946.0,27.91549295774648,1.8273267895150864,156,63711.0,0.05351589837484435,156,63711.0,-5.470000000000027
37835.0,152,5716.0,26.835680751173708,1.8611460884973687,152,64248.0,0.05938487219630779,152,64248.0,-5.3700000000000045
37840.0,152,5635.0,26.455399061032864,1.9798181272749267,152,64750.0,0.06356313725538071,152,64750.0,-5.019999999999982
37845.0,153,5575.0,25.930232558139537,2.054012005082781,153,65315.0,0.06330009909382314,153,65315.0,-5.649999999999977
37850.0,159,5656.0,26.306976744186045,1.9384970223659712,159,65973.0,0.05942899996536347,159,65973.0,-6.580000000000041
37855.0,163,6129.0,28.375,1.6932348981825383,163,66692.0,0.04723001949225825,163,66692.0,-7.189999999999941
37860.0,171,6639.0,30.87906976744186,1.3905382385788378,171,67461.0,0.03440629296633788,171,67461.0,-7.690000000000055
37865.0,176,7180.0,33.24074074074074,1.3198882752134398,176,68257.0,0.03074950774349235,176,68257.0,-7.960000000000036
37870.0,179,7745.0,36.36150234741784,1.1471592384983331,177,69067.0,0.028001579202477356,177,69067.0,-8.099999999999909
37875.0,178,8086.0,37.78504672897196,1.2286061829470352,177,69544.0,0.029551504605665236,177,69544.0,-4.7700000000000955
37880.0,179,8450.0,39.48598130841121,1.1823080249438178,179,69680.0,0.025986472833461328,179,69680.0,-1.3599999999999
37885.0,180,8827.0,40.67741935483871,1.3482578088472101,180,69837.0,0.034418081852666496,180,69837.0,-1.57000000000005
37890.0,177,9196.0,42.18348623853211,1.4913066090972908,177,69857.0,0.03281305360663814,177,69857.0,-0.20000000000004547
37895.0,177,9561.0,43.657534246575345,1.6645961646442367,177,69901.0,0.04261637722531721,177,69901.0,-0.4399999999999409
37900.0,175,9922.0,45.723502304147466,1.6210229379288656,175,69976.0,0.03974641543550587,175,69976.0,-0.75
37905.0,172,10267.0,47.31336405529954,1.6487976956946617,171,70294.0,0.04440238219769218,171,70294.0,-3.1800000000000637
37910.0,168,10590.0,49.25581395348837,1.7082216089109774,168,70362.0,0.05095460304466669,168,70362.0,-0.67999999999995
37915.0,163,10890.0,50.416666666666664,1.829178144198172,163,70649.0,0.05556820933940002,163,70649.0,-2.8700000000000045
37920.0,160,11169.0,52.191588785046726,1.8410405324054753,160,71017.0,0.05628539433282723,160,71017.0,-3.67999999999995
37925.0,153,11122.0,52.21596244131455,1.9379430288814838,153,70835.0,0.06306285724526785,153,70835.0,1.8199999999999363
37930.0,151,10887.0,51.84285714285714,1.9189304110548113,150,69743.0,0.0675603392712938,150,69743.0,10.920000000000073
37935.0,146,10680.0,51.594202898550726,1.969992411856685,145,68650.0,0.07536489927200224,145,68650.0,10.92999999999995
37940.0,144,10432.0,50.640776699029125,2.0252038405444472,143,69322.0,0.07453593290060277,143,69322.0,-6.720000000000027
37945.0,149,10584.0,51.62926829268293,1.8996553426945118,149,70019.0,0.06483173843037571,149,70019.0,-6.970000000000027
37950.0,153,10815.0,52.2463768115942,1.8711407640674296,153,70671.0,0.05715804361376471,153,70671.0,-6.519999999999982
37955.0,152,11031.0,52.7799043062201,1.827982564105392,152,71272.0,0.04969948500531734,152,71272.0,-6.009999999999991
37960.0,157,10859.0,51.95693779904306,1.7728270231246253,157,71204.0,0.047673165436070926,157,71204.0,0.6800000000000637
37965.0,160,10411.0,50.05288461538461,1.631639891037853,160,70372.0,0.04326209970693048,160,70372.0,8.319999999999936
37970.0,160,9966.0,47.457142857142856,1.7638099912019514,160,69547.0,0.04859671539757342,160,69547.0,8.25
37975.0,156,9463.0,45.27751196172249,1.7145892622814387,156,70232.0,0.047121792867618015,156,70232.0,-6.850000000000023
37980.0,153,8931.0,42.73205741626794,1.77897794552313,153,70874.0,0.04617965331045145,153,70874.0,-6.419999999999959
37985.0,155,8459.0,40.66826923076923,1.80120249613075,155,71544.0,0.05380643435988737,155,71544.0,-6.7000000000000455
37990.0,157,8116.0,39.59024390243903,1.6499113327259136,157,72250.0,0.047388757804691733,157,72250.0,-7.059999999999945
37995.0,162,7963.0,38.65533980582524,1.4990660368688984,162,72761.0,0.038693985767962305,162,72761.0,-5.110000000000014
38000.0,163,7681.0,37.286407766990294,1.4276506328506084,163,73044.0,0.0382389162799304,163,73044.0,-2.830000000000041
38005.0,162,7394.0,35.20952380952381,1.5894825391932619,162,73327.0,0.04456161713177453,162,73327.0,-2.8299999999999272
38010.0,159,6993.0,33.45933014354067,1.4774959919331485,159,73262.0,0.038588596563292936,159,73262.0,0.6499999999999773
38015.0,158,6524.0,31.066666666666666,1.5651333707263466,158,72395.0,0.04369075661635427,158,72395.0,8.669999999999959
38020.0,155,6091.0,28.86729857819905,1.7131739915789161,155,71615.0,0.04976277528339094,155,71615.0,7.800000000000068
38025.0,155,5785.0,27.287735849056602,1.6486115278276987,154,72114.0,0.04542968572082575,154,72114.0,-4.990000000000009
38030.0,158,5960.0,28.246445497630333,1.4866593703183233,158,72862.0,0.0405330792859592,158,72862.0,-7.480000000000018
38035.0,159,6144.0,28.845070422535212,1.5007863317236814,159,73095.0,0.04119361691497005,159,73095.0,-2.330000000000041
38040.0,158,6036.0,28.742857142857144,1.3786467307696377,158,72944.0,0.03917290895602543,158,72944.0,1.509999999999991
38045.0,154,5764.0,27.317535545023695,1.4840520360954188,154,71878.0,0.04495538777921034,154,71878.0,10.660000000000082
38050.0,151,5538.0,26.246445497630333,1.6348781199074354,151,70820.0,0.053478100214532996,151,70820.0,10.579999999999927
38055.0,148,5203.0,24.54245283018868,1.58932606107247,148,71461.0,0.04945806674495575,148,71461.0,-6.409999999999968
38060.0,145,4975.0,23.69047619047619,1.6740604223882867,145,72063.0,0.053608633540006854,145,72063.0,-6.019999999999982
38065.0,150,4955.0,23.822115384615383,1.5922750055770143,150,72690.0,0.054510769405205606,150,72690.0,-6.269999999999982
38070.0,155,4826.0,23.09090909090909,1.4349102628345167,155,72590.0,0.043512070006277444,155,72590.0,1.0
38075.0,153,4689.0,22.222748815165875,1.5404132165443927,153,71707.0,0.04481552019398547,153,71707.0,8.829999999999927
38080.0,156,4652.0,21.943396226415093,1.5966372897130998,156,70854.0,0.0483739403151143,156,70854.0,8.530000000000086
38085.0,157,4628.0,21.830188679245282,1.5857675776999565,157,69263.0,0.04959343716271743,157,69263.0,15.909999999999968
38090.0,155,4630.0,21.94312796208531,1.681630762647786,155,67719.0,0.05425651391469181,155,67719.0,15.43999999999994
38095.0,157,4504.0,21.145539906103288,1.5700233632573053,157,68448.0,0.04943602471231516,157,68448.0,-7.289999999999964
38100.0,163,4304.0,20.11214953271028,1.5463675269138688,163,69222.0,0.04207804366218977,163,69222.0,-7.740000000000009
38105.0,166,4235.0,19.789719626168225,1.5600739006590323,166,69718.0,0.04760431889339479,166,69718.0,-4.959999999999923
38110.0,164,4333.0,20.342723004694836,1.5252649539554888,164,69642.0,0.04105285413696193,164,69642.0,0.7599999999999909
38115.0,165,4322.0,20.10232558139535,1.5686542195870024,165,68648.0,0.046135876838433225,165,68648.0,9.93999999999994
38120.0,162,4300.0,20.187793427230048,1.5872823214262073,162,67663.0,0.05106757204939865,162,67663.0,9.850000000000023
38125.0,159,4226.0,19.933962264150942,1.4552527140614275,159,68103.0,0.045993274622768,159,68103.0,-4.399999999999977
38130.0,156,4118.0,19.51658767772512,1.577962289315418,156,68229.0,0.04931443189015997,156,68229.0,-1.259999999999991
38135.0,152,4052.0,19.203791469194314,1.6918236249377232,152,68348.0,0.05653051502923068,152,68348.0,-1.1900000000000546
38140.0,153,4142.0,19.818181818181817,1.7223651353964344,153,68156.0,0.05816624807061156,153,68156.0,1.9200000000000728
38145.0,157,4011.0,19.009478672985782,1.5742182999668195,157,68886.0,0.05105961724190891,157,68886.0,-7.300000000000068
38150.0,155,3811.0,18.061611374407583,1.5319726053082956,155,69518.0,0.04494001174104257,155,69518.0,-6.319999999999936
38155.0,153,3807.0,17.95754716981132,1.5599218446220011,153,70055.0,0.04848918727567825,153,70055.0,-5.3700000000000045
38160.0,153,3760.0,17.652582159624412,1.643263335113888,153,69934.0,0.05081346778918006,153,69934.0,1.2099999999999227
38165.0,156,3815.0,17.827102803738317,1.5351722938998054,156,69018.0,0.04657997167434526,156,69018.0,9.160000000000082
38170.0,154,3877.0,18.2018779342723,1.6380666396703334,154,68184.0,0.054392641100214245,154,68184.0,8.339999999999918
38175.0,157,4012.0,18.835680751173708,1.4964598503065631,157,68795.0,0.04900464202763908,157,68795.0,-6.110000000000014
38180.0,161,4348.0,20.22325581395349,1.5810575376111657,161,69361.0,0.04857174589094112,161,69361.0,-5.659999999999968
38185.0,161,4715.0,22.03271028037383,1.519834692746165,161,69970.0,0.04956846688433127,161,69970.0,-6.090000000000032
38190.0,163,5110.0,23.767441860465116,1.5447635828387514,163,69944.0,0.04523976286464988,163,69944.0,0.2599999999999909
38195.0,170,5549.0,25.454128440366972,1.4967247152563568,170,69193.0,0.04052442015618,170,69193.0,7.510000000000105
38200.0,174,6011.0,27.447488584474886,1.4430005758628892,174,68490.0,0.03875012964810168,174,68490.0,7.029999999999973
38205.0,170,6472.0,29.82488479262673,1.4691099102721237,170,67021.0,0.043057101214960515,170,67021.0,14.68999999999994
38210.0,167,6858.0,31.458715596330276,1.4985333756701222,167,67728.0,0.04107715831415526,167,67728.0,-7.069999999999936
38215.0,165,7196.0,33.31481481481482,1.40765167155793,165,68365.0,0.043634724791645624,165,68365.0,-6.3700000000000045
38220.0,165,7647.0,35.07798165137615,1.6091173249464426,165,69015.0,0.049481957431292516,165,69015.0,-6.5
38225.0,168,7920.0,36.16438356164384,1.5575793254877,167,68851.0,0.040979111497619264,167,68851.0,1.6399999999999864
38230.0,173,8196.0,37.596330275229356,1.4447554104176341,173,69614.0,0.03333638191355524,173,69614.0,-7.6299999999999955
38235.0,173,8475.0,39.236111111111114,1.371511529415704,173,68603.0,0.0363132027016623,173,68603.0,10.110000000000014
38240.0,169,8742.0,40.47222222222222,1.4569348011926597,169,66706.0,0.04025526529916982,169,66706.0,18.970000000000027
38245.0,165,8689.0,39.857798165137616,1.5968749253269852,165,67063.0,0.04300122448063259,165,67063.0,-3.57000000000005
38250.0,163,8424.0,38.465753424657535,1.6864527961568785,163,67013.0,0.045391194877438805,163,67013.0,0.5
38255.0,160,8199.0,37.958333333333336,1.749239858199937,160,66947.0,0.0495506321936096,160,66947.0,0.6599999999999682
38260.0,161,7993.0,37.350467289719624,1.7681519355611957,161,66544.0,0.05224795179680531,161,66544.0,4.029999999999973
38265.0,161,7788.0,36.39252336448598,1.7464476437127918,161,66165.0,0.05347543384457332,161,66165.0,3.7900000000000773
38270.0,159,7579.0,36.09047619047619,1.6878581028255515,159,65789.0,0.05376213608996261,159,65789.0,3.759999999999991
38275.0,156,7260.0,34.24528301886792,1.6100111845076124,155,65623.0,0.04993883307107022,155,65623.0,1.6599999999999682
38280.0,151,6860.0,32.20657276995305,1.799741937245875,151,64548.0,0.059771378100052286,151,64548.0,10.75
38285.0,148,6442.0,30.102803738317757,1.9499207697350833,148,63480.0,0.06699819292066454,148,63480.0,10.680000000000064
38290.0,146,5950.0,27.934272300469484,1.9534400669598078,146,64080.0,0.06355748785721199,146,64080.0,-6.0
38295.0,147,5706.0,26.66355140186916,2.0163398569084525,147,64681.0,0.06168894552108691,147,64681.0,-6.009999999999991
38300.0,147,5638.0,26.72037914691943,1.9983517735077236,147,65202.0,0.06602685752279892,147,65202.0,-5.210000000000036
38305.0,150,5665.0,26.721698113207548,1.896091989818572,150,65511.0,0.058440460951080846,150,65511.0,-3.090000000000032
38310.0,153,5774.0,26.981308411214954,1.975549749752821,153,65440.0,0.06000465130894544,153,65440.0,0.7100000000000364
38315.0,156,6253.0,28.81566820276498,1.9901030835863294,156,65396.0,0.05906639679433818,156,65396.0,0.4399999999999409
38320.0,160,6748.0,31.24074074074074,1.934601172322101,160,64997.0,0.05598787429312471,160,64997.0,3.990000000000009
38325.0,160,7250.0,33.56481481481482,1.8452244731583236,160,64622.0,0.05544510959442743,160,64622.0,3.75
38330.0,157,7629.0,35.48372093023256,1.7979792058751287,157,64502.0,0.054165280238133016,157,64502.0,1.2000000000000455
38335.0,153,7920.0,37.183098591549296,1.6413378376513363,153,63488.0,0.05332369796386083,153,63488.0,10.139999999999986
38340.0,152,8264.0,38.9811320754717,1.8535664756818317,152,62484.0,0.06356693120879393,152,62484.0,10.039999999999964
38345.0,153,8560.0,40.18779342723005,1.7355550110387399,153,63118.0,0.052222185754675327,153,63118.0,-6.339999999999918
38350.0,157,8785.0,40.86046511627907,1.7874898288836252,157,63681.0,0.05250133175496134,157,63681.0,-5.6299999999999955
38355.0,154,9019.0,41.754629629629626,1.8269688039961791,154,64248.0,0.05713061969566281,154,64248.0,-5.670000000000073
38360.0,155,9440.0,43.50230414746544,1.8986899955028975,155,64775.0,0.05961029532306036,155,64775.0,-5.269999999999982
38365.0,158,9510.0,43.42465753424658,1.8338139281485935,158,64630.0,0.055835906156109734,158,64630.0,1.4500000000000455
38370.0,161,9326.0,42.39090909090909,1.808017583804153,161,63591.0,0.05042410689406259,161,63591.0,10.389999999999986
38375.0,162,9161.0,41.8310502283105,1.8172475519466635,162,62582.0,0.05130715193401108,162,62582.0,10.089999999999918
38380.0,163,8896.0,40.80733944954128,1.72109066077575,163,62512.0,0.04346916234110071,163,62512.0,0.7000000000000455
38385.0,162,8560.0,39.629629629629626,1.5763644465875257,162,61590.0,0.039049167561984115,162,61590.0,9.220000000000027
38390.0,160,8217.0,38.57746478873239,1.5911787267147637,160,60686.0,0.04624518164154466,160,60686.0,9.039999999999964
38395.0,157,7873.0,36.78971962616822,1.5696521563610308,157,60588.0,0.046240593606857144,157,60588.0,0.9800000000000182
38400.0,160,7638.0,35.361111111111114,1.5593860790535576,160,60558.0,0.04024189810738007,160,60558.0,0.2999999999999545
38405.0,162,7410.0,33.68181818181818,1.5694081914187337,162,60554.0,0.04098115390750103,162,60554.0,0.04000000000007731
38410.0,161,6947.0,31.577272727272728,1.525967719781387,161,60901.0,0.03925654059211454,161,60901.0,-3.4700000000000273
38415.0,161,6322.0,28.736363636363638,1.3769533489036876,161,61249.0,0.03647307468872483,161,61249.0,-3.480000000000018
38420.0,159,5697.0,26.13302752293578,1.4019521295478576,159,61291.0,0.042365054382269424,159,61291.0,-0.4199999999999591
38425.0,154,4906.0,22.504587155963304,1.4316745325856723,154,61950.0,0.04336268378388762,154,61950.0,-6.590000000000032
38430.0,151,4168.0,19.386046511627907,1.3882872360987382,151,62599.0,0.04538643138647813,151,62599.0,-6.490000000000009
38435.0,152,4038.0,18.869158878504674,1.2735187655928044,152,63253.0,0.042724237494821994,152,63253.0,-6.539999999999964
38440.0,154,3975.0,18.40277777777778,1.3414430765409253,154,63138.0,0.0435141251837304,154,63138.0,1.1499999999999773
38445.0,156,3924.0,18.166666666666668,1.2213357444554418,156,63038.0,0.03787810372055856,156,63038.0,1.0
38450.0,163,4019.0,18.52073732718894,1.1837995592637518,163,62965.0,0.034807550902744844,163,62965.0,0.7300000000000182
38455.0,167,4059.0,18.619266055045873,1.0526890554087205,167,63387.0,0.03135641944513299,167,63387.0,-4.220000000000027
38460.0,164,4068.0,18.660550458715598,1.1320441036300388,164,63403.0,0.035069956684699484,164,63403.0,-0.15999999999996817
38465.0,166,4125.0,18.665158371040725,1.2580626729264415,166,63425.0,0.04029192389645072,166,63425.0,-0.22000000000002728
38470.0,167,4264.0,19.207207207207208,1.3745400790350277,167,63083.0,0.04133122032376048,167,63083.0,3.419999999999959
38475.0,167,4496.0,20.34389140271493,1.448567679909822,167,62762.0,0.05276492658569011,167,62762.0,3.2100000000000364
38480.0,168,4836.0,21.88235294117647,1.3727566886414762,168,63583.0,0.042282277319916586,168,63583.0,-8.210000000000036
38485.0,174,5118.0,22.95067264573991,1.3365861827023122,174,64427.0,0.03771419564823258,174,64427.0,-8.43999999999994
38490.0,173,5374.0,24.207207207207208,1.2787034173719711,173,64994.0,0.03757774652057325,173,64994.0,-5.670000000000073
38495.0,170,5681.0,25.475336322869953,1.4202288140532897,170,65595.0,0.04394966683381371,170,65595.0,-6.009999999999991
38500.0,166,6109.0,27.642533936651585,1.4515331594771286,166,66202.0,0.0544260902979014,166,66202.0,-6.069999999999936
38505.0,163,6591.0,29.823529411764707,1.578249908505964,163,66708.0,0.05623968760322587,163,66708.0,-5.060000000000059
38510.0,168,7271.0,32.752252252252255,1.6713221693952844,168,67286.0,0.053405931211431446,168,67286.0,-5.779999999999973
38515.0,176,7981.0,35.629464285714285,1.5873857233117632,175,67935.0,0.04946339306130973,175,67935.0,-6.490000000000009
38520.0,178,8744.0,39.210762331838566,1.500379290399721,177,68671.0,0.04787853959318468,177,68671.0,-7.360000000000014
38525.0,185,9640.0,43.228699551569505,1.287139973265963,183,69450.0,0.03400425950526796,183,69450.0,-7.789999999999964
38530.0,188,10556.0,47.549549549549546,1.1227180128930323,188,70287.0,0.027430925558834196,188,70287.0,-8.370000000000005
38535.0,193,11502.0,51.348214285714285,1.1240494944889199,191,71152.0,0.021800733215113766,191,71152.0,-8.649999999999977
38540.0,190,12271.0,55.27477477477478,1.037856233926196,190,71621.0,0.019293878264960238,190,71621.0,-4.690000000000055
38545.0,187,12909.0,58.148648648648646,1.1815350564350495,187,71650.0,0.027965094715210012,187,71650.0,-0.2899999999999636
38550.0,185,13529.0,60.66816143497758,1.3034957592534424,185,71631.0,0.027813611504689046,185,71631.0,0.19000000000005457
38555.0,184,14139.0,63.120535714285715,1.227558019435673,183,72460.0,0.025805890529291386,183,72460.0,-8.290000000000077
38560.0,184,14756.0,66.46846846846847,1.1414709083420733,184,73277.0,0.025582322773859734,184,73277.0,-8.169999999999959
38565.0,188,15384.0,69.29729729729729,1.0712112255713744,188,74098.0,0.022695147589548183,188,74098.0,-8.210000000000036
38570.0,187,16022.0,72.49773755656109,1.1330664314984118,187,74916.0,0.023068653495586906,187,74916.0,-8.17999999999995
38575.0,187,16652.0,75.69090909090909,1.1828601888351546,187,75734.0,0.026750727035215482,187,75734.0,-8.180000000000064
38580.0,186,17286.0,78.93150684931507,1.1631755975341656,186,76540.0,0.024146572321918993,186,76540.0,-8.059999999999945
38585.0,183,17522.0,80.74654377880184,1.1252639988570539,183,76468.0,0.02274074180962761,183,76468.0,0.7200000000000273
38590.0,180,17475.0,80.52995391705069,1.1623215142665602,179,76376.0,0.025710835480172046,179,76376.0,0.9199999999999591
38595.0,175,17411.0,80.60648148148148,1.1718121246286584,175,76277.0,0.030199238631908758,175,76277.0,0.9900000000000091
38600.0,171,17239.0,80.18139534883721,1.19551699705266,171,76584.0,0.02791627906917664,171,76584.0,-3.07000000000005
38605.0,167,17034.0,78.86111111111111,1.3558077727057596,167,76409.0,0.03501046406247175,167,76409.0,1.75
38610.0,168,16986.0,79.37383177570094,1.3684056652430927,168,76233.0,0.03602847030777613,168,76233.0,1.759999999999991
38615.0,168,16940.0,78.79069767441861,1.4378777081116478,168,75673.0,0.037983145323332385,168,75673.0,5.600000000000023
38620.0,165,16883.0,78.52558139534884,1.6252689051498612,165,75124.0,0.0472489894565989,165,75124.0,5.490000000000009
38625.0,163,16737.0,77.84651162790698,1.5946828183002602,163,75844.0,0.04370348396045217,163,75844.0,-7.2000000000000455
38630.0,164,16658.0,78.9478672985782,1.4618822979909303,164,76534.0,0.03911543715300114,164,76534.0,-6.899999999999977
38635.0,161,16566.0,78.88571428571429,1.4797403390200985,161,77219.0,0.042848569769821286,161,77219.0,-6.850000000000023
38640.0,162,15797.0,75.58373205741627,1.462493647710485,162,77035.0,0.04358368838170371,162,77035.0,1.8400000000000318
38645.0,157,14552.0,69.29523809523809,1.558104972738207,157,75944.0,0.045360734554875035,157,75944.0,10.909999999999968
38650.0,154,13417.0,64.81642512077295,1.5951860369123383,154,74854.0,0.05479717618810438,154,74854.0,10.900000000000091
38655.0,154,12754.0,61.31730769230769,1.5662823194060205,154,75517.0,0.05133698495898935,154,75517.0,-6.6299999999999955
38660.0,156,12121.0,58.27403846153846,1.6223314803351114,156,76180.0,0.051802223412914704,156,76180.0,-6.6299999999999955
38665.0,161,11603.0,55.516746411483254,1.67098546507352,161,76887.0,0.05123065294945816,161,76887.0,-7.07000000000005
38670.0,165,11222.0,54.21256038647343,1.4712302392877954,165,76752.0,0.04271842089643657,165,76752.0,1.3500000000000227
38675.0,166,10817.0,52.00480769230769,1.4275721646171804,166,75736.0,0.03970568171619748,166,75736.0,10.159999999999968
38680.0,165,10413.0,50.30434782608695,1.4244537810785314,165,74804.0,0.041791520474600816,165,74804.0,9.32000000000005
38685.0,162,9743.0,46.84134615384615,1.4115067097174174,162,74719.0,0.037959763041357376,162,74719.0,0.849999999999909
38690.0,159,8887.0,42.72596153846154,1.4858054015554474,159,73758.0,0.04061632332298986,159,73758.0,9.610000000000014
38695.0,157,8017.0,38.17619047619048,1.657550657568336,157,72767.0,0.050796210803198794,157,72767.0,9.910000000000082
38700.0,152,7130.0,33.95238095238095,1.7672561529455828,152,70889.0,0.050566993556628075,152,70889.0,18.779999999999973
38705.0,151,6467.0,30.649289099526065,1.866897026622248,151,69000.0,0.05707704088390018,151,69000.0,18.889999999999986
38710.0,155,6734.0,32.06666666666667,1.8076577892624828,155,67151.0,0.05871050281966442,155,67151.0,18.49000000000001
38715.0,155,7008.0,33.5311004784689,1.6717659269563607,155,66266.0,0.0568856037605334,155,66266.0,8.850000000000023
38720.0,152,7274.0,34.97115384615385,1.7552360250743166,152,64664.0,0.06509010955098786,152,64664.0,16.019999999999982
38725.0,148,7516.0,35.961722488038276,1.8661124961990467,148,63929.0,0.07002814651432625,148,63929.0,7.350000000000023
38730.0,144,7569.0,36.21531100478469,1.8639637528366892,144,64599.0,0.06747053065759832,144,64599.0,-6.7000000000000455
38735.0,141,7708.0,36.880382775119614,1.91534757270441,141,65187.0,0.07121339632892032,141,65187.0,-5.8799999999999955
38740.0,147,8002.0,38.28708133971292,2.02143884136273,145,65864.0,0.07346009781060432,145,65864.0,-6.769999999999982
38745.0,150,8311.0,39.388625592417064,1.9098672595995885,150,66546.0,0.06553072497857645,150,66546.0,-6.82000000000005
38750.0,156,8359.0,39.429245283018865,1.826562909500136,154,66768.0,0.0588187208159215,154,66768.0,-2.2199999999999136
38755.0,155,8494.0,40.06603773584906,1.9071115240389853,154,66507.0,0.062158472637622565,154,66507.0,2.6099999999999
38760.0,156,8641.0,40.95260663507109,1.9299791607514745,156,66324.0,0.05927028470282146,156,66324.0,1.830000000000041
38765.0,155,8796.0,41.687203791469194,1.897658677749436,155,65716.0,0.05466150318688077,155,65716.0,6.080000000000041
38770.0,158,8906.0,42.40952380952381,1.769574310949674,158,66469.0,0.04260697660414962,158,66469.0,-7.530000000000086
38775.0,161,9072.0,42.79245283018868,1.8543252888571418,160,67225.0,0.041993246080570784,160,67225.0,-7.559999999999945
38780.0,164,9261.0,43.68396226415094,1.803577650305381,164,67996.0,0.040975918026826756,164,67996.0,-7.710000000000036
38785.0,164,9459.0,44.40845070422535,1.855323177764212,164,68773.0,0.04314461852491233,164,68773.0,-7.769999999999982
38790.0,165,9602.0,44.86915887850467,1.8025695503539925,165,69102.0,0.04034446959346699,165,69102.0,-3.2899999999999636
38795.0,161,9694.0,45.51173708920188,1.8468625859853203,161,68954.0,0.04717058457173428,161,68954.0,1.4800000000000182
38800.0,159,9770.0,46.97115384615385,1.7607976062127937,159,68963.0,0.04978800669256553,159,68963.0,-0.09000000000003183
38805.0,156,9838.0,47.52657004830918,1.7790732266658023,156,68597.0,0.05439003720318788,156,68597.0,3.659999999999968
38810.0,152,9938.0,47.77884615384615,1.9551165563334096,152,68603.0,0.06055662313048807,152,68603.0,-0.05999999999994543
38815.0,150,10169.0,49.604878048780485,2.026047430670809,150,68246.0,0.06710489956919578,150,68246.0,3.5699999999999363
38820.0,154,10824.0,52.8,1.9038120659248507,154,67909.0,0.06479399398771746,154,67909.0,3.3700000000000045
38825.0,158,11400.0,54.80769230769231,1.7083910725771974,156,68657.0,0.05248008545981352,156,68657.0,-7.480000000000018
38830.0,161,12066.0,57.457142857142856,1.7668180221424326,161,69430.0,0.05225149259790428,161,69430.0,-7.7299999999999045
38835.0,163,12766.0,60.502369668246445,1.6837588405743962,163,70176.0,0.04799807795194278,163,70176.0,-7.460000000000036
38840.0,161,12955.0,61.69047619047619,1.6556576954533138,161,70080.0,0.04761706707984715,161,70080.0,0.9600000000000364
38845.0,163,12883.0,60.7688679245283,1.707598442832001,163,69091.0,0.05262674714200728,163,69091.0,9.889999999999986
38850.0,160,12837.0,61.128571428571426,1.7635910696627617,160,68143.0,0.05789119432999171,160,68143.0,9.480000000000018
38855.0,156,12819.0,61.042857142857144,1.9236279461067871,156,66313.0,0.06356857633985455,156,66313.0,18.299999999999955
38860.0,157,12827.0,61.66826923076923,1.9244660949855272,157,64497.0,0.06748027831332437,157,64497.0,18.159999999999968
38865.0,158,12837.0,61.421052631578945,1.8190696917337752,158,62707.0,0.06543246888263991,158,62707.0,17.899999999999977
38870.0,158,12851.0,62.08212560386473,1.6865511988677917,158,61914.0,0.06068140825771431,158,61914.0,7.930000000000064
38875.0,159,12441.0,59.8125,1.593055114576294,159,61846.0,0.05223007658878813,159,61846.0,0.67999999999995
38880.0,156,11732.0,56.67632850241546,1.6890249526374528,156,60905.0,0.05698382158273984,156,60905.0,9.410000000000082
38885.0,153,11005.0,52.655502392344495,1.8243503455472168,153,60037.0,0.06547756401570785,153,60037.0,8.67999999999995
38890.0,150,10072.0,48.19138755980861,1.8685068012115988,150,60372.0,0.06508748963385172,150,60372.0,-3.3500000000000227
38895.0,147,8992.0,42.61611374407583,1.9515454111795405,147,61109.0,0.059208421364183396,147,61109.0,-7.3700000000000045
38900.0,144,7901.0,37.62380952380953,2.0874509362341973,144,60991.0,0.06642326706907326,144,60991.0,1.1800000000000637
38905.0,145,6882.0,32.4622641509434,1.9889255069172513,145,60951.0,0.059242058420571,145,60951.0,0.39999999999997726
38910.0,145,6405.0,30.070422535211268,2.0582822479755025,145,60179.0,0.060627000345134636,145,60179.0,7.720000000000027
38915.0,149,5938.0,27.747663551401867,1.9466255969173263,149,59437.0,0.059723349942927585,149,59437.0,7.419999999999959
38920.0,151,5252.0,24.427906976744186,1.766262838714576,151,60062.0,0.046410448613844975,151,60062.0,-6.25
38925.0,150,4460.0,20.74418604651163,1.7672560704444809,150,60597.0,0.04746247844066197,150,60597.0,-5.350000000000023
38930.0,146,3882.0,18.31132075471698,1.8401359925443745,146,61147.0,0.05806921739777961,146,61147.0,-5.5
38935.0,147,3546.0,16.72641509433962,1.801418211930432,147,61649.0,0.058523918349330566,147,61649.0,-5.019999999999982
38940.0,148,3287.0,15.578199052132701,1.7205010332612587,148,61934.0,0.05540252268477681,148,61934.0,-2.8500000000000227
38945.0,155,3435.0,16.202830188679247,1.5354258689907485,155,61810.0,0.04822596147484127,155,61810.0,1.240000000000009
38950.0,157,3658.0,17.254716981132077,1.5405939850774757,157,61705.0,0.048180872061768396,157,61705.0,1.0500000000000682
38955.0,158,3960.0,18.41860465116279,1.6076161249885925,158,61174.0,0.046294315370716654,158,61174.0,5.309999999999945
38960.0,158,4468.0,20.495412844036696,1.8066736577529867,158,60769.0,0.0574584105488804,158,60769.0,4.0499999999999545
38965.0,163,4979.0,22.735159817351597,1.5527534335364686,163,61575.0,0.04317033978801161,163,61575.0,-8.059999999999945
38970.0,171,5510.0,25.045454545454547,1.51546020457192,171,62416.0,0.04121635179104521,171,62416.0,-8.409999999999968
38975.0,174,6125.0,27.968036529680365,1.3620897421188678,174,63189.0,0.03742016294464671,174,63189.0,-7.730000000000018
38980.0,175,6773.0,30.786363636363635,1.4142591131594626,175,63904.0,0.03913058696658625,175,63904.0,-7.149999999999977
38985.0,172,7135.0,32.13963963963964,1.4748548440140683,172,63905.0,0.04314893904616339,172,63905.0,-0.009999999999990905
38990.0,175,7346.0,33.23981900452489,1.3612316189417524,175,63918.0,0.03964891349960511,175,63918.0,-0.12999999999999545
38995.0,173,7560.0,34.52054794520548,1.3796603185879648,173,63934.0,0.044047795204241916,173,63934.0,-0.16000000000008185
39000.0,170,7516.0,34.63594470046083,1.303792735236963,170,63986.0,0.042754663164619094,170,63986.0,-0.5199999999999818
39005.0,166,7332.0,33.78801843317972,1.2793208108183196,166,64022.0,0.04023802612471541,166,64022.0,-0.36000000000001364
39010.0,167,7287.0,33.89302325581395,1.2929144720220813,167,63256.0,0.04258388097874569,167,63256.0,7.660000000000082
39015.0,168,7242.0,33.52777777777778,1.2333626150667896,168,62568.0,0.04611990015293405,168,62568.0,6.8799999999999955
39020.0,167,7199.0,33.175115207373274,1.3109314878281215,167,61141.0,0.04304200674613192,167,61141.0,14.269999999999982
39025.0,164,7024.0,32.073059360730596,1.3777722241637014,164,61855.0,0.0397428228679405,164,61855.0,-7.139999999999986
39030.0,161,6754.0,31.12442396313364,1.420635289283227,161,62474.0,0.04478432541358668,161,62474.0,-6.190000000000055
39035.0,160,6511.0,30.004608294930875,1.464121822964164,160,63106.0,0.05034459603816203,160,63106.0,-6.319999999999936
39040.0,158,6410.0,29.40366972477064,1.6700598365670698,158,63699.0,0.05348499557856627,158,63699.0,-5.930000000000064
39045.0,161,6192.0,28.273972602739725,1.6004674750886387,161,63624.0,0.04708272490369493,161,63624.0,0.75
39050.0,166,6012.0,27.327272727272728,1.473052520621949,166,64441.0,0.03566461827330007,166,64441.0,-8.169999999999959
39055.0,165,6196.0,28.036199095022624,1.509369818024979,165,63639.0,0.03779575759787405,165,63639.0,8.019999999999982
39060.0,166,6342.0,28.827272727272728,1.5321467970378386,166,64412.0,0.040801610328421146,166,64412.0,-7.730000000000018
39065.0,165,6556.0,29.8,1.4593475736040358,165,65141.0,0.04063969766090321,165,65141.0,-7.289999999999964
39070.0,169,7142.0,32.76146788990825,1.509959804891864,169,65901.0,0.04660091244760939,169,65901.0,-7.600000000000023
39075.0,175,7612.0,34.6,1.3603319718874238,175,65962.0,0.033294008029266554,175,65962.0,-0.6100000000000136
39080.0,176,8001.0,36.87096774193548,1.2312499852956078,176,65251.0,0.02937272350075981,176,65251.0,7.110000000000014
39085.0,174,8387.0,38.8287037037037,1.2532988791252535,174,64539.0,0.035334207908066066,174,64539.0,7.1200000000000045
39090.0,171,8758.0,40.5462962962963,1.3340053860966934,171,63121.0,0.03701274668530583,171,63121.0,14.17999999999995
39095.0,167,9109.0,41.97695852534562,1.5275883013536657,167,61749.0,0.04738093409052481,167,61749.0,13.720000000000027
39100.0,165,9444.0,43.72222222222222,1.5577579551622347,165,60396.0,0.05202115721689142,165,60396.0,13.529999999999973
39105.0,159,9343.0,43.055299539170505,1.5221221570822692,159,61203.0,0.04736084335828379,159,61203.0,-8.069999999999936
39110.0,163,9010.0,41.330275229357795,1.5764653170057716,163,62009.0,0.045038489249046174,163,62009.0,-8.06000000000006
39115.0,166,8863.0,40.470319634703195,1.5971772081731346,166,62312.0,0.04331539641593178,166,62312.0,-3.0299999999999727
39120.0,164,8660.0,39.90783410138249,1.5172875425259509,164,62402.0,0.04276251829725743,164,62402.0,-0.8999999999999773
39125.0,162,8415.0,38.42465753424658,1.6048975127539065,162,61759.0,0.04760949756489837,162,61759.0,6.42999999999995
39130.0,159,8160.0,37.95348837209303,1.7021037580396405,159,61086.0,0.05751353968877939,159,61086.0,6.730000000000018
39135.0,155,7730.0,36.291079812206576,1.549592058163885,155,61768.0,0.04811466753395122,155,61768.0,-6.819999999999936
39140.0,151,7294.0,34.405660377358494,1.7229054622328108,151,62364.0,0.0559416419197921,151,62364.0,-5.960000000000036
39145.0,153,7157.0,33.91943127962085,1.6731160486244347,153,62974.0,0.05754239003952811,153,62974.0,-6.100000000000023
39150.0,158,6852.0,32.320754716981135,1.5154155374532645,158,62866.0,0.04654957828733291,158,62866.0,1.080000000000041
39155.0,163,6393.0,29.873831775700936,1.2813537854676322,163,62788.0,0.02880682237378294,163,62788.0,0.7799999999999727
39160.0,161,5945.0,27.651162790697676,1.4267129974027948,161,62726.0,0.03680237871165074,161,62726.0,0.6200000000000045
39165.0,157,5529.0,25.83644859813084,1.4859972877193903,157,61001.0,0.04480494003131692,157,61001.0,17.25
39170.0,156,5196.0,24.2803738317757,1.4161453704039708,156,61708.0,0.044965656982093496,156,61708.0,-7.07000000000005
39175.0,154,5337.0,24.939252336448597,1.493496636899167,154,62357.0,0.04831349032438478,154,62357.0,-6.490000000000009
39180.0,158,5596.0,26.272300469483568,1.579651681615879,158,63034.0,0.0508427614566735,158,63034.0,-6.769999999999982
39185.0,166,5948.0,27.794392523364486,1.4359425644215988,166,63766.0,0.0425063367129409,166,63766.0,-7.319999999999936
39190.0,173,6346.0,29.516279069767442,1.3689480106035379,173,64594.0,0.03777722059420308,173,64594.0,-8.280000000000086
39195.0,173,6679.0,30.77880184331797,1.3135583101956916,173,65457.0,0.03459556594646549,173,65457.0,-8.629999999999995
39200.0,170,6946.0,31.862385321100916,1.32438803134714,170,65447.0,0.03255632076388514,170,65447.0,0.10000000000002274
39205.0,168,7200.0,33.027522935779814,1.3274772808461637,168,64653.0,0.03520497979877565,168,64653.0,7.940000000000055
39210.0,167,7184.0,33.413953488372094,1.2675738396526606,167,64874.0,0.03773091129058495,167,64874.0,-2.2100000000000364
39215.0,163,7073.0,32.89767441860465,1.3773129260463834,163,64541.0,0.042328764405562214,163,64541.0,3.330000000000041
39220.0,164,7317.0,33.71889400921659,1.5365090122050973,164,64204.0,0.0439792646253101,164,64204.0,3.3700000000000045
39225.0,166,7576.0,34.91244239631337,1.5931987848675657,166,63317.0,0.04399389842374455,166,63317.0,8.870000000000005
39230.0,167,7837.0,35.78538812785388,1.7152893219773102,167,62448.0,0.048246611821557324,167,62448.0,8.68999999999994
39235.0,163,8087.0,36.75909090909091,1.7723497583275498,163,61656.0,0.04745399109928598,163,61656.0,7.920000000000073
39240.0,162,8326.0,37.845454545454544,1.801710327896198,161,61428.0,0.05021093634821326,161,61428.0,2.2799999999999727
39245.0,158,8551.0,39.22477064220183,1.8322382802765764,158,60748.0,0.05633240068265462,158,60748.0,6.7999999999999545
39250.0,154,8755.0,40.91121495327103,1.8384942297740914,154,60577.0,0.06130723769433299,154,60577.0,1.7100000000000364
39255.0,150,8938.0,41.96244131455399,1.8803681258967164,150,60392.0,0.06378719184048695,150,60392.0,1.8500000000000227
39260.0,145,8768.0,41.952153110047846,1.8552745118139025,145,60405.0,0.06616986574521118,145,60405.0,-0.12999999999999545
39265.0,145,8425.0,40.11904761904762,1.9371223095283578,144,59699.0,0.0711092742191291,144,59699.0,7.059999999999945
39270.0,147,8082.0,38.66985645933014,2.043366351743713,146,58991.0,0.07127902120788705,146,58991.0,7.080000000000041
39275.0,144,7822.0,37.24761904761905,2.0953231842544757,142,57609.0,0.07642283622111719,142,57609.0,13.819999999999936
39280.0,148,7677.0,36.38388625592417,2.0596780570819617,147,58324.0,0.07292549049366759,147,58324.0,-7.149999999999977
39285.0,152,7563.0,36.01428571428571,1.7912902913490738,151,58989.0,0.06275491734855189,151,58989.0,-6.649999999999977
39290.0,152,7638.0,36.371428571428574,1.8282322925932493,151,59576.0,0.05880837923115628,151,59576.0,-5.8700000000000045
39295.0,152,7485.0,35.813397129186605,1.7763042756168133,152,59466.0,0.05638143001614042,152,59466.0,1.1000000000000227
39300.0,158,7206.0,34.31428571428572,1.763818171805849,158,59397.0,0.05003796800469847,158,59397.0,0.6899999999999409
39305.0,158,6938.0,33.03809523809524,1.7457616743693616,158,59324.0,0.04569839076607551,158,59324.0,0.7300000000000182
39310.0,156,6619.0,31.51904761904762,1.7856902383956936,156,60031.0,0.04729959071689787,156,60031.0,-7.069999999999936
39315.0,152,6254.0,29.639810426540283,1.7662241035448079,152,60665.0,0.04866125064454173,152,60665.0,-6.340000000000032
39320.0,152,5970.0,28.29383886255924,1.9117900509133783,152,61319.0,0.05791406127625351,152,61319.0,-6.540000000000077
39325.0,155,5744.0,26.96713615023474,1.826882345576843,155,61562.0,0.049268836373926025,155,61562.0,-2.42999999999995
39330.0,160,5872.0,27.568075117370892,1.6749935441414936,160,61330.0,0.043110001903875275,160,61330.0,2.32000000000005
39335.0,162,6015.0,27.976744186046513,1.6315807970308656,162,61113.0,0.04282628519077137,162,61113.0,2.169999999999959
39340.0,161,6159.0,28.91549295774648,1.6067105363552232,161,60422.0,0.044945627299502716,161,60422.0,6.909999999999968
39345.0,159,6295.0,29.693396226415093,1.514023156514942,159,59887.0,0.04784056549269125,159,59887.0,5.350000000000023
39350.0,157,6349.0,29.94811320754717,1.4873438855489258,157,60609.0,0.047167932287074665,157,60609.0,-7.220000000000027
39355.0,157,6354.0,29.416666666666668,1.5230475751399795,157,61278.0,0.04999623675643173,157,61278.0,-6.689999999999941
39360.0,159,6566.0,30.258064516129032,1.7012068026184248,159,61958.0,0.05584840490613588,159,61958.0,-6.800000000000068
39365.0,165,6836.0,31.072727272727274,1.6419639491298534,165,62166.0,0.042217751061940346,165,62166.0,-2.0799999999999272
39370.0,170,6927.0,31.63013698630137,1.5975170069388105,170,61837.0,0.03956662590204793,170,61837.0,3.2899999999999636
39375.0,168,7022.0,32.06392694063927,1.7465440076564578,168,61513.0,0.05012081923478558,168,61513.0,3.240000000000009
39380.0,163,7097.0,33.009302325581395,1.7671443769109274,163,60931.0,0.05488445593124794,163,60931.0,5.82000000000005
39385.0,159,7175.0,33.217592592592595,2.0111862658320567,159,60346.0,0.06631587032874951,159,60346.0,5.849999999999909
39390.0,156,7305.0,33.81944444444444,2.131657461331069,156,59763.0,0.06430121792152131,156,59763.0,5.830000000000041
39395.0,156,7300.0,33.95348837209303,1.9330653257720376,155,59663.0,0.055347849231768505,155,59663.0,1.0
39400.0,158,7125.0,33.294392523364486,1.8290734888450153,158,58688.0,0.05584495695808088,158,58688.0,9.75
39405.0,156,6949.0,32.47196261682243,1.8709178475249375,156,57699.0,0.05966732178610703,156,57699.0,9.889999999999986
39410.0,153,6633.0,31.140845070422536,1.8748898184844738,153,58383.0,0.05897830021153308,153,58383.0,-6.840000000000032
39415.0,149,6296.0,29.69811320754717,1.9705330686509497,149,59055.0,0.06182585454769893,149,59055.0,-6.719999999999914
39420.0,149,6170.0,29.24170616113744,2.020916620151712,149,59637.0,0.06529353730590327,149,59637.0,-5.82000000000005
39425.0,151,5918.0,28.04739336492891,1.9537353092905088,151,59938.0,0.0630955287771802,151,59938.0,-3.009999999999991
39430.0,152,5627.0,26.795238095238094,1.8390224873790344,152,59839.0,0.057852584746947086,152,59839.0,0.9900000000000091
39435.0,154,5595.0,26.51658767772512,1.8548819851668212,154,59759.0,0.06128048711714818,154,59759.0,0.7999999999999545
39440.0,158,5487.0,25.882075471698112,1.6939148129190311,158,59641.0,0.05204631023880527,158,59641.0,1.1800000000000637
39445.0,157,5322.0,24.869158878504674,1.7129260437674871,157,58678.0,0.04704835367381328,157,58678.0,9.629999999999995
39450.0,155,5151.0,24.183098591549296,1.792244740211189,155,57709.0,0.05225152611646681,155,57709.0,9.68999999999994
39455.0,152,4921.0,23.322274881516588,1.6080214184147243,151,58050.0,0.04700961520535312,151,58050.0,-3.409999999999968
39460.0,153,4738.0,22.349056603773583,1.6425198474875746,153,58805.0,0.047278884298777524,153,58805.0,-7.5499999999999545
39465.0,153,4897.0,22.990610328638496,1.569978436394843,153,58709.0,0.04664147738997017,153,58709.0,0.9599999999999227
39470.0,156,5068.0,23.682242990654206,1.5941714598569947,156,58217.0,0.05094874553433398,156,58217.0,4.920000000000073
39475.0,154,5080.0,23.51851851851852,1.576541428700457,154,58856.0,0.047138823584096524,154,58856.0,-6.389999999999986
39480.0,154,4996.0,23.12962962962963,1.5825267865894408,154,59413.0,0.05023115617696985,154,59413.0,-5.57000000000005
39485.0,151,5084.0,23.537037037037038,1.6718993323882672,151,59990.0,0.0558953840401442,151,59990.0,-5.769999999999982
39490.0,154,5296.0,24.747663551401867,1.6461126763047556,154,59852.0,0.05297796259221707,154,59852.0,1.3799999999999955
39495.0,160,5672.0,26.38139534883721,1.4744147788009476,160,59740.0,0.04052047195389097,160,59740.0,1.1200000000000045
39500.0,162,6067.0,28.218604651162792,1.4571693217613326,162,59658.0,0.04389053218261606,162,59658.0,0.8199999999999363
39505.0,160,6415.0,29.976635514018692,1.2906664326510457,160,60025.0,0.039106751313865505,160,60025.0,-3.669999999999959
39510.0,163,6810.0,31.52777777777778,1.2803076902050576,163,60398.0,0.03659713686322995,163,60398.0,-3.730000000000018
39515.0,164,7216.0,33.25345622119816,1.2331127475610344,164,60335.0,0.036435576421280855,164,60335.0,0.6299999999999955
39520.0,161,7556.0,34.82027649769585,1.2768231411912863,161,61019.0,0.04034204592358191,161,61019.0,-6.840000000000032
39525.0,163,7875.0,35.95890410958904,1.2805789386400925,163,61631.0,0.04134326598720018,163,61631.0,-6.119999999999891
39530.0,163,8260.0,37.71689497716895,1.4155408928692075,163,62273.0,0.04554594210012611,163,62273.0,-6.420000000000073
39535.0,166,8715.0,39.61363636363637,1.271830058532077,166,62617.0,0.03335086090906429,166,62617.0,-3.439999999999941
39540.0,168,9152.0,41.789954337899545,1.2372999385094394,168,62532.0,0.03330147074798804,168,62532.0,0.849999999999909
39545.0,166,9587.0,43.77625570776256,1.349164720805948,166,62446.0,0.04031752883717207,166,62446.0,0.8600000000000136
39550.0,164,9965.0,45.50228310502283,1.308317823100629,164,63161.0,0.03503519361784721,164,63161.0,-7.149999999999977
39555.0,160,10354.0,47.714285714285715,1.2931644047161996,160,63817.0,0.03778445460714417,160,63817.0,-6.559999999999945
39560.0,162,10910.0,50.04587155963303,1.4925730650670805,162,64497.0,0.04666845857513895,162,64497.0,-6.800000000000068
39565.0,167,11476.0,52.163636363636364,1.3706646499894146,167,64902.0,0.03371139943939294,167,64902.0,-4.0499999999999545
39570.0,170,12091.0,55.210045662100455,1.3614312829764472,170,64951.0,0.03418869296661456,170,64951.0,-0.4900000000000091
39575.0,170,12796.0,58.42922374429224,1.410051609504262,170,65021.0,0.038431458354514024,170,65021.0,-0.7000000000000455
39580.0,171,13505.0,61.666666666666664,1.4957192967098325,171,64747.0,0.04054349935043598,171,64747.0,2.740000000000009
39585.0,170,14211.0,64.01351351351352,1.62289407752031,170,64538.0,0.04510214972388094,170,64538.0,2.090000000000032
39590.0,166,14647.0,66.27601809954751,1.6709908865429381,166,64474.0,0.04581176952058233,166,64474.0,0.6399999999999864
39595.0,162,14889.0,68.29816513761467,1.5649916244731243,162,63521.0,0.04899910932060129,162,63521.0,9.529999999999973
39600.0,158,15129.0,70.04166666666667,1.7553931475977438,158,62565.0,0.05895875148238807,158,62565.0,9.56000000000006
39605.0,158,15294.0,70.80555555555556,1.746209828850047,158,63267.0,0.05186589328325656,158,63267.0,-7.019999999999982
39610.0,158,15388.0,71.57209302325582,1.7652014516330239,158,63934.0,0.05182314158874765,158,63934.0,-6.670000000000073
39615.0,158,15620.0,71.9815668202765,1.8358560923946667,158,64611.0,0.055020541080120056,158,64611.0,-6.769999999999982
39620.0,158,15858.0,73.41666666666667,1.764997674718752,158,64531.0,0.05185242234604254,158,64531.0,0.8000000000000682
39625.0,160,16079.0,74.7860465116279,1.6580093181468105,160,64466.0,0.0460154299631536,160,64466.0,0.6499999999999773
39630.0,157,16324.0,77.0,1.66190667321281,157,64422.0,0.05090527356825736,157,64422.0,0.4399999999999409
39635.0,158,15886.0,74.58215962441315,1.6202742059153488,158,64539.0,0.04794131873113727,158,64539.0,-1.169999999999959
39640.0,160,14973.0,69.96728971962617,1.5220900362091676,160,63990.0,0.04238393289330691,160,63990.0,5.490000000000009
39645.0,158,14062.0,65.71028037383178,1.6110528166022375,158,63444.0,0.04973965682968488,158,63444.0,5.459999999999923
39650.0,156,13138.0,61.971698113207545,1.6220841013294978,156,62235.0,0.04991129604747427,156,62235.0,12.090000000000032
39655.0,153,12290.0,57.69953051643193,1.7951625095228674,153,61032.0,0.05825575485583151,153,61032.0,12.029999999999973
39660.0,157,11790.0,55.352112676056336,1.7318850346039756,157,59852.0,0.05308365139673753,157,59852.0,11.800000000000068
39665.0,157,11298.0,52.54883720930233,1.6282351442006762,156,59369.0,0.05004098153988003,156,59369.0,4.829999999999927
39670.0,157,10806.0,50.495327102803735,1.6862520086716648,157,58339.0,0.05818400690560992,157,58339.0,10.300000000000068
39675.0,157,10306.0,47.93488372093023,1.635259724339491,157,57958.0,0.05851165343291231,157,57958.0,3.8099999999999454
39680.0,155,9803.0,45.38425925925926,1.7678814019099955,155,57583.0,0.060975485141665044,155,57583.0,3.75
39685.0,152,9120.0,42.41860465116279,1.775911037726229,152,58328.0,0.062346216948456115,152,58328.0,-7.449999999999932
39690.0,158,8410.0,38.93518518518518,1.8000599983174126,157,59093.0,0.060644005822386916,157,59093.0,-7.649999999999977
39695.0,164,7920.0,36.83720930232558,1.6127382100421512,163,59874.0,0.05342834488679826,163,59874.0,-7.810000000000059
39700.0,168,7875.0,36.627906976744185,1.6540632913499118,167,60691.0,0.05488613535745552,167,60691.0,-8.169999999999959
39705.0,170,8377.0,39.14485981308411,1.5211048973715449,170,61081.0,0.05073544341343608,170,61081.0,-3.8999999999999773
39710.0,171,8657.0,40.265116279069765,1.5360792660052214,171,61053.0,0.05216781852027394,171,61053.0,0.2799999999999727
39715.0,171,8939.0,41.38425925925926,1.5150732665805382,171,61015.0,0.046238073257116846,171,61015.0,0.37999999999999545
39720.0,171,9122.0,42.23148148148148,1.4839957637070424,171,61719.0,0.04236657790183077,171,61719.0,-7.040000000000077
39725.0,172,9239.0,42.773148148148145,1.4388215180567268,172,62297.0,0.03705211766363883,172,62297.0,-5.779999999999973
39730.0,171,9356.0,43.115207373271886,1.531277584461835,171,62903.0,0.04437710462137125,171,62903.0,-6.059999999999945
39735.0,168,9503.0,43.995370370370374,1.5558940553108496,168,63438.0,0.047417801065021935,168,63438.0,-5.350000000000023
39740.0,171,9775.0,45.254629629629626,1.511869793407959,171,64272.0,0.04544032016465645,171,64272.0,-8.340000000000032
39745.0,176,9854.0,45.41013824884793,1.379781735574113,176,64276.0,0.03442270810758126,176,64276.0,-0.03999999999996362
39750.0,177,9606.0,44.47222222222222,1.2630632273032578,177,64292.0,0.030738857190911135,177,64292.0,-0.15999999999996817
39755.0,174,9305.0,42.68348623853211,1.3175801241724847,174,65068.0,0.03050316414647636,174,65068.0,-7.759999999999991
39760.0,171,8969.0,41.523148148148145,1.308460107162462,171,65756.0,0.03631396636638575,171,65756.0,-6.8799999999999955
39765.0,169,8671.0,39.95852534562212,1.4150680424848432,169,66454.0,0.04344299921323028,169,66454.0,-6.980000000000018
39770.0,171,8586.0,39.38532110091743,1.5193259544035829,171,67144.0,0.045561662144598655,171,67144.0,-6.900000000000091
39775.0,177,8896.0,40.80733944954128,1.3670208763905591,177,67937.0,0.03986934874317713,177,67937.0,-7.92999999999995
39780.0,181,8950.0,41.43518518518518,0.9686505032697005,181,68165.0,0.021556123353180568,181,68165.0,-2.2799999999999727
39785.0,182,8825.0,40.29680365296804,1.0576869697559597,182,67743.0,0.028882147553806234,182,67743.0,4.220000000000027
39790.0,181,8689.0,39.13963963963964,1.241608650680567,181,67305.0,0.03372480464226987,181,67305.0,4.3799999999999955
39795.0,179,8509.0,38.328828828828826,1.2355311480290943,179,68141.0,0.02636623597380138,179,68141.0,-8.360000000000014
39800.0,178,8343.0,37.751131221719454,1.2957369181736749,178,68971.0,0.026772581561360694,178,68971.0,-8.300000000000068
39805.0,178,8198.0,37.263636363636365,1.3051071901769769,178,69783.0,0.03162068492449488,178,69783.0,-8.120000000000005
39810.0,178,7890.0,35.86363636363637,1.262362570275591,178,69741.0,0.031888398233500925,178,69741.0,0.42000000000007276
39815.0,179,8026.0,36.31674208144796,1.2263973191842545,179,69695.0,0.027579797883655673,179,69695.0,0.4599999999999227
39820.0,178,8157.0,36.74324324324324,1.3037181745917636,178,69649.0,0.030071710385159642,178,69649.0,0.4600000000000364
39825.0,174,8192.0,36.73542600896861,1.3783973480273695,174,69788.0,0.03431367360149704,174,69788.0,-1.3899999999999864
39830.0,170,8198.0,37.263636363636365,1.3749556549089923,170,69559.0,0.03582372500430044,170,69559.0,2.2899999999999636
39835.0,165,8241.0,37.97695852534562,1.4864566045421648,165,69387.0,0.044318946902338396,165,69387.0,1.7200000000000273
39840.0,160,7956.0,37.528301886792455,1.3635524640473553,160,69559.0,0.04087605963805711,160,69559.0,-1.7200000000000273
39845.0,157,7501.0,35.54976303317535,1.4110519840637292,157,69154.0,0.04462842112768549,157,69154.0,4.050000000000068
39850.0,158,7253.0,34.2122641509434,1.5125301685335588,158,68754.0,0.04748282604801617,158,68754.0,4.0
39855.0,158,6962.0,32.68544600938967,1.3790512102674446,158,68973.0,0.042563769747123045,158,68973.0,-2.1900000000000546
39860.0,156,6633.0,31.287735849056602,1.3594297513338578,156,69192.0,0.039154576264829204,156,69192.0,-2.189999999999941
39865.0,153,6288.0,29.52112676056338,1.379898599855664,153,69394.0,0.04327683475544007,153,69394.0,-2.0200000000000955
39870.0,151,5755.0,27.14622641509434,1.3867691304453889,151,69998.0,0.04305527598618436,151,69998.0,-6.039999999999964
39875.0,147,5271.0,24.746478873239436,1.4277958602777274,147,70590.0,0.0437287173843184,147,70590.0,-5.919999999999959
39880.0,150,5170.0,24.38679245283019,1.45367847566725,150,71128.0,0.04662482267218711,150,71128.0,-5.3799999999999955
39885.0,154,4921.0,23.103286384976524,1.3975094293818444,154,70931.0,0.044204206792461766,154,70931.0,1.9700000000000273
39890.0,159,4619.0,21.685446009389672,1.3138165301804523,159,70755.0,0.03959489264945039,159,70755.0,1.759999999999991
39895.0,159,4424.0,20.769953051643192,1.3116809254938984,159,70595.0,0.04104543241584906,159,70595.0,1.599999999999909
39900.0,160,4233.0,19.87323943661972,1.3530997106419622,160,69606.0,0.04515344524671201,160,69606.0,9.8900000000001
39905.0,158,4135.0,19.504716981132077,1.1945053124711407,158,70250.0,0.04173971437475589,158,70250.0,-6.440000000000055
39910.0,160,4452.0,20.80373831775701,1.251998741834703,160,70915.0,0.04101539266752858,160,70915.0,-6.649999999999977
39915.0,165,4873.0,22.456221198156683,1.3929425287296817,165,71600.0,0.04524213303141918,165,71600.0,-6.850000000000023
39920.0,167,5152.0,23.962790697674418,1.193989059186692,167,71751.0,0.031945232327197474,167,71751.0,-1.509999999999991
39925.0,170,5359.0,24.695852534562214,1.2004768897515603,170,71321.0,0.03392904357091297,170,71321.0,4.2999999999999545
39930.0,172,5582.0,25.605504587155963,1.3156280785232828,172,70920.0,0.038879102157171545,172,70920.0,4.009999999999991
39935.0,170,5711.0,26.19724770642202,1.2904689128124684,170,70880.0,0.037705392967168946,170,70880.0,0.40000000000009095
39940.0,165,5761.0,26.671296296296298,1.3264345408864284,165,69975.0,0.038808831844533105,165,69975.0,9.049999999999955
39945.0,161,5790.0,26.682027649769584,1.510520196724718,161,69041.0,0.04706765122484779,161,69041.0,9.340000000000032
39950.0,158,5773.0,26.976635514018692,1.38163025670369,158,69761.0,0.041234753368471,158,69761.0,-7.2000000000000455
39955.0,157,5980.0,27.813953488372093,1.4830559336332612,157,70421.0,0.047086047478103604,157,70421.0,-6.600000000000023
39960.0,162,6305.0,29.325581395348838,1.5619462124209973,162,71101.0,0.04886916664745545,162,71101.0,-6.7999999999999545
39965.0,167,6565.0,30.39351851851852,1.3715832052676564,167,71235.0,0.03445072050019663,167,71235.0,-1.3400000000000318
39970.0,167,6774.0,31.073394495412845,1.4536429734226255,167,70857.0,0.038592563330961206,167,70857.0,3.7799999999999727
39975.0,163,6971.0,31.977064220183486,1.6359241402692708,163,70576.0,0.048950306708559294,163,70576.0,2.810000000000059
39980.0,159,7060.0,32.534562211981566,1.6241956866784448,159,70458.0,0.041979239500359,159,70458.0,1.17999999999995
39985.0,155,7154.0,33.586854460093896,1.5698894004027608,155,69463.0,0.04611450093193624,155,69463.0,9.950000000000045
39990.0,156,7483.0,35.13145539906103,1.6653640403575842,156,68494.0,0.05219127751701944,156,68494.0,9.68999999999994
39995.0,156,7812.0,36.504672897196265,1.6728721983397012,156,66695.0,0.05313225059261754,156,66695.0,17.99000000000001
40000.0,154,8113.0,38.08920187793427,1.6735956020963243,154,66910.0,0.050257569183129604,154,66910.0,-2.1499999999999773
40005.0,156,8488.0,39.66355140186916,1.5177185656084822,156,67120.0,0.044493591820339275,156,67120.0,-2.1000000000000227
40010.0,158,8877.0,41.481308411214954,1.5239531121909584,158,66840.0,0.04676700283890332,158,66840.0,2.800000000000068
40015.0,154,9252.0,43.23364485981308,1.5312263159206438,154,66562.0,0.05072874599709991,154,66562.0,2.7799999999999727
40020.0,152,9557.0,44.45116279069767,1.576907177647133,152,66460.0,0.05120135195316954,152,66460.0,1.0199999999999818
40025.0,148,9809.0,45.41203703703704,1.678321246243574,148,65497.0,0.05538941523036987,148,65497.0,9.629999999999995
40030.0,145,10093.0,47.3849765258216,1.8487198272926473,145,64545.0,0.06341720811294174,145,64545.0,9.519999999999982
40035.0,145,9970.0,47.028301886792455,1.7281553181803542,145,64640.0,0.05367214659760106,145,64640.0,-0.9499999999999318
40040.0,146,9521.0,44.69953051643193,1.8211163787680353,146,64105.0,0.05619023224203602,146,64105.0,5.350000000000023
40045.0,144,9111.0,42.774647887323944,1.8612724090983692,144,63558.0,0.06331107140843102,144,63558.0,5.469999999999914
40050.0,146,8551.0,40.14553990610329,1.7653418686772027,146,64174.0,0.05780925921839425,146,64174.0,-6.159999999999968
40055.0,150,7890.0,36.52777777777778,1.6438071236657683,150,64816.0,0.04709715406448358,150,64816.0,-6.419999999999959
40060.0,146,7432.0,34.24884792626728,1.8007342354856248,146,65458.0,0.05276757979125845,146,65458.0,-6.420000000000073
40065.0,148,7122.0,33.12558139534884,1.6904258454936014,148,65538.0,0.05191637174517947,148,65538.0,-0.7999999999999545
40070.0,154,6873.0,32.11682242990654,1.578084267577514,154,65006.0,0.050411938999575356,154,65006.0,5.32000000000005
40075.0,161,6657.0,30.53669724770642,1.566994746922957,161,64510.0,0.047797040101315226,161,64510.0,4.959999999999923
40080.0,163,6435.0,29.51834862385321,1.4746943384824307,162,65199.0,0.04166459423514748,162,65199.0,-6.889999999999986
40085.0,161,6220.0,28.663594470046082,1.470953724342379,161,65994.0,0.04417545268536051,161,65994.0,-7.9500000000000455
40090.0,164,6039.0,27.958333333333332,1.366327138268423,164,66592.0,0.0421928285406193,164,66592.0,-5.9799999999999045
40095.0,167,5776.0,26.74074074074074,1.2165896165334156,167,66569.0,0.036495101447354475,167,66569.0,0.2299999999999045
40100.0,169,5580.0,25.714285714285715,1.2678160302307273,169,66552.0,0.03624794668118786,169,66552.0,0.17000000000007276
40105.0,176,6069.0,27.46153846153846,1.214316275113651,176,65739.0,0.03290503987266383,176,65739.0,8.129999999999995
40110.0,175,6572.0,29.737556561085974,1.2406234816393078,175,64973.0,0.03907140839639445,175,64973.0,7.659999999999968
40115.0,175,6969.0,31.533936651583712,1.1843288571642863,175,65187.0,0.033994029182147,175,65187.0,-2.1399999999999864
40120.0,173,7287.0,32.97285067873303,1.2750295057228918,173,64731.0,0.03813707584209652,173,64731.0,4.560000000000059
40125.0,168,7588.0,34.49090909090909,1.3861344201402235,168,64260.0,0.04165746989179282,168,64260.0,4.709999999999923
40130.0,165,7855.0,36.03211009174312,1.3907575153013587,165,64334.0,0.04097235016047503,165,64334.0,-0.7400000000000091
40135.0,166,8127.0,37.10958904109589,1.4028211531259365,166,63660.0,0.04053201592472693,166,63660.0,6.740000000000009
40140.0,166,8401.0,38.01357466063349,1.5412856945792763,166,62989.0,0.04721011073334544,166,62989.0,6.710000000000036
40145.0,163,8510.0,38.333333333333336,1.5315782766226578,163,63669.0,0.04078341814438937,163,63669.0,-6.800000000000068
40150.0,160,8504.0,38.654545454545456,1.50558107678127,160,64227.0,0.045506190865726305,160,64227.0,-5.579999999999927
40155.0,157,8486.0,38.57272727272727,1.630027446384465,157,64801.0,0.05226432323299436,157,64801.0,-5.740000000000009
40160.0,153,8589.0,39.39908256880734,1.609161800219679,153,64885.0,0.05297065593937131,153,64885.0,-0.8400000000000318
40165.0,158,8964.0,40.93150684931507,1.6134479287708758,158,64358.0,0.04828800415324229,158,64358.0,5.269999999999982
40170.0,164,9364.0,42.757990867579906,1.5676754187721182,164,63920.0,0.047555141844231485,164,63920.0,4.3799999999999955
40175.0,163,9689.0,44.04090909090909,1.4800284000721284,163,63960.0,0.03981740515448151,163,63960.0,-0.39999999999997726
40180.0,161,10004.0,45.68036529680365,1.5672923961777898,161,63261.0,0.04557414096586702,161,63261.0,6.990000000000009
40185.0,165,10439.0,47.02252252252252,1.6277653093965747,165,62651.0,0.04732928387709693,165,62651.0,6.100000000000023
40190.0,164,10795.0,48.84615384615385,1.5677451772320616,164,63352.0,0.04273392087262339,164,63352.0,-7.009999999999991
40195.0,162,11116.0,50.29864253393665,1.5752218534195093,162,63945.0,0.04357693184615718,162,63945.0,-5.930000000000064
40200.0,165,11484.0,51.963800904977376,1.6087549251565405,165,64565.0,0.05048369095050617,165,64565.0,-6.199999999999932
40205.0,167,11880.0,53.513513513513516,1.4603026945910587,167,64708.0,0.04275413276051079,167,64708.0,-1.4300000000000637
40210.0,169,12341.0,55.841628959276015,1.374872291304057,169,64864.0,0.03625857636683388,169,64864.0,-1.5599999999999454
40215.0,171,12811.0,57.9683257918552,1.2735402488592509,171,65112.0,0.03591196641823364,171,65112.0,-2.480000000000018
40220.0,169,13241.0,60.18636363636364,1.2888667363971618,169,65863.0,0.0356692053668222,169,65863.0,-7.509999999999991
40225.0,166,13677.0,62.45205479452055,1.2951684094367995,166,66506.0,0.038757749427376226,166,66506.0,-6.42999999999995
40230.0,166,14202.0,64.84931506849315,1.4061212921842843,166,67173.0,0.045028373255527235,166,67173.0,-6.670000000000073
40235.0,169,14142.0,64.28181818181818,1.2450280074474556,169,67298.0,0.03560337925288714,169,67298.0,-1.25
40240.0,171,13737.0,62.158371040723985,1.284681642180809,171,66734.0,0.03548689570055039,171,66734.0,5.639999999999986
40245.0,177,13455.0,60.608108108108105,1.2205637488600114,177,66204.0,0.03395287285243148,177,66204.0,5.300000000000068
40250.0,178,13189.0,59.678733031674206,1.21188119529528,178,65007.0,0.035811732946977176,178,65007.0,11.969999999999914
40255.0,174,12909.0,57.88789237668161,1.3556946237170626,174,63859.0,0.039588150445657236,174,63859.0,11.480000000000018
40260.0,172,12619.0,56.84234234234234,1.4307114852171732,172,62821.0,0.04776700810667039,172,62821.0,10.379999999999995
40265.0,168,12224.0,55.06306306306306,1.369854525244965,168,63571.0,0.041755557764691024,168,63571.0,-7.5
40270.0,164,11783.0,53.07657657657658,1.581074179675828,164,64230.0,0.05277946808442775,164,64230.0,-6.589999999999918
40275.0,165,11388.0,50.839285714285715,1.7403418251444858,165,64904.0,0.0564097031607496,165,64904.0,-6.740000000000009
40280.0,167,11081.0,49.690582959641254,1.7291094868626582,167,65080.0,0.05093540056621919,167,65080.0,-1.759999999999991
40285.0,170,10780.0,47.91111111111111,1.8094706194399741,170,64657.0,0.048817086884718065,170,64657.0,4.2299999999999045
40290.0,168,10482.0,47.21621621621622,1.8737382306570285,168,64239.0,0.053164063162707574,168,64239.0,4.180000000000064
40295.0,163,10163.0,46.406392694063925,1.9070509495273034,163,63204.0,0.05567061280489218,163,63204.0,10.350000000000023
40300.0,160,10002.0,45.88073394495413,1.924521811462835,160,63926.0,0.05667140778438049,160,63926.0,-7.220000000000027
40305.0,160,10632.0,48.54794520547945,1.9760323417933066,160,64588.0,0.05758124157538353,160,64588.0,-6.6200000000000045
40310.0,162,11290.0,51.788990825688074,1.9702606460580185,162,65269.0,0.055339736390635795,162,65269.0,-6.810000000000059
40315.0,166,11752.0,53.908256880733944,1.6978803514517966,166,65396.0,0.03970739152776831,166,65396.0,-1.2699999999999818
40320.0,170,12042.0,55.49308755760369,1.6217055318925582,169,65544.0,0.037960047223336714,169,65544.0,-1.4800000000000182
40325.0,167,12326.0,57.598130841121495,1.4133742228114303,167,65696.0,0.03511669901571555,167,65696.0,-1.5199999999999818
40330.0,166,12557.0,58.95305164319249,1.458128051876663,166,66465.0,0.0389195750382068,166,66465.0,-7.689999999999941
40335.0,162,12774.0,59.691588785046726,1.4619078371641805,162,67169.0,0.04191647214091012,162,67169.0,-7.040000000000077
40340.0,165,13074.0,60.80930232558139,1.6672582501069222,165,67900.0,0.04901725226853219,165,67900.0,-7.309999999999945
40345.0,171,13289.0,61.80930232558139,1.3872772128099453,171,68088.0,0.03432989951891179,171,68088.0,-1.8799999999999955
40350.0,173,13437.0,63.08450704225352,1.255472942652043,173,67655.0,0.029734830153087647,173,67655.0,4.330000000000041
40355.0,170,13579.0,64.05188679245283,1.3214689685138064,170,67239.0,0.03827456047497455,170,67239.0,4.159999999999968
40360.0,167,13662.0,64.14084507042253,1.3495512173121285,167,68032.0,0.036469323142045866,167,68032.0,-7.930000000000064
40365.0,165,13706.0,64.04672897196262,1.3965111989293246,165,68784.0,0.03763943055818141,165,68784.0,-7.519999999999982
40370.0,165,13815.0,64.85915492957747,1.4543770267727216,165,69550.0,0.042242706845240535,165,69550.0,-7.659999999999968
40375.0,167,13887.0,65.19718309859155,1.2959657223991716,167,69735.0,0.03226148352645583,167,69735.0,-1.8500000000000227
40380.0,167,14029.0,65.55607476635514,1.3641850151624504,167,69280.0,0.03452141737158746,167,69280.0,4.550000000000068
40385.0,169,14556.0,67.38888888888889,1.3622523115305536,169,68844.0,0.041699944928003684,169,68844.0,4.3599999999999
40390.0,169,15095.0,69.88425925925925,1.4911783743735296,169,67798.0,0.042788310353190126,169,67798.0,10.460000000000036
40395.0,168,15642.0,72.41666666666667,1.4746700641810853,168,66776.0,0.04557143864295276,168,66776.0,10.220000000000027
40400.0,165,16213.0,75.4093023255814,1.5737182494306363,165,66379.0,0.05261347832697924,165,66379.0,3.9700000000000273
40405.0,161,16821.0,78.23720930232558,1.7432626241913773,161,65541.0,0.058638373293485674,161,65541.0,8.379999999999995
40410.0,160,17466.0,82.0,1.7095654462246472,159,65310.0,0.060758530814313566,159,65310.0,2.3099999999999454
40415.0,161,17463.0,81.60280373831776,1.6129841909860367,159,65586.0,0.05469061040854162,159,65586.0,-2.759999999999991
40420.0,165,16990.0,78.6574074074074,1.6587089161562536,164,66401.0,0.05457964078963562,164,66401.0,-8.149999999999977
40425.0,166,16533.0,76.54166666666667,1.67002248974857,165,67209.0,0.04986967180887152,165,67209.0,-8.080000000000041
40430.0,164,15919.0,74.73708920187794,1.6036212205839806,164,67970.0,0.0505204941780578,164,67970.0,-7.610000000000014
40435.0,161,15241.0,71.55399061032864,1.6460682327348979,161,68649.0,0.053797825859399316,161,68649.0,-6.789999999999964
40440.0,160,14776.0,69.37089201877934,1.8855691930165654,160,69326.0,0.05916742684182708,160,69326.0,-6.769999999999982
40445.0,165,14043.0,66.24056603773585,1.680084761403593,165,69334.0,0.050022358052495705,165,69334.0,-0.08000000000004093
40450.0,171,13103.0,61.51643192488263,1.5350424628232002,171,69395.0,0.036804149930274414,171,69395.0,-0.6100000000000136
40455.0,170,12168.0,56.85981308411215,1.4562624979985639,170,69461.0,0.034131224522428324,170,69461.0,-0.6599999999999682
40460.0,171,11237.0,52.50934579439252,1.466695753606532,171,67973.0,0.0348627562595312,171,67973.0,14.879999999999995
40465.0,169,10242.0,47.85981308411215,1.4604808257185027,169,68749.0,0.03836191268028568,169,68749.0,-7.759999999999991
40470.0,167,9198.0,43.183098591549296,1.4493893002191962,167,69465.0,0.03867167586836512,167,69465.0,-7.159999999999968
40475.0,166,8242.0,38.51401869158879,1.6089764611016713,166,70197.0,0.044472087270724055,166,70197.0,-7.32000000000005
40480.0,169,7366.0,34.90995260663507,1.3491561997629185,169,70535.0,0.03397109222594517,169,70535.0,-3.3799999999999955
40485.0,167,7303.0,34.77619047619048,1.2955550991976803,167,70409.0,0.03644247485282551,167,70409.0,1.259999999999991
40490.0,165,7226.0,34.40952380952381,1.411310986128112,165,70259.0,0.042099988335201344,165,70259.0,1.5
40495.0,161,7089.0,33.59715639810427,1.4059481871855146,161,70980.0,0.04159504285109317,161,70980.0,-7.209999999999923
40500.0,161,6945.0,32.759433962264154,1.4642054773940156,161,71663.0,0.04161400928951268,161,71663.0,-6.830000000000041
40505.0,161,6842.0,31.97196261682243,1.633285994438242,161,72377.0,0.04882592445654167,161,72377.0,-7.139999999999986
40510.0,164,6730.0,31.44859813084112,1.4819317929873497,163,72335.0,0.03616531284777804,163,72335.0,0.4199999999999591
40515.0,167,7005.0,32.43055555555556,1.4872935945014434,167,73116.0,0.03433583070056355,167,73116.0,-7.809999999999945
40520.0,170,7292.0,33.91627906976744,1.4097503153208308,170,72308.0,0.03404536832260113,170,72308.0,8.079999999999927
40525.0,170,7586.0,35.283720930232555,1.3479956766154537,170,70977.0,0.036270299441750024,170,70977.0,13.31000000000006
40530.0,167,7893.0,36.541666666666664,1.5017635645135552,167,70350.0,0.039747366573712896,167,70350.0,6.269999999999982
40535.0,164,8247.0,38.35813953488372,1.4601155603754026,164,69729.0,0.04089568325221471,164,69729.0,6.210000000000036
40540.0,161,8519.0,40.18396226415094,1.4954271118031,161,70041.0,0.04681716780869261,161,70041.0,-3.1200000000000045
40545.0,158,8746.0,41.45023696682465,1.4232171035927792,158,70337.0,0.04569496912401368,158,70337.0,-2.9600000000000364
40550.0,159,9075.0,42.806603773584904,1.4512578983237214,159,70632.0,0.0417996817710974,159,70632.0,-2.9500000000000455
40555.0,158,9359.0,44.355450236966824,1.3885645435720666,158,70662.0,0.045852485232054485,158,70662.0,-0.2999999999999545
40560.0,155,9600.0,45.283018867924525,1.50899321408775,155,70197.0,0.04961757219829766,155,70197.0,4.649999999999977
40565.0,152,9824.0,46.339622641509436,1.6265170945482583,152,69824.0,0.05287266902571773,152,69824.0,3.730000000000018
40570.0,150,9991.0,47.350710900473935,1.5584863188770122,149,70061.0,0.047435026830230965,149,70061.0,-2.3700000000000045
40575.0,148,10182.0,48.028301886792455,1.5846477207579024,148,70755.0,0.04636455328687396,148,70755.0,-6.939999999999941
40580.0,148,10524.0,50.114285714285714,1.5991739175506323,148,70540.0,0.05243165737130819,148,70540.0,2.1499999999999773
40585.0,148,10648.0,50.7047619047619,1.4613626636351684,148,71141.0,0.0461382004708058,148,71141.0,-6.009999999999991
40590.0,149,10752.0,51.2,1.4558844985890838,149,71682.0,0.04631694428500848,149,71682.0,-5.410000000000082
40595.0,151,11066.0,52.198113207547166,1.5421521640377693,151,72247.0,0.04980196961390995,151,72247.0,-5.649999999999977
40600.0,153,11436.0,54.199052132701425,1.5157001167725381,153,72826.0,0.04837153661707969,153,72826.0,-5.789999999999964
40605.0,155,11898.0,56.388625592417064,1.4553408755933177,155,73495.0,0.048671088617782764,155,73495.0,-6.690000000000055
40610.0,161,12527.0,58.81220657276995,1.3196873421129434,161,74236.0,0.04118706256185565,161,74236.0,-7.409999999999968
40615.0,165,12618.0,58.416666666666664,1.2783388901191661,165,74101.0,0.03100859035313584,165,74101.0,1.3500000000000227
40620.0,167,12363.0,57.236111111111114,1.3251361925551604,167,73079.0,0.03607323122951241,167,73079.0,10.220000000000027
40625.0,168,12123.0,56.38604651162791,1.416005136054472,168,72087.0,0.04368733267769945,168,72087.0,9.919999999999959
40630.0,170,11878.0,54.99074074074074,1.375782690679699,170,72891.0,0.03507812053017536,170,72891.0,-8.039999999999964
40635.0,172,11664.0,53.75115207373272,1.3868113517349454,172,73723.0,0.03181336850635671,172,73723.0,-8.32000000000005
40640.0,178,11537.0,52.92201834862385,1.3754353447015675,178,74575.0,0.026273288899114056,178,74575.0,-8.519999999999982
40645.0,181,11216.0,51.68663594470046,1.2839566500702178,180,74829.0,0.027327727348486274,180,74829.0,-2.5399999999999636
40650.0,179,10739.0,49.948837209302326,1.1369167929969286,179,75703.0,0.02521142974072822,179,75703.0,-8.740000000000009
40655.0,175,10241.0,47.632558139534886,1.2236998717414431,175,75439.0,0.031724224057582025,175,75439.0,2.6399999999999864
40660.0,174,9724.0,45.22790697674419,1.2042913257002659,174,76272.0,0.027988583407255237,174,76272.0,-8.330000000000041
40665.0,174,9214.0,42.657407407407405,1.3078083455169351,174,77114.0,0.03316066753560482,174,77114.0,-8.419999999999959
40670.0,174,8704.0,40.67289719626168,1.2735924319802114,174,77952.0,0.031296397939514005,174,77952.0,-8.379999999999995
40675.0,171,7915.0,37.51184834123223,1.1838902864966405,171,78263.0,0.029216317094950265,171,78263.0,-3.1100000000000136
40680.0,167,7120.0,34.23076923076923,1.1685861422251138,167,78034.0,0.034996637624332555,167,78034.0,2.2899999999999636
40685.0,169,7120.0,34.066985645933016,1.2204806226913059,169,77814.0,0.04178930914770778,169,77814.0,2.2000000000000455
40690.0,168,7120.0,33.904761904761905,1.2765735031535268,168,77113.0,0.03737480921900229,168,77113.0,7.009999999999991
40695.0,166,6918.0,32.78672985781991,1.3182116627528613,166,77028.0,0.04144822038346141,166,77028.0,0.8500000000000227
40700.0,166,6573.0,31.449760765550238,1.1367052953179793,166,77849.0,0.03426422272842566,166,77849.0,-8.210000000000036
40705.0,161,6215.0,29.736842105263158,1.260539837437153,161,76877.0,0.03895608671401958,161,76877.0,9.720000000000027
40710.0,158,5931.0,28.514423076923077,1.3793039790572883,158,75883.0,0.043824806221148885,158,75883.0,9.93999999999994
40715.0,157,5919.0,28.320574162679424,1.4851986706206028,157,74881.0,0.05203898599360842,157,74881.0,10.020000000000095
40720.0,157,5910.0,28.142857142857142,1.5494059607075252,157,72990.0,0.05463202773373435,157,72990.0,18.909999999999968
40725.0,154,5895.0,28.071428571428573,1.6512650779351443,154,71113.0,0.05444165284411153,154,71113.0,18.769999999999982
40730.0,153,5754.0,27.4,1.6179734563341253,153,71880.0,0.053321338532723854,153,71880.0,-7.669999999999959
40735.0,156,5689.0,26.96208530805687,1.6724573727180032,155,72640.0,0.05344076622823307,155,72640.0,-7.600000000000023
40740.0,153,5741.0,27.33809523809524,1.7362049592295752,152,73355.0,0.053712227613660755,152,73355.0,-7.149999999999977
40745.0,155,6149.0,29.28095238095238,1.69415380296967,155,74077.0,0.0495586157431944,155,74077.0,-7.220000000000027
40750.0,159,6322.0,30.248803827751196,1.5699476087151758,159,74210.0,0.04500441158402307,159,74210.0,-1.330000000000041
40755.0,159,6328.0,30.423076923076923,1.4767581432934134,159,73710.0,0.0472381348707199,159,73710.0,5.0
40760.0,157,6409.0,30.8125,1.4374405287130871,157,74477.0,0.04930918835039985,157,74477.0,-7.669999999999959
40765.0,159,6696.0,31.734597156398106,1.4686438662323278,159,75190.0,0.044795930896793616,159,75190.0,-7.1299999999999955
40770.0,162,6985.0,33.1042654028436,1.4381185361722024,162,75880.0,0.046708520580514404,162,75880.0,-6.899999999999977
40775.0,168,7357.0,34.867298578199055,1.397970871571305,168,76617.0,0.04550552176531498,168,76617.0,-7.3700000000000045
40780.0,173,7709.0,36.88516746411483,1.0439678891951596,173,76792.0,0.029361378246178953,173,76792.0,-1.75
40785.0,174,8040.0,37.924528301886795,1.1134631581979006,174,76977.0,0.02706327157416757,174,76977.0,-1.8500000000000227
40790.0,169,8353.0,39.40094339622642,1.187435603170433,169,77133.0,0.03250483372375633,169,77133.0,-1.5600000000000591
40795.0,168,8357.0,39.23474178403756,1.1100472592555066,168,77299.0,0.027459820362586145,168,77299.0,-1.6599999999999682
40800.0,165,8149.0,38.25821596244131,1.1152098513063224,165,77453.0,0.027419927674441864,165,77453.0,-1.5399999999999636
40805.0,162,7926.0,36.86511627906977,1.2935695493617678,162,77409.0,0.034508251093712854,162,77409.0,0.4399999999999409
40810.0,161,7688.0,35.925233644859816,1.264979675826751,161,77363.0,0.03853998909050351,161,77363.0,0.4600000000000364
40815.0,157,7430.0,34.55813953488372,1.2530302214631066,157,78023.0,0.03526024948532989,157,78023.0,-6.600000000000023
40820.0,160,7549.0,35.11162790697674,1.310666127492157,160,78660.0,0.03898539438926032,160,78660.0,-6.3700000000000045
40825.0,166,7779.0,36.013888888888886,1.3328712319051692,166,79333.0,0.04070797170776801,166,79333.0,-6.730000000000018
40830.0,168,7986.0,37.49295774647887,1.171206548578565,168,79697.0,0.032978268704386415,168,79697.0,-3.6399999999999864
40835.0,164,8156.0,38.291079812206576,1.2857939599596748,164,79688.0,0.03830816603703683,164,79688.0,0.09000000000003183
40840.0,160,8303.0,38.98122065727699,1.4428993147387998,160,79678.0,0.044777738428992346,160,79678.0,0.10000000000002274
40845.0,156,8445.0,39.647887323943664,1.5742415963178409,156,79277.0,0.04752641631402597,156,79277.0,4.009999999999991
40850.0,156,8479.0,39.8075117370892,1.5529727487198572,156,79325.0,0.04369063257223868,156,79325.0,-0.4800000000000182
40855.0,156,8428.0,39.2,1.6297244951353607,156,78692.0,0.046280814481542316,156,78692.0,6.330000000000041
40860.0,156,8501.0,39.72429906542056,1.7039439348568277,156,78074.0,0.053202528812974555,156,78074.0,6.17999999999995
40865.0,156,8821.0,41.2196261682243,1.6407703246359069,156,78704.0,0.04760605396824082,156,78704.0,-6.2999999999999545
40870.0,157,9154.0,42.77570093457944,1.7071642314134798,157,79306.0,0.04963303339196517,157,79306.0,-6.019999999999982
40875.0,161,9598.0,45.27358490566038,1.6231309704245123,161,79960.0,0.04858538912889567,161,79960.0,-6.540000000000077
40880.0,162,10007.0,46.98122065727699,1.5818359194063045,162,80045.0,0.041362978028702604,162,80045.0,-0.8500000000000227
40885.0,161,10382.0,48.74178403755869,1.5277847546764678,161,80136.0,0.037892202377908864,161,80136.0,-0.9099999999999682
40890.0,159,10745.0,50.21028037383178,1.6486551294652818,159,80210.0,0.045286291723129285,159,80210.0,-0.7400000000000091
40895.0,156,10652.0,50.009389671361504,1.6553986785927346,156,80003.0,0.04652792396059106,156,80003.0,2.07000000000005
40900.0,157,10248.0,48.339622641509436,1.584935742269222,157,78871.0,0.04497623337635241,157,78871.0,11.319999999999936
40905.0,158,9848.0,46.89523809523809,1.5020771491786589,158,77759.0,0.04725940572318823,158,77759.0,11.120000000000005
40910.0,155,9442.0,45.177033492822964,1.4959751269947024,155,75734.0,0.04874413114313218,155,75734.0,20.25
40915.0,153,9017.0,42.93809523809524,1.5662404032461446,153,75764.0,0.05280334475413483,153,75764.0,-0.2999999999999545
40920.0,156,8776.0,41.59241706161137,1.4750321786549698,156,75145.0,0.04456558050434906,156,75145.0,6.189999999999941
40925.0,155,8542.0,39.91588785046729,1.6358145108030147,155,74524.0,0.05340517694588915,155,74524.0,6.210000000000036
40930.0,156,8159.0,38.305164319248824,1.5259404989333436,156,75151.0,0.04709722559975888,156,75151.0,-6.269999999999982
40935.0,154,7753.0,36.39906103286385,1.5928269994366502,154,75714.0,0.05061307086438576,154,75714.0,-5.6299999999999955
40940.0,153,7502.0,35.220657276995304,1.7669973291219583,153,76278.0,0.05624974422734779,153,76278.0,-5.639999999999986
40945.0,154,7007.0,32.742990654205606,1.7345785535549256,154,76463.0,0.05009595246745426,154,76463.0,-1.8500000000000227
40950.0,156,6388.0,30.132075471698112,1.6641086694891192,156,76193.0,0.04610413351014583,156,76193.0,2.7000000000000455
40955.0,156,5828.0,27.233644859813083,1.7536039058273076,156,75930.0,0.04960800818751085,156,75930.0,2.6299999999999955
40960.0,156,5453.0,25.600938967136152,1.8581477918660119,156,75214.0,0.05336288668806138,156,75214.0,7.159999999999968
40965.0,156,5653.0,26.66509433962264,1.8637906065363292,156,74533.0,0.05755954788134766,156,74533.0,6.809999999999945
40970.0,157,5857.0,27.89047619047619,1.7542774522437132,157,73902.0,0.056526085053563734,157,73902.0,6.310000000000059
40975.0,153,5960.0,28.38095238095238,1.6445146182957684,153,74508.0,0.05156077597268485,153,74508.0,-6.060000000000059
40980.0,151,6039.0,28.757142857142856,1.795643201062241,151,75063.0,0.060967274416510515,151,75063.0,-5.5499999999999545
40985.0,159,6329.0,29.574766355140188,1.8726862601964438,159,75658.0,0.06190267580919047,159,75658.0,-5.9500000000000455
40990.0,162,6651.0,30.934883720930234,1.8699346677158533,162,76286.0,0.053649401572564925,162,76286.0,-6.279999999999973
40995.0,165,6757.0,31.427906976744186,1.7538406163144136,165,76088.0,0.046042608804272085,165,76088.0,1.9800000000000182
41000.0,165,6707.0,31.195348837209302,1.8046961826157704,165,74976.0,0.048747789517821244,165,74976.0,11.120000000000005
41005.0,161,6666.0,31.295774647887324,1.8853569299519073,161,73879.0,0.05511727686450569,161,73879.0,10.970000000000027
41010.0,157,6733.0,32.06190476190476,1.9452001548413138,157,71872.0,0.05619368585033534,157,71872.0,20.069999999999936
41015.0,157,7118.0,33.7345971563981,2.1149718415096714,157,69869.0,0.06578209165095002,157,69869.0,20.029999999999973
41020.0,159,7505.0,35.23474178403756,2.0313813906409104,159,67913.0,0.055226895138958135,159,67913.0,19.56000000000006
41025.0,159,7896.0,37.24528301886792,1.8638504571930365,158,66855.0,0.05112551690410462,158,66855.0,10.580000000000041
41030.0,158,8282.0,39.25118483412322,1.8853614192149954,158,64909.0,0.05852748694174823,158,64909.0,19.459999999999923
41035.0,153,8474.0,40.161137440758296,1.933831982093238,153,65187.0,0.0586145842556725,153,65187.0,-2.7799999999999727
41040.0,150,8529.0,40.614285714285714,1.9163197202119775,150,64938.0,0.06258624453930234,150,64938.0,2.490000000000009
41045.0,147,8570.0,40.80952380952381,2.0578429618613168,147,64711.0,0.06990375161879717,147,64711.0,2.269999999999982
41050.0,147,8438.0,40.56730769230769,1.9672433065989867,147,65439.0,0.06870253583581062,147,65439.0,-7.279999999999973
41055.0,142,8356.0,39.79047619047619,2.01819411823987,142,66093.0,0.06657120196459104,142,66093.0,-6.539999999999964
41060.0,141,8498.0,40.85576923076923,2.0944252842713356,141,66742.0,0.06827041336812012,141,66742.0,-6.490000000000009
41065.0,148,8930.0,42.93269230769231,2.1490779611066726,148,67382.0,0.06696264713982697,148,67382.0,-6.400000000000091
41070.0,157,9396.0,44.95693779904306,1.9866416202813002,157,68068.0,0.06331383920276674,157,68068.0,-6.8599999999999
41075.0,161,9820.0,46.76190476190476,1.683731279310403,161,68334.0,0.043206093566108265,161,68334.0,-2.660000000000082
41080.0,163,10213.0,48.866028708133975,1.5980983479151751,163,68141.0,0.03893530330352983,163,68141.0,1.9300000000000637
41085.0,160,10598.0,50.46666666666667,1.8060136762290502,160,67946.0,0.04865481079050595,160,67946.0,1.9499999999999318
41090.0,158,10523.0,50.10952380952381,1.7401667983251636,158,67896.0,0.040648254047177514,158,67896.0,0.5
41095.0,153,10192.0,48.53333333333333,1.7784421999840474,153,67059.0,0.04382351205632723,153,67059.0,8.370000000000005
41100.0,152,9920.0,47.23809523809524,1.9451926059613962,152,66266.0,0.05279235225716803,152,66266.0,7.930000000000064
41105.0,153,9759.0,47.14492753623188,1.7271460419353357,153,64719.0,0.05155398338712088,153,64719.0,15.469999999999914
41110.0,157,9384.0,44.68571428571428,1.6878244323369131,157,64586.0,0.048688324380676905,157,64586.0,1.330000000000041
41115.0,153,8853.0,41.759433962264154,1.6841580714181799,153,63534.0,0.049540917756274915,153,63534.0,10.519999999999982
41120.0,154,8319.0,39.240566037735846,1.8155637329771714,154,62489.0,0.055457918811002184,154,62489.0,10.450000000000045
41125.0,151,7777.0,36.68396226415094,1.8956169175619775,151,60560.0,0.05434948401699304,151,60560.0,19.289999999999964
41130.0,151,7065.0,33.325471698113205,1.8977509287029064,151,61320.0,0.05908581721868881,151,61320.0,-7.600000000000023
41135.0,147,6324.0,29.830188679245282,1.80970361045364,147,62000.0,0.05338350534914803,147,62000.0,-6.7999999999999545
41140.0,147,5792.0,27.580952380952382,1.849877171690082,147,62623.0,0.0584789791461243,147,62623.0,-6.230000000000018
41145.0,152,5202.0,24.771428571428572,1.7107628877099987,152,62828.0,0.05507951282221688,152,62828.0,-2.0499999999999545
41150.0,157,4527.0,21.454976303317537,1.6503160955237814,157,62513.0,0.05340987315845288,157,62513.0,3.1499999999999773
41155.0,154,4027.0,18.906103286384976,1.8253200333728212,154,62193.0,0.05966960670951416,154,62193.0,3.2000000000000455
41160.0,157,4185.0,19.74056603773585,1.8319726219448698,157,61359.0,0.05984635377207035,157,61359.0,8.339999999999918
41165.0,158,4413.0,20.914691943127963,1.7687134629365318,158,60571.0,0.05847646187193289,158,60571.0,7.8799999999999955
41170.0,157,4572.0,21.66824644549763,1.6751136449950874,157,61336.0,0.05474507014370646,157,61336.0,-7.649999999999977
41175.0,159,4733.0,22.43127962085308,1.6367101934249808,159,62106.0,0.051340437066574214,159,62106.0,-7.699999999999932
41180.0,165,5062.0,24.104761904761904,1.484071887952197,165,62008.0,0.046261974554195645,165,62008.0,0.9799999999999045
41185.0,167,5362.0,25.29245283018868,1.4028144252141006,167,61933.0,0.039304736534221806,167,61933.0,0.75
41190.0,168,5529.0,25.83644859813084,1.4085740373211502,168,62651.0,0.0410269170956988,168,62651.0,-7.17999999999995
41195.0,166,5600.0,26.046511627906977,1.3342212168911511,166,63386.0,0.037330396107138286,166,63386.0,-7.350000000000023
41200.0,163,5782.0,26.893023255813954,1.5171406667752245,163,64022.0,0.04939539690401827,163,64022.0,-6.360000000000014
41205.0,166,5971.0,27.516129032258064,1.4173796116406983,166,64281.0,0.04525499463613454,166,64281.0,-2.589999999999918
41210.0,168,6182.0,28.62037037037037,1.4421593291492285,168,64022.0,0.04293142570480037,168,64022.0,2.589999999999918
41215.0,169,6602.0,30.706976744186047,1.4272528183146989,169,63799.0,0.044052495969643224,169,63799.0,2.230000000000018
41220.0,171,7027.0,32.68372093023256,1.3921713436185952,171,63140.0,0.04134132508609579,171,63140.0,6.590000000000032
41225.0,169,7388.0,34.36279069767442,1.305441916718467,169,63871.0,0.037419516351648724,169,63871.0,-7.310000000000059
41230.0,167,7721.0,36.07943925233645,1.3468134210611478,167,64533.0,0.04315255525635517,167,64533.0,-6.6200000000000045
41235.0,165,8145.0,37.883720930232556,1.4476736671078638,165,65174.0,0.04554676786923418,165,65174.0,-6.409999999999968
41240.0,168,8750.0,40.50925925925926,1.5415707569907153,168,65831.0,0.0475341644900304,168,65831.0,-6.569999999999936
41245.0,168,8958.0,41.091743119266056,1.5350731132865976,168,65752.0,0.04094094932543625,168,65752.0,0.7899999999999636
41250.0,171,8953.0,40.881278538812786,1.452360751283144,171,65664.0,0.03483584511293894,171,65664.0,0.8799999999999955
41255.0,174,8973.0,40.41891891891892,1.5311512243135272,174,64723.0,0.036491588637618345,174,64723.0,9.409999999999968
41260.0,170,8947.0,41.04128440366973,1.4137900474190506,170,65455.0,0.03639605252841445,170,65455.0,-7.319999999999936
41265.0,166,8945.0,41.604651162790695,1.387040181093556,166,66145.0,0.041520585622549594,166,66145.0,-6.900000000000091
41270.0,167,9040.0,42.242990654205606,1.430436650446831,167,66876.0,0.04505633756231393,167,66876.0,-7.309999999999945
41275.0,172,9215.0,42.66203703703704,1.4602230020670115,172,67647.0,0.03930286332156209,172,67647.0,-7.710000000000036
41280.0,174,9244.0,42.7962962962963,1.3360681092494273,174,67914.0,0.02722146846812993,174,67914.0,-2.669999999999959
41285.0,172,9159.0,43.0,1.225881281953457,172,67725.0,0.03185631923873499,172,67725.0,1.8899999999999864
41290.0,169,9058.0,42.32710280373832,1.3947601058695895,169,67603.0,0.03677726543564306,169,67603.0,1.2200000000000273
41295.0,166,8940.0,41.388888888888886,1.5863016950020052,166,67048.0,0.04237671106394997,166,67048.0,5.5499999999999545
41300.0,163,8805.0,40.95348837209303,1.7322552348064386,163,66571.0,0.051250842278162574,163,66571.0,4.769999999999982
41305.0,158,8544.0,39.55555555555556,1.7095319374997926,158,66399.0,0.05102022561807104,158,66399.0,1.7200000000000273
41310.0,157,8358.0,38.87441860465116,1.7039948001971745,157,65349.0,0.04737346006047541,157,65349.0,10.5
41315.0,157,8643.0,40.2,1.8557178564612566,157,64327.0,0.05911829994616199,157,64327.0,10.220000000000027
41320.0,158,8852.0,41.75471698113208,1.7016912769086936,158,64996.0,0.05013877657664017,158,64996.0,-6.690000000000055
41325.0,159,9127.0,42.45116279069767,1.8225661547593692,159,65680.0,0.04930141254865356,159,65680.0,-6.839999999999918
41330.0,160,9424.0,44.244131455399064,1.858929245204282,160,66382.0,0.05107212381984869,160,66382.0,-7.0200000000000955
41335.0,158,9634.0,45.23004694835681,1.8532756239993446,158,66733.0,0.04903942930059601,158,66733.0,-3.509999999999991
41340.0,154,9795.0,46.20283018867924,1.891276497308907,154,66712.0,0.04995242329590854,154,66712.0,0.21000000000003638
41345.0,150,10027.0,47.97607655502392,2.001936547017148,150,66674.0,0.06041887590864277,150,66674.0,0.37999999999999545
41350.0,152,9930.0,47.74038461538461,1.8480400836539645,151,66433.0,0.05027776406496355,151,66433.0,2.409999999999968
41355.0,154,9517.0,45.535885167464116,1.6689911174588368,154,67116.0,0.04177480450262788,154,67116.0,-6.829999999999927
41360.0,153,9104.0,43.98067632850242,1.6117904757236479,153,65989.0,0.04432748075325125,153,65989.0,11.269999999999982
41365.0,151,8613.0,42.014634146341464,1.4439977181285881,151,66658.0,0.0429324994471275,151,66658.0,-6.690000000000055
41370.0,152,8233.0,40.3578431372549,1.408063681214885,152,67329.0,0.04238919614662957,152,67329.0,-6.709999999999923
41375.0,160,8058.0,38.74038461538461,1.425816280386651,160,68019.0,0.040337485152240234,160,68019.0,-6.900000000000091
41380.0,164,7733.0,36.649289099526065,1.329768061230962,164,67919.0,0.03508390129697888,164,67919.0,1.0
41385.0,163,7291.0,34.39150943396226,1.2998070345460409,162,67824.0,0.03464370727027357,162,67824.0,0.9500000000000455
41390.0,163,6851.0,32.62380952380953,1.2214386262456476,163,67726.0,0.03441458260938205,163,67726.0,0.9800000000000182
41395.0,161,6322.0,30.104761904761904,1.2780885701377294,161,68078.0,0.0398001979155585,161,68078.0,-3.519999999999982
41400.0,158,5738.0,27.719806763285025,1.1725944957029701,158,68415.0,0.03913016895155214,158,68415.0,-3.3700000000000045
41405.0,159,5187.0,24.818181818181817,1.198111920128616,159,68763.0,0.036419305498458704,159,68763.0,-3.480000000000018
41410.0,161,4505.0,21.555023923444978,1.0865982759666426,161,68593.0,0.032947353689917185,161,68593.0,1.7000000000000455
41415.0,159,3884.0,18.495238095238093,1.1034270650863167,159,68417.0,0.03365295072284354,159,68417.0,1.759999999999991
41420.0,162,3904.0,18.502369668246445,1.088388441924078,162,68253.0,0.03400779446529616,162,68253.0,1.6399999999999864
41425.0,162,3892.0,18.272300469483568,1.0929835755707327,162,68614.0,0.03160534845235031,162,68614.0,-3.6100000000000136
41430.0,160,3846.0,18.141509433962263,1.1235162904075446,160,68574.0,0.0359216673721501,160,68574.0,0.39999999999997726
41435.0,156,3786.0,17.858490566037737,1.262772909310062,156,68516.0,0.044565401476159706,156,68516.0,0.5800000000000409
41440.0,153,3660.0,17.264150943396228,1.2896809301004752,152,68340.0,0.04092875583320529,152,68340.0,1.759999999999991
41445.0,150,3561.0,16.876777251184834,1.2341591594910564,150,69044.0,0.040004565552650036,150,69044.0,-7.040000000000077
41450.0,151,3675.0,17.33490566037736,1.3514785066050612,151,67972.0,0.04329230768266029,151,67972.0,10.720000000000027
41455.0,151,3579.0,16.882075471698112,1.2275426501679723,151,68621.0,0.0394260614576609,151,68621.0,-6.490000000000009
41460.0,151,3573.0,16.933649289099527,1.207480302463736,151,69275.0,0.0418089590623815,151,69275.0,-6.539999999999964
41465.0,153,3904.0,18.41509433962264,1.2626274951065168,153,69878.0,0.045063049750510696,153,69878.0,-6.029999999999973
41470.0,159,4051.0,18.929906542056074,1.2187457341361347,159,69770.0,0.041235819679365196,159,69770.0,1.0799999999999272
41475.0,162,4122.0,19.261682242990656,1.1560511505322344,162,68831.0,0.03566098088840247,162,68831.0,9.3900000000001
41480.0,161,4374.0,20.439252336448597,1.1860072469371996,161,68765.0,0.040144465265159926,161,68765.0,0.6599999999999682
41485.0,162,4629.0,21.331797235023043,1.348192219301938,162,67930.0,0.04372039777593165,162,67930.0,8.350000000000023
41490.0,160,4838.0,22.294930875576036,1.4385692555103353,160,68649.0,0.044317735336712155,160,68649.0,-7.190000000000055
41495.0,162,5074.0,23.382488479262673,1.3346762831283945,162,69340.0,0.041232279841849295,162,69340.0,-6.909999999999968
41500.0,165,5414.0,25.064814814814813,1.395942628579119,165,70063.0,0.047058771951313305,165,70063.0,-7.230000000000018
41505.0,167,5786.0,26.787037037037038,1.4229489764835097,167,70811.0,0.043524319164409596,167,70811.0,-7.480000000000018
41510.0,173,6249.0,28.797235023041473,1.3860955093961322,173,71643.0,0.04046134233618869,173,71643.0,-8.319999999999936
41515.0,175,6559.0,30.225806451612904,1.2471553757400615,175,71615.0,0.032445541799552,175,71615.0,0.2799999999999727
41520.0,173,6741.0,31.06451612903226,1.2015401015896592,173,70697.0,0.0315469641530036,173,70697.0,9.17999999999995
41525.0,169,6911.0,31.701834862385322,1.4865211727535654,169,70103.0,0.04246856374685311,169,70103.0,5.940000000000055
41530.0,164,7056.0,32.666666666666664,1.6730931632072295,164,68779.0,0.04655929404267238,164,68779.0,13.240000000000009
41535.0,161,7256.0,33.592592592592595,1.8542986845251395,161,67606.0,0.05656364580030995,161,67606.0,11.730000000000018
41540.0,161,7455.0,34.354838709677416,1.742523030078061,161,67973.0,0.0413901625518447,161,67973.0,-3.6700000000000728
41545.0,162,7455.0,34.354838709677416,1.7300486825360484,162,67935.0,0.046914298458820225,162,67935.0,0.37999999999999545
41550.0,161,7457.0,34.68372093023256,1.7608631563866062,161,67905.0,0.051811090795834715,161,67905.0,0.3000000000000682
41555.0,158,7449.0,34.808411214953274,1.8506506089181356,158,67485.0,0.05376336698462614,158,67485.0,4.199999999999932
41560.0,157,7430.0,34.55813953488372,2.033686087586851,157,67078.0,0.06116150069725173,157,67078.0,4.07000000000005
41565.0,152,7395.0,34.395348837209305,2.1282160521526414,152,66669.0,0.06601704291186998,152,66669.0,4.089999999999918
41570.0,147,7096.0,33.471698113207545,2.0371487653713753,147,66544.0,0.062008977653937196,147,66544.0,1.25
41575.0,142,6611.0,31.037558685446008,2.238694366554346,142,65548.0,0.07194698848410076,142,65548.0,9.960000000000036
41580.0,140,6175.0,29.404761904761905,2.3672864824637028,140,64552.0,0.07859424048048998,140,64552.0,9.960000000000036
41585.0,139,5968.0,28.555023923444978,2.435954886618645,139,62709.0,0.08127136944921881,139,62709.0,18.42999999999995
41590.0,141,5766.0,27.588516746411482,2.4765968318012335,141,60887.0,0.07921544817680627,141,60887.0,18.220000000000027
41595.0,138,5372.0,25.95169082125604,2.2461951795380295,138,61507.0,0.07176154004912451,138,61507.0,-6.2000000000000455
41600.0,136,5007.0,24.42439024390244,2.2581222114005395,136,62078.0,0.07446827078949962,136,62078.0,-5.709999999999923
41605.0,137,4904.0,23.805825242718445,2.4675243683061856,137,62666.0,0.08608115005998611,137,62666.0,-5.8799999999999955
41610.0,145,5209.0,25.28640776699029,2.362479085157397,145,63307.0,0.07340503421097712,145,63307.0,-6.410000000000082
41615.0,151,5490.0,26.39423076923077,2.092589134074781,151,63189.0,0.0602488876113566,151,63189.0,1.1800000000000637
41620.0,154,5750.0,27.38095238095238,1.9310033969688458,154,63951.0,0.04742635135341355,154,63951.0,-7.6200000000000045
41625.0,153,6014.0,28.77511961722488,1.924191675854353,153,63008.0,0.048074992734554095,153,63008.0,9.42999999999995
41630.0,151,6001.0,28.99033816425121,1.7947579842064014,151,63016.0,0.04849171821109001,151,63016.0,-0.07999999999992724
41635.0,150,5898.0,28.492753623188406,1.7594511101893702,150,62286.0,0.05167412277639672,150,62286.0,7.2999999999999545
41640.0,151,6100.0,29.468599033816425,1.7872914767570722,151,61559.0,0.05341260409070018,151,61559.0,7.269999999999982
41645.0,155,6312.0,30.346153846153847,1.695778740173345,155,60109.0,0.051058894701946356,155,60109.0,14.5
41650.0,155,6533.0,31.56038647342995,1.6689386067225307,155,58824.0,0.05618202045031217,155,58824.0,12.850000000000023
41655.0,153,6749.0,32.13809523809524,1.7262017951253306,153,57843.0,0.05424294316739098,153,57843.0,9.81000000000006
41660.0,154,6829.0,32.2122641509434,1.6988247086721548,153,58582.0,0.050473633246645784,153,58582.0,-7.3900000000001
41665.0,160,6978.0,32.30555555555556,1.687838475788575,160,59334.0,0.04862715504037702,160,59334.0,-7.519999999999982
41670.0,161,7230.0,33.78504672897196,1.6158999093657034,161,60106.0,0.044493029869823,161,60106.0,-7.719999999999914
41675.0,159,7400.0,35.07109004739336,1.48052681394247,159,60028.0,0.04477374009189114,159,60028.0,0.7799999999999727
41680.0,158,7511.0,35.59715639810427,1.6189828406103275,158,59084.0,0.05172605859496262,158,59084.0,9.43999999999994
41685.0,158,7631.0,35.82629107981221,1.7512246055396252,158,58159.0,0.05530474672962338,158,58159.0,9.25
41690.0,158,7719.0,36.410377358490564,1.7071368926173416,158,58351.0,0.05530765390085172,158,58351.0,-1.919999999999959
41695.0,157,7858.0,37.41904761904762,1.6354133482933304,157,57962.0,0.05432921235622953,157,57962.0,3.8899999999999864
41700.0,159,8279.0,39.61244019138756,1.6517823529413938,159,57625.0,0.061912517421322845,159,57625.0,3.3700000000000045
41705.0,160,8704.0,41.056603773584904,1.6697003613045804,160,56841.0,0.05647867726375178,160,56841.0,7.840000000000032
41710.0,160,9133.0,43.28436018957346,1.6572221385087427,160,56600.0,0.057648803304648374,160,56600.0,2.409999999999968
41715.0,157,9555.0,44.859154929577464,1.800145870920342,157,55848.0,0.06215760723589151,157,55848.0,7.519999999999982
41720.0,155,9965.0,47.22748815165877,1.7754565751735865,155,55106.0,0.06323051455275258,155,55106.0,7.420000000000073
41725.0,157,10364.0,48.65727699530517,1.703648042179131,157,55870.0,0.05611714222134013,157,55870.0,-7.6400000000001
41730.0,157,10772.0,50.57276995305164,1.6915585655789276,156,56636.0,0.05581805746189348,156,56636.0,-7.659999999999968
41735.0,159,11113.0,51.929906542056074,1.7086052106051188,159,57285.0,0.053962621586960136,159,57285.0,-6.490000000000009
41740.0,154,10684.0,50.159624413145536,1.7166714350995924,154,57520.0,0.056724747629022736,154,57520.0,-2.3500000000000227
41745.0,156,10178.0,47.33953488372093,1.7361835415531177,156,57225.0,0.055376278290379034,156,57225.0,2.9500000000000455
41750.0,158,9952.0,46.074074074074076,1.7990539425325989,158,56951.0,0.061656404059053344,158,56951.0,2.740000000000009
41755.0,161,9856.0,45.629629629629626,1.707256822523637,161,57599.0,0.05622415984242852,161,57599.0,-6.480000000000018
41760.0,163,9756.0,45.37674418604651,1.666421325229087,163,58146.0,0.055174416938782125,163,58146.0,-5.470000000000027
41765.0,167,9666.0,44.54377880184332,1.6001123412653364,167,58733.0,0.052227659346878196,167,58733.0,-5.8700000000000045
41770.0,167,9368.0,43.370370370370374,1.4382715706222948,167,58695.0,0.04314958166571223,167,58695.0,0.37999999999999545
41775.0,172,8972.0,41.345622119815665,1.3001652893201243,172,58679.0,0.03250542983358236,172,58679.0,0.16000000000008185
41780.0,173,8584.0,39.37614678899082,1.3450179595219536,173,58682.0,0.03429814347403538,173,58682.0,-0.030000000000086402
41785.0,172,8013.0,36.42272727272727,1.285544261699743,172,58987.0,0.029627185245613474,172,58987.0,-3.0499999999999545
41790.0,168,7310.0,33.22727272727273,1.3920035706258254,168,58721.0,0.03700591863641971,168,58721.0,2.659999999999968
41795.0,166,6625.0,30.251141552511417,1.422595889894288,166,58438.0,0.04368890578971203,166,58438.0,2.830000000000041
41800.0,162,5984.0,27.57603686635945,1.5006793641697924,162,57632.0,0.04724135584129307,162,57632.0,8.059999999999945
41805.0,162,5517.0,25.307339449541285,1.6110435671708954,162,56905.0,0.054537941597932654,162,56905.0,7.2700000000000955
41810.0,162,5620.0,25.662100456621005,1.6027886265636149,162,56200.0,0.049778078687124055,162,56200.0,7.0499999999999545
41815.0,167,5599.0,25.10762331838565,1.4989394951433697,166,57022.0,0.043826854824151655,166,57022.0,-8.220000000000027
41820.0,172,5507.0,24.69506726457399,1.4131082032652489,172,57860.0,0.04213011960828999,172,57860.0,-8.379999999999995
41825.0,174,5434.0,24.47747747747748,1.3263032503909036,174,58718.0,0.040496997813860805,174,58718.0,-8.579999999999927
41830.0,171,5431.0,24.574660633484164,1.3638801268745757,171,59052.0,0.04223130719088945,171,59052.0,-3.340000000000032
41835.0,169,5626.0,25.572727272727274,1.4422942138720098,169,58928.0,0.04956837234883875,169,58928.0,1.240000000000009
41840.0,168,6148.0,27.945454545454545,1.5738352998059029,168,59117.0,0.05409715858433467,168,59117.0,-1.8899999999999864
41845.0,169,6731.0,30.31981981981982,1.6556432741674845,169,59095.0,0.05330834091576265,169,59095.0,0.2199999999999136
41850.0,168,7380.0,33.09417040358744,1.8385869852849992,168,59407.0,0.0629661983391008,168,59407.0,-3.1200000000000045
41855.0,169,8153.0,36.72522522522522,1.840992630212153,169,59555.0,0.0654781175741445,169,59555.0,-1.4799999999999045
41860.0,173,8932.0,40.41628959276018,1.5750224678101161,172,60195.0,0.05033280177011635,172,60195.0,-6.400000000000091
41865.0,177,9735.0,44.04977375565611,1.426951406244782,177,61041.0,0.0457811786615678,177,61041.0,-8.459999999999923
41870.0,176,10284.0,46.53393665158371,1.4122275820184882,176,61695.0,0.04145303917754735,176,61695.0,-6.540000000000077
41875.0,175,10822.0,49.19090909090909,1.3417695987509695,175,62544.0,0.04000748634518661,175,62544.0,-8.490000000000009
41880.0,173,10964.0,49.387387387387385,1.3952689303305492,173,62750.0,0.03936449192718513,173,62750.0,-2.0599999999999454
41885.0,169,10887.0,48.82062780269058,1.506399699850407,169,62323.0,0.04692641540374557,169,62323.0,4.269999999999982
41890.0,170,11006.0,49.800904977375566,1.5199507718873415,170,61893.0,0.04850436922421661,170,61893.0,4.300000000000068
41895.0,174,11180.0,50.588235294117645,1.4574176919221238,174,62522.0,0.04540479898810473,174,62522.0,-6.290000000000077
41900.0,177,11344.0,51.33031674208145,1.3470529539098846,177,62985.0,0.039503718058076405,177,62985.0,-4.6299999999999955
41905.0,178,11533.0,51.950450450450454,1.3865718149588773,178,63496.0,0.04048055493308656,178,63496.0,-5.110000000000014
41910.0,175,11671.0,52.336322869955154,1.3624381026281627,175,63764.0,0.035651672752058,175,63764.0,-2.67999999999995
41915.0,173,11767.0,52.766816143497756,1.4427160006404531,173,63464.0,0.040043220571114174,173,63464.0,3.0
41920.0,172,11886.0,53.54054054054054,1.4285291938349636,172,63157.0,0.044875915859886484,172,63157.0,3.0699999999999363
41925.0,173,12001.0,54.05855855855856,1.3209832010897997,173,63818.0,0.03953749875101723,173,63818.0,-6.6099999999999
41930.0,173,12093.0,54.228699551569505,1.3354605612597275,173,64326.0,0.038440144222202294,173,64326.0,-5.080000000000041
41935.0,171,12177.0,54.361607142857146,1.466001632442198,171,64845.0,0.045837515851822046,171,64845.0,-5.190000000000055
41940.0,168,12010.0,53.856502242152466,1.3581866430636491,168,65390.0,0.04147803749366437,168,65390.0,-5.449999999999932
41945.0,166,11822.0,52.776785714285715,1.4223730325276662,166,65687.0,0.045058317804542065,166,65687.0,-2.9700000000000273
41950.0,171,12192.0,53.94690265486726,1.471574578303295,171,65993.0,0.04553064429719569,171,65993.0,-3.0599999999999454
41955.0,177,12598.0,55.25438596491228,1.4657141688693436,177,66066.0,0.042294853674476794,177,66066.0,-0.7300000000000182
41960.0,180,13018.0,56.8471615720524,1.4849303309102984,180,66286.0,0.04782731571457076,180,66286.0,-2.2000000000000455
41965.0,178,13362.0,58.095652173913045,1.391683221089499,178,67105.0,0.038698909550705686,178,67105.0,-8.18999999999994
41970.0,180,13668.0,59.685589519650655,1.3842781974863483,180,67951.0,0.038169361267687774,180,67951.0,-8.460000000000036
41975.0,179,13985.0,61.33771929824562,1.37229748256535,179,68648.0,0.03805372622185485,179,68648.0,-6.970000000000027
41980.0,179,14273.0,62.60087719298246,1.35269073395356,179,69335.0,0.034880863635706943,179,69335.0,-6.8700000000000045
41985.0,180,14576.0,63.65065502183406,1.3426606571884834,180,69821.0,0.03804837656098326,180,69821.0,-4.860000000000014
41990.0,177,14985.0,65.43668122270742,1.4295584434533286,177,70283.0,0.042887383787734754,177,70283.0,-4.6200000000000045
41995.0,175,15443.0,67.73245614035088,1.481120528657696,175,70558.0,0.04821459230331121,175,70558.0,-2.75
42000.0,176,15933.0,70.18942731277534,1.5033861836351885,175,71159.0,0.05119456647062658,175,71159.0,-6.009999999999991
42005.0,173,16456.0,72.8141592920354,1.456010378132284,173,71754.0,0.0481622867744997,173,71754.0,-5.949999999999932
42010.0,173,17146.0,76.54464285714286,1.378825869643723,173,72183.0,0.04541176613520473,173,72183.0,-4.290000000000077
42015.0,176,17572.0,77.40969162995594,1.26450164214688,175,72292.0,0.03920252498605879,175,72292.0,-1.0899999999999181
42020.0,173,17815.0,78.82743362831859,1.2851247004213389,173,71743.0,0.04369620575903004,173,71743.0,5.490000000000009
42025.0,173,18124.0,80.19469026548673,1.4089322823680521,173,71187.0,0.05030642161594377,173,71187.0,5.559999999999945
42030.0,173,18420.0,81.86666666666666,1.3721441390939866,173,71782.0,0.04288974280906076,173,71782.0,-5.9500000000000455
42035.0,176,18701.0,82.0219298245614,1.4261216226266586,176,72241.0,0.039957676493475716,176,72241.0,-4.589999999999918
42040.0,172,19024.0,83.07423580786026,1.567814057648693,172,72725.0,0.045968293255037436,172,72725.0,-4.840000000000032
42045.0,173,19364.0,84.5589519650655,1.635920560428417,173,73134.0,0.04814401506173874,173,73134.0,-4.090000000000032
42050.0,173,19704.0,86.42105263157895,1.6600671071854147,173,73608.0,0.047587865376116714,173,73608.0,-4.740000000000009
42055.0,177,20118.0,87.85152838427948,1.684458167649904,177,74147.0,0.04905415075508649,177,74147.0,-5.389999999999986
42060.0,178,20554.0,89.75545851528385,1.5758024128793173,178,74804.0,0.0449561425882647,178,74804.0,-6.569999999999936
42065.0,181,20996.0,91.68558951965065,1.4575351381643051,181,75457.0,0.03852642053833954,181,75457.0,-6.530000000000086
42070.0,182,21445.0,93.23913043478261,1.402692658997629,182,76233.0,0.032592080196021805,182,76233.0,-7.759999999999991
42075.0,184,21906.0,95.24347826086957,1.2431802465106336,184,77022.0,0.027878940015461897,184,77022.0,-7.889999999999986
42080.0,186,22488.0,99.06607929515418,1.1900303054352859,185,77826.0,0.03226726030793289,185,77826.0,-8.039999999999964
42085.0,193,23437.0,103.2466960352423,1.1076560010665712,192,78649.0,0.02386915471318373,192,78649.0,-8.230000000000018
42090.0,198,24412.0,108.49777777777778,0.8947720828285969,197,79534.0,0.0171396627132226,197,79534.0,-8.850000000000023
42095.0,200,25399.0,111.8898678414097,0.9885623892145192,199,80433.0,0.02228510434247153,199,80433.0,-8.990000000000009
42100.0,201,26388.0,117.28,0.8413707129751086,200,81326.0,0.016663661474964748,200,81326.0,-8.92999999999995
42105.0,201,27383.0,120.62995594713657,0.9411840166907796,201,82224.0,0.01631428963437265,201,82224.0,-8.980000000000018
42110.0,201,28152.0,124.01762114537445,0.9697787680006765,199,82388.0,0.012980996566710219,199,82388.0,-1.6399999999999864
42115.0,193,28717.0,128.20089285714286,1.0077636519483244,193,81831.0,0.02373353898956299,193,81831.0,5.57000000000005
42120.0,189,29268.0,130.66071428571428,1.1997002345410888,189,81257.0,0.030772477490532375,189,81257.0,5.739999999999895
42125.0,184,29798.0,132.43555555555557,1.4161655744375345,184,79956.0,0.034836536814280644,184,79956.0,13.010000000000105
42130.0,181,30298.0,135.86547085201795,1.4338206921835555,181,80756.0,0.030341952196481906,181,80756.0,-8.0
42135.0,181,30803.0,139.38009049773757,1.4644854192041736,181,81569.0,0.03457472327146105,181,81569.0,-8.13000000000011
42140.0,181,31308.0,143.61467889908258,1.3860479855186805,181,82391.0,0.03416117838997521,181,82391.0,-8.219999999999914
42145.0,178,31372.0,143.25114155251143,1.4814596491812406,178,82919.0,0.03276357652572288,178,82919.0,-5.280000000000086
42150.0,174,31123.0,143.42396313364054,1.4865518884437692,174,83133.0,0.03384421986306162,174,83133.0,-2.1399999999999864
42155.0,169,30853.0,141.5275229357798,1.6618616841943041,169,83325.0,0.043829589065880616,169,83325.0,-1.919999999999959
42160.0,165,29431.0,135.0045871559633,1.6494549543964985,165,83193.0,0.03877065821162276,165,83193.0,1.32000000000005
42165.0,160,27236.0,126.67906976744186,1.6984501815526227,160,82108.0,0.04614505891957043,160,82108.0,10.849999999999909
42170.0,156,25020.0,118.5781990521327,1.7188229754920559,156,81006.0,0.05280178662755675,156,81006.0,11.020000000000095
42175.0,152,22853.0,109.8701923076923,1.596842706002571,152,81671.0,0.04985808441433184,152,81671.0,-6.650000000000091
42180.0,157,21023.0,100.58851674641149,1.6224249153255204,157,82356.0,0.04894841214751798,157,82356.0,-6.849999999999909
42185.0,162,19218.0,91.51428571428572,1.5719415860212074,162,83074.0,0.04513299958887639,162,83074.0,-7.180000000000064
42190.0,162,17243.0,82.10952380952381,1.5069244988979427,162,83022.0,0.03577798993399678,162,83022.0,0.5199999999999818
42195.0,158,15130.0,73.09178743961353,1.522610338689914,158,82254.0,0.04347996581126756,158,82254.0,7.680000000000064
42200.0,155,13003.0,62.81642512077295,1.6039663174131642,155,81474.0,0.04748354747142253,155,81474.0,7.7999999999999545
42205.0,151,10815.0,51.99519230769231,1.6103330312091448,151,81229.0,0.04624581087342728,151,81229.0,2.4500000000000455
42210.0,151,8724.0,41.74162679425837,1.697513563629642,151,80076.0,0.046577729446386266,151,80076.0,11.529999999999973
42215.0,151,7149.0,34.042857142857144,1.8363525235719782,151,78954.0,0.05607751913123396,151,78954.0,11.220000000000027
42220.0,151,5574.0,27.058252427184467,1.7642114706708538,151,76960.0,0.05448424077055271,151,76960.0,19.93999999999994
42225.0,148,4368.0,21.307317073170733,1.8194177221280547,148,74972.0,0.06194608202337504,148,74972.0,19.879999999999995
42230.0,149,4447.0,21.379807692307693,1.7636578958865938,149,75273.0,0.05526913359822566,149,75273.0,-3.009999999999991
42235.0,149,4390.0,21.10576923076923,1.6950327937393084,149,75214.0,0.05761084839373132,149,75214.0,0.5900000000000318
42240.0,149,4334.0,20.83653846153846,1.7958699750351204,149,75152.0,0.06108133372036914,149,75152.0,0.6200000000000045
42245.0,147,4272.0,20.440191387559807,1.9908071285331825,147,74775.0,0.06355758376488974,147,74775.0,3.769999999999982
42250.0,142,4219.0,20.1866028708134,2.3008369851460233,142,74366.0,0.07566978583833668,142,74366.0,4.090000000000032
42255.0,140,4104.0,19.82608695652174,2.0977867722094414,140,75011.0,0.06326154863481752,140,75011.0,-6.4500000000000455
42260.0,147,4271.0,20.733009708737864,1.9785200564265526,147,75679.0,0.06115806361982912,147,75679.0,-6.67999999999995
42265.0,149,4488.0,21.473684210526315,1.961155855513651,149,76304.0,0.057249315486584025,149,76304.0,-6.25
42270.0,147,4733.0,22.864734299516908,1.98922590987608,147,76886.0,0.06229092214620137,147,76886.0,-5.82000000000005
42275.0,154,5138.0,24.583732057416267,1.9462830918167024,154,77522.0,0.06357887603955192,154,77522.0,-6.360000000000014
42280.0,161,5431.0,25.985645933014354,1.6631909760019423,161,77375.0,0.04756678081016922,161,77375.0,1.4700000000000273
42285.0,162,5641.0,27.383495145631066,1.4450700322958698,162,77245.0,0.04470268258261601,162,77245.0,1.2999999999999545
42290.0,159,5840.0,28.349514563106798,1.4658214384931787,159,77115.0,0.04433899209754488,159,77115.0,1.3000000000000682
42295.0,157,6107.0,29.502415458937197,1.5222075216122084,157,77841.0,0.04568795018012502,157,77841.0,-7.259999999999991
42300.0,161,6628.0,32.33170731707317,1.4104423809373732,161,78559.0,0.04357360054513687,161,78559.0,-7.180000000000064
42305.0,169,7205.0,34.63942307692308,1.2867681257396955,169,79331.0,0.03726495465935065,169,79331.0,-7.719999999999914
42310.0,172,7761.0,36.957142857142856,1.185514994743267,171,79297.0,0.026900629400800444,171,79297.0,0.33999999999991815
42315.0,172,8283.0,39.44285714285714,1.0867360934089598,172,80153.0,0.025057561632790114,172,80153.0,-8.559999999999945
42320.0,171,8795.0,41.485849056603776,1.164553608178338,171,79216.0,0.029801971445623972,171,79216.0,9.370000000000005
42325.0,170,9302.0,43.671361502347416,1.160289632705697,170,77404.0,0.03416706190055972,170,77404.0,18.120000000000005
42330.0,166,9798.0,46.216981132075475,1.2188795120987341,166,76465.0,0.037215772790255605,166,76465.0,9.389999999999986
42335.0,163,10286.0,48.291079812206576,1.2663273142184241,163,75530.0,0.03891208399657337,163,75530.0,9.350000000000023
42340.0,162,10740.0,50.42253521126761,1.3237413379851846,162,76296.0,0.04112906944079597,162,76296.0,-7.660000000000082
42345.0,161,11338.0,52.981308411214954,1.4265626960063083,161,77049.0,0.04463133609938285,161,77049.0,-7.529999999999973
42350.0,165,12062.0,56.36448598130841,1.4556183176905575,165,77855.0,0.04191495091139633,165,77855.0,-8.059999999999945
42355.0,169,12359.0,57.217592592592595,1.3990895575129496,169,77813.0,0.03528159437544693,169,77813.0,0.4199999999999591
42360.0,167,12358.0,57.21296296296296,1.4790622692854387,167,76912.0,0.03674736654520021,167,76912.0,9.009999999999991
42365.0,162,12338.0,57.38604651162791,1.6609509835042735,162,75995.0,0.04784459140721059,162,75995.0,9.169999999999959
42370.0,158,11952.0,56.37735849056604,1.584485559925551,158,76318.0,0.04419438605514044,158,76318.0,-3.2299999999999045
42375.0,155,11335.0,53.21596244131455,1.671829294552587,155,76632.0,0.04312561119375057,155,76632.0,-3.1400000000001
42380.0,155,10775.0,51.06635071090047,1.6708859995852996,155,76930.0,0.04766163051704066,155,76930.0,-2.9799999999999045
42385.0,155,10088.0,47.58490566037736,1.5624987466937288,155,76813.0,0.0426325379544807,155,76813.0,1.169999999999959
42390.0,156,9317.0,43.948113207547166,1.550674558007693,156,75815.0,0.04178339425638873,156,75815.0,9.980000000000018
42395.0,156,8547.0,40.507109004739334,1.590958127345262,156,74829.0,0.04781926494180792,156,74829.0,9.860000000000014
42400.0,154,7653.0,36.27014218009479,1.5262169695334271,154,75540.0,0.04375279215830226,154,75540.0,-7.110000000000014
42405.0,152,6821.0,32.63636363636363,1.4773483598850083,152,76236.0,0.04547731376803618,152,76236.0,-6.960000000000036
42410.0,154,6036.0,28.880382775119617,1.5493517701748474,154,76947.0,0.04874486005750694,154,76947.0,-7.110000000000014
42415.0,155,5168.0,24.727272727272727,1.4586151522588933,155,77198.0,0.04407721230874609,155,77198.0,-2.509999999999991
42420.0,153,4402.0,21.16346153846154,1.4709011494364257,153,77000.0,0.042221581592732316,153,77000.0,1.9800000000000182
42425.0,154,4223.0,20.205741626794257,1.5342521407929366,154,76806.0,0.04862389742753366,154,76806.0,1.9400000000000546
42430.0,155,4095.0,19.5,1.5847420588656713,155,76168.0,0.04935709664219513,155,76168.0,6.3799999999999955
42435.0,154,4039.0,19.05188679245283,1.666361382454238,154,76887.0,0.05034134845105125,154,76887.0,-7.190000000000055
42440.0,160,4428.0,20.88679245283019,1.5250542461974612,160,77605.0,0.04154725061273928,160,77605.0,-7.17999999999995
42445.0,163,4872.0,22.9811320754717,1.5474361812783686,163,78350.0,0.04251657707720847,163,78350.0,-7.4500000000000455
42450.0,166,5179.0,24.66190476190476,1.4192297083190177,166,78249.0,0.03953204301065122,166,78249.0,1.009999999999991
42455.0,168,5462.0,25.886255924170616,1.4225429716580753,168,77278.0,0.040106206246776105,168,77278.0,9.710000000000036
42460.0,169,5748.0,27.11320754716981,1.480038959176495,169,76326.0,0.04214106199763119,169,76326.0,9.519999999999982
42465.0,165,6023.0,28.545023696682463,1.5114229250190079,165,74472.0,0.045487827387669245,165,74472.0,18.539999999999964
42470.0,163,6286.0,29.933333333333334,1.6226300295650837,163,72626.0,0.05248081833540023,163,72626.0,18.460000000000036
42475.0,160,6415.0,30.402843601895736,1.6048231268231283,160,73396.0,0.051137582806734735,160,73396.0,-7.7000000000000455
42480.0,162,6502.0,31.259615384615383,1.5414134228123981,162,74173.0,0.049121325499768366,162,74173.0,-7.769999999999982
42485.0,165,6694.0,31.876190476190477,1.4878869594485304,165,74481.0,0.04628416838222587,165,74481.0,-3.0799999999999272
42490.0,165,6831.0,32.37440758293839,1.4851269177747621,165,74402.0,0.04191666493901056,165,74402.0,0.7899999999999636
42495.0,162,6933.0,32.85781990521327,1.4697790736293301,162,73440.0,0.045241764254976356,162,73440.0,9.620000000000005
42500.0,160,7022.0,33.43809523809524,1.5608982582838629,160,72559.0,0.05120584730616074,160,72559.0,8.809999999999945
42505.0,157,7095.0,33.62559241706161,1.5753149506022885,157,70993.0,0.052188369225397546,157,70993.0,15.660000000000082
42510.0,155,7101.0,33.654028436018955,1.616401681751192,154,71223.0,0.05196718833438834,154,71223.0,-2.300000000000068
42515.0,154,7156.0,33.91469194312796,1.5543743331587325,154,71977.0,0.04885782501357877,154,71977.0,-7.539999999999964
42520.0,155,7506.0,35.573459715639814,1.6332728302447974,155,71681.0,0.05181736876516882,155,71681.0,2.9600000000000364
42525.0,158,7633.0,36.175355450236964,1.3935797532868244,158,72337.0,0.04470715034483227,158,72337.0,-6.560000000000059
42530.0,157,7695.0,36.642857142857146,1.3500775194914032,157,73012.0,0.041578803254645684,157,73012.0,-6.75
42535.0,155,7975.0,37.617924528301884,1.4165105604983146,155,73699.0,0.046043154130189036,155,73699.0,-6.8700000000000045
42540.0,158,8366.0,39.27699530516432,1.3904099133697234,158,73944.0,0.040608610816244166,158,73944.0,-2.4500000000000455
42545.0,160,8856.0,41.19069767441861,1.3736064265585202,160,73670.0,0.04056949748668765,160,73670.0,2.740000000000009
42550.0,159,9408.0,44.16901408450704,1.4573550880577995,159,73384.0,0.04883157111096979,159,73384.0,2.8600000000000136
42555.0,163,9979.0,46.413953488372094,1.4312520304164769,163,74064.0,0.0446512931192114,163,74064.0,-6.7999999999999545
42560.0,164,10526.0,48.95813953488372,1.3702913751911252,164,74750.0,0.03958670902806454,164,74750.0,-6.860000000000014
42565.0,165,11103.0,51.16589861751152,1.364581751518377,165,75367.0,0.03880023605552509,165,75367.0,-6.169999999999959
42570.0,166,11231.0,52.23720930232558,1.2411626450921782,166,75251.0,0.036250255475565575,166,75251.0,1.1599999999999682
42575.0,170,11050.0,50.92165898617512,1.2124789373687592,170,75149.0,0.03139243283645631,170,75149.0,1.0199999999999818
42580.0,172,10962.0,50.75,1.2053178699310305,172,75068.0,0.033763944430592094,172,75068.0,0.8100000000000591
42585.0,173,10884.0,49.472727272727276,1.2631153359595684,173,73243.0,0.036187653329602026,173,73243.0,18.25
42590.0,172,10812.0,49.14545454545455,1.383136699193823,172,72323.0,0.04088472482043264,172,72323.0,9.199999999999932
42595.0,171,10660.0,48.45454545454545,1.2631848357135482,171,73089.0,0.03182741182360118,171,73089.0,-7.659999999999968
42600.0,167,10440.0,48.11059907834101,1.3529330656418155,167,73780.0,0.04116450160367822,167,73780.0,-6.909999999999968
42605.0,164,10274.0,47.56481481481482,1.4422783908747288,164,74487.0,0.04600436334224478,164,74487.0,-7.07000000000005
42610.0,169,9954.0,45.87096774193548,1.4518863776683277,169,74436.0,0.03862331680434004,169,74436.0,0.5099999999999909
42615.0,174,9458.0,43.18721461187214,1.4085177817533636,174,73546.0,0.03314212161267534,174,73546.0,8.899999999999977
42620.0,171,8962.0,41.29953917050691,1.4708171010086342,171,72660.0,0.041563449669714515,171,72660.0,8.860000000000014
42625.0,168,8452.0,38.593607305936075,1.58953607179686,168,70918.0,0.04315999430293376,168,70918.0,17.420000000000073
42630.0,165,7934.0,36.39449541284404,1.7714062774172565,165,69317.0,0.05353922222605446,165,69317.0,16.00999999999999
42635.0,161,7584.0,34.788990825688074,1.834079498456594,161,67998.0,0.05787643248959317,161,67998.0,13.18999999999994
42640.0,160,7747.0,35.86574074074074,1.7290176128778056,160,67921.0,0.053550798431899506,160,67921.0,0.7699999999999818
42645.0,160,7817.0,36.18981481481482,1.727624076523431,160,66959.0,0.05700811346622333,160,66959.0,9.620000000000005
42650.0,163,7894.0,36.5462962962963,1.7564084346612858,163,65997.0,0.057453391684096335,163,65997.0,9.620000000000005
42655.0,158,7959.0,37.01860465116279,1.8170073760261607,158,64172.0,0.058548830512866384,158,64172.0,18.25
42660.0,156,7864.0,36.57674418604651,1.8942186117035262,156,64866.0,0.05905368352280193,156,64866.0,-6.939999999999941
42665.0,153,7655.0,35.43981481481482,1.932414577786045,153,65459.0,0.05888566148053311,153,65459.0,-5.930000000000064
42670.0,151,7571.0,35.050925925925924,2.1316337609858613,151,66067.0,0.06553097384040453,151,66067.0,-6.079999999999927
42675.0,151,7711.0,35.699074074074076,2.108846620263197,151,65930.0,0.06193122730593096,151,65930.0,1.3700000000000045
42680.0,157,8177.0,38.21028037383178,1.9378228721749213,157,65819.0,0.05178559048842072,157,65819.0,1.1099999999999
42685.0,160,8661.0,40.09722222222222,1.8156756345200709,160,65731.0,0.046491433096079185,160,65731.0,0.8800000000001091
42690.0,161,9110.0,42.175925925925924,1.6898378136861145,161,66448.0,0.03915670025250229,161,66448.0,-7.170000000000073
42695.0,158,9522.0,44.288372093023256,1.6531116349808888,158,67093.0,0.04301913969123869,158,67093.0,-6.449999999999932
42700.0,156,9964.0,46.5607476635514,1.7696337403526543,156,67729.0,0.051736479031343256,156,67729.0,-6.360000000000014
42705.0,160,10479.0,49.19718309859155,1.5164975164643455,160,67610.0,0.042359598004018506,160,67610.0,1.1899999999999409
42710.0,167,11136.0,52.03738317757009,1.414794311430592,166,67520.0,0.03643959807287623,166,67520.0,0.8999999999999773
42715.0,170,11808.0,55.177570093457945,1.19533124152414,170,67466.0,0.030935171765815696,170,67466.0,0.5400000000000773
42720.0,169,12482.0,58.32710280373832,1.2410846840764505,169,66563.0,0.032494742020265664,169,66563.0,9.029999999999973
42725.0,166,13147.0,61.14883720930233,1.307496278332127,166,65665.0,0.04139747877800182,166,65665.0,8.980000000000018
42730.0,165,13729.0,63.56018518518518,1.3235206384038316,165,65579.0,0.037498780616921835,165,65579.0,0.8600000000000136
42735.0,165,14279.0,65.20091324200914,1.3242387384958458,165,66307.0,0.037416557795676604,165,66307.0,-7.280000000000086
42740.0,165,14967.0,68.97235023041475,1.45280980125809,165,67038.0,0.04605847687970828,165,67038.0,-7.309999999999945
42745.0,169,15711.0,72.06880733944953,1.4856025417225462,169,67788.0,0.04193725135329909,169,67788.0,-7.5
42750.0,174,16424.0,75.68663594470046,1.3140256308974447,174,67786.0,0.031412951174526096,174,67786.0,0.01999999999998181
42755.0,173,17108.0,78.4770642201835,1.2829394559565939,173,67798.0,0.030127081657676743,173,67798.0,-0.12000000000000455
42760.0,169,17776.0,82.29629629629629,1.3262012466324837,169,66999.0,0.03497326342947729,169,66999.0,7.990000000000009
42765.0,164,18421.0,85.2824074074074,1.4592189317858044,164,66248.0,0.042157683255458815,164,66248.0,7.509999999999991
42770.0,161,19062.0,88.66046511627907,1.5484850216608228,161,65818.0,0.047306476315035255,161,65818.0,4.300000000000068
42775.0,161,19099.0,88.01382488479263,1.5145284713335745,160,65888.0,0.04426675720193664,160,65888.0,-0.7000000000000455
42780.0,160,18695.0,86.95348837209302,1.535613873866905,160,65206.0,0.04599055745809095,160,65206.0,6.82000000000005
42785.0,161,18296.0,85.09767441860465,1.529338105126729,161,64534.0,0.04991542517989872,161,64534.0,6.719999999999914
42790.0,159,17855.0,83.04651162790698,1.5455770662348791,159,64908.0,0.0452116231733919,159,64908.0,-3.740000000000009
42795.0,156,17375.0,80.43981481481481,1.6885382659076944,156,64873.0,0.0455534414730215,156,64873.0,0.35000000000002274
42800.0,154,16883.0,78.52558139534884,1.8303071168416525,154,64861.0,0.05213821814913752,154,64861.0,0.12000000000000455
42805.0,151,16333.0,76.32242990654206,1.6981054617706002,151,64874.0,0.04671015565001185,151,64874.0,-0.12999999999999545
42810.0,147,15744.0,73.57009345794393,1.870313554061597,147,64133.0,0.05444143954126905,147,64133.0,7.409999999999968
42815.0,143,15175.0,70.5813953488372,2.0091272686270694,143,63371.0,0.061107021232741816,143,63371.0,7.6200000000000045
42820.0,145,14441.0,67.16744186046512,2.017688239440824,144,64004.0,0.057339055870874144,144,64004.0,-6.329999999999927
42825.0,146,13647.0,63.18055555555556,1.9618340009504853,146,64737.0,0.051644042749462396,146,64737.0,-7.330000000000041
42830.0,148,13063.0,61.328638497652584,1.8417636146524972,148,65312.0,0.051594695749790684,148,65312.0,-5.75
42835.0,149,12558.0,59.8,1.6789130792515965,149,65858.0,0.052091455988114745,149,65858.0,-5.460000000000036
42840.0,151,12245.0,58.588516746411486,1.6369091215941667,151,65844.0,0.051238207844026724,151,65844.0,0.13999999999998636
42845.0,157,12773.0,60.535545023696685,1.4726420112688476,157,65141.0,0.04685394067034547,157,65141.0,7.030000000000086
42850.0,159,13339.0,62.624413145539904,1.5763406632640076,159,64500.0,0.05070530819033396,159,64500.0,6.409999999999968
42855.0,159,13953.0,65.20093457943925,1.5959613178375307,159,63167.0,0.04891764688870271,159,63167.0,13.330000000000041
42860.0,162,14582.0,67.8232558139535,1.7170365823035647,162,61857.0,0.055674508005245066,162,61857.0,13.099999999999909
42865.0,162,14548.0,67.35185185185185,1.6527631913311145,162,61772.0,0.04952608303924884,162,61772.0,0.8500000000000227
42870.0,161,14090.0,65.8411214953271,1.5846251393474324,161,60943.0,0.05080200950845825,161,60943.0,8.290000000000077
42875.0,161,13674.0,63.013824884792626,1.6752639454315512,161,60138.0,0.05322725577757671,161,60138.0,8.049999999999955
42880.0,164,13272.0,60.602739726027394,1.8130583978814476,164,58565.0,0.05311597649875735,164,58565.0,15.730000000000018
42885.0,160,12857.0,58.44090909090909,1.9388867598439845,160,56996.0,0.057243950418601426,160,56996.0,15.68999999999994
42890.0,158,12432.0,57.027522935779814,1.9900401762742541,158,55682.0,0.06485449210858639,158,55682.0,13.139999999999986
42895.0,154,11720.0,53.76146788990825,1.9135086398829015,154,55984.0,0.05630663834565102,154,55984.0,-3.019999999999982
42900.0,149,10807.0,50.032407407407405,2.065722376347623,149,55795.0,0.06636217062481292,149,55795.0,1.8899999999999864
42905.0,147,9914.0,46.11162790697674,2.1713282076570417,147,55597.0,0.07143586591480147,147,55597.0,1.9800000000000182
42910.0,146,8862.0,41.605633802816904,2.14925612214223,146,56207.0,0.07190532680026669,146,56207.0,-6.100000000000023
42915.0,148,7676.0,36.03755868544601,2.056321218316924,148,56730.0,0.06119924214615241,148,56730.0,-5.2299999999999045
42920.0,146,6665.0,31.43867924528302,2.1467992074871334,146,57282.0,0.06757176872169489,146,57282.0,-5.5200000000000955
42925.0,146,5888.0,27.90521327014218,2.1407835631041756,146,57795.0,0.06845732348365975,146,57795.0,-5.1299999999999955
42930.0,148,5193.0,24.61137440758294,2.0862518314795526,148,57763.0,0.06546949126823544,148,57763.0,0.32000000000005
42935.0,156,5183.0,24.106976744186046,1.9158039311543447,156,57005.0,0.05464739305510508,156,57005.0,7.580000000000041
42940.0,158,5195.0,23.94009216589862,1.9553355771754128,158,56270.0,0.051787626379064235,158,56270.0,7.349999999999909
42945.0,159,5172.0,23.944444444444443,1.6902507065159331,159,56988.0,0.03760097918342634,159,56988.0,-7.17999999999995
42950.0,159,5125.0,23.94859813084112,1.6532285270509903,159,57724.0,0.04092707356636483,159,57724.0,-7.360000000000014
42955.0,159,5132.0,23.869767441860464,1.7334891707931765,159,58412.0,0.04547280819260833,159,58412.0,-6.8799999999999955
42960.0,164,5134.0,23.87906976744186,1.5732796323280407,164,58707.0,0.04013500619815413,164,58707.0,-2.9500000000000455
42965.0,168,5396.0,25.09767441860465,1.3675775897842164,168,59035.0,0.032108711719795166,168,59035.0,-3.2799999999999727
42970.0,171,5671.0,26.25462962962963,1.3619716180339436,171,59373.0,0.033941147115905575,171,59373.0,-3.3799999999999955
42975.0,169,5941.0,27.50462962962963,1.3703240108506867,169,58752.0,0.039687859816806656,169,58752.0,6.210000000000036
42980.0,168,6140.0,28.425925925925927,1.284062557832081,168,59528.0,0.03638081007020015,168,59528.0,-7.759999999999991
42985.0,164,6297.0,29.15277777777778,1.3203799882344895,164,60263.0,0.03893948338462252,164,60263.0,-7.350000000000023
42990.0,165,6590.0,30.651162790697676,1.441084411700441,165,61009.0,0.045563692857319066,165,61009.0,-7.460000000000036
42995.0,167,6690.0,31.261682242990656,1.2921386589942676,167,61044.0,0.036131989090888696,167,61044.0,-0.35000000000002274
43000.0,170,6787.0,31.567441860465117,1.356361078117844,170,60373.0,0.034478737421561864,170,60373.0,6.710000000000036
43005.0,170,6886.0,31.732718894009217,1.4065359235838635,170,59780.0,0.03922904253874782,170,59780.0,5.930000000000064
43010.0,167,6888.0,31.59633027522936,1.4462942973755832,167,60119.0,0.037282614640381045,167,60119.0,-3.3900000000001
43015.0,164,6818.0,31.564814814814813,1.4010923813314813,164,59954.0,0.03879995359926175,164,59954.0,1.650000000000091
43020.0,161,6739.0,31.199074074074073,1.59244969704348,161,59782.0,0.046157245286759574,161,59782.0,1.7199999999999136
43025.0,157,6468.0,30.08372093023256,1.5118661279240855,157,59739.0,0.04174732052759757,157,59739.0,0.43000000000006366
43030.0,157,6211.0,28.888372093023257,1.5855645894820698,157,58866.0,0.04537282497068891,157,58866.0,8.730000000000018
43035.0,157,5956.0,27.70232558139535,1.6677400466089582,157,57991.0,0.05154360225082011,157,57991.0,8.75
43040.0,159,5704.0,26.654205607476637,1.6334838403629688,159,56699.0,0.051705352916244444,159,56699.0,12.919999999999959
43045.0,155,5444.0,25.203703703703702,1.8570375119081595,155,55474.0,0.06033344007584102,155,55474.0,12.25
43050.0,152,5083.0,23.42396313364055,1.8407495536921656,152,55483.0,0.05308044248085094,152,55483.0,-0.09000000000003183
43055.0,148,4683.0,21.88317757009346,1.7877390511334244,148,54730.0,0.0576642607050421,148,54730.0,7.530000000000086
43060.0,145,4390.0,20.70754716981132,1.9887526130707531,145,53956.0,0.06767603386265168,145,53956.0,7.740000000000009
43065.0,146,4161.0,19.535211267605632,1.9317395393226162,146,54585.0,0.058788912614530134,146,54585.0,-6.290000000000077
43070.0,146,3821.0,17.938967136150236,1.9755887164091273,146,55137.0,0.0599532558604744,146,55137.0,-5.519999999999982
43075.0,143,3708.0,17.49056603773585,1.996913516985404,143,55704.0,0.0649622083589618,143,55704.0,-5.669999999999959
43080.0,150,3756.0,17.71698113207547,1.8438035461579974,150,55783.0,0.06018358458434162,150,55783.0,-0.7900000000000773
43085.0,156,3782.0,17.590697674418603,1.8082767835167588,156,55248.0,0.052699879212387564,156,55248.0,5.350000000000023
43090.0,155,3914.0,18.375586854460092,1.9031303514605906,155,54722.0,0.05953953499736009,155,54722.0,5.259999999999991
43095.0,156,4348.0,20.317757009345794,1.8695332842188028,156,53569.0,0.05588662470173317,156,53569.0,11.529999999999973
43100.0,162,4735.0,22.023255813953487,1.7640544460524652,162,54361.0,0.052692449119070374,162,54361.0,-7.919999999999959
43105.0,160,5084.0,23.428571428571427,1.7540337937834705,160,54989.0,0.04205189235729876,160,54989.0,-6.279999999999973
43110.0,159,5473.0,25.694835680751172,1.69180837920005,159,55644.0,0.04868957815322596,159,55644.0,-6.550000000000068
43115.0,158,5703.0,26.900943396226417,1.5304209781040723,158,55850.0,0.04686558472618824,158,55850.0,-2.0599999999999454
43120.0,167,5919.0,27.6588785046729,1.3951277012587022,167,56088.0,0.03950260594158287,167,56088.0,-2.3799999999999955
43125.0,168,6160.0,28.651162790697676,1.3671082926751759,168,56350.0,0.038074940523281954,168,56350.0,-2.6200000000000045
43130.0,168,6400.0,29.767441860465116,1.3951364789960596,168,56039.0,0.04212385130453752,168,56039.0,3.1100000000000136
43135.0,168,6587.0,30.21559633027523,1.3667044296563011,168,56802.0,0.035881478494625405,168,56802.0,-7.6299999999999955
43140.0,166,6782.0,31.110091743119266,1.5119837863400416,166,57513.0,0.04400944751607904,166,57513.0,-7.110000000000014
43145.0,164,7065.0,32.86046511627907,1.5600821656124724,164,58238.0,0.04984817796792421,164,58238.0,-7.25
43150.0,169,7190.0,33.598130841121495,1.3514838346113807,169,58283.0,0.03719340885373489,169,58283.0,-0.4500000000000455
43155.0,174,7169.0,33.18981481481482,1.19781931023417,174,57569.0,0.0288747057295716,174,57569.0,7.139999999999986
43160.0,171,7149.0,33.25116279069768,1.3162195725864272,171,56857.0,0.03781500304705439,171,56857.0,7.1200000000000045
43165.0,167,7112.0,32.925925925925924,1.3799622237825124,167,55784.0,0.039302905834015064,167,55784.0,10.730000000000018
43170.0,165,7064.0,32.7037037037037,1.5884144270483214,165,54785.0,0.048602371324686686,165,54785.0,9.990000000000009
43175.0,162,7002.0,32.11926605504587,1.6576718855396684,162,53936.0,0.0510244202843439,162,53936.0,8.490000000000009
43180.0,161,7048.0,32.47926267281106,1.701375043319628,161,53643.0,0.05384381348079193,161,53643.0,2.9300000000000637
43185.0,162,7323.0,33.90277777777778,1.6220927264946337,162,54381.0,0.0530154544433086,162,54381.0,-7.3799999999999955
43190.0,164,7532.0,34.55045871559633,1.7447827659948112,164,55064.0,0.05462204164367244,164,55064.0,-6.830000000000041
43195.0,164,7873.0,35.78636363636364,1.8595294183291726,164,55769.0,0.057841310362209845,164,55769.0,-7.050000000000068
43200.0,167,8225.0,37.903225806451616,1.7215956558903438,167,56034.0,0.05095720986495896,167,56034.0,-2.6499999999999773
43205.0,166,8552.0,39.592592592592595,1.715467248952952,166,55736.0,0.04826831411806092,166,55736.0,2.980000000000018
43210.0,162,8868.0,41.63380281690141,1.8516782008523276,162,55429.0,0.057199295279082456,162,55429.0,3.07000000000005
43215.0,158,9231.0,43.33802816901409,1.861171997329718,158,56168.0,0.05355574122065301,158,56168.0,-7.389999999999986
43220.0,159,9872.0,46.347417840375584,1.9244046400928083,159,56867.0,0.05490708512986182,159,56867.0,-6.990000000000009
43225.0,164,10593.0,49.269767441860466,1.8977889395601466,164,57599.0,0.052141397175207396,164,57599.0,-7.32000000000005
43230.0,168,11055.0,51.41860465116279,1.6018915583738025,168,57789.0,0.03278379608446864,168,57789.0,-1.8999999999999773
43235.0,170,11340.0,52.99065420560748,1.5512563954243581,170,57999.0,0.0353604317630199,170,57999.0,-2.1000000000000227
43240.0,166,11609.0,54.24766355140187,1.5493844032381514,166,58195.0,0.035264357074856735,166,58195.0,-1.9600000000000364
43245.0,164,11433.0,53.67605633802817,1.4906258934758156,164,58232.0,0.0348225262175906,164,58232.0,-0.37000000000000455
43250.0,162,10961.0,51.947867298578196,1.4229807689050282,162,57566.0,0.037490626203889925,162,57566.0,6.660000000000082
43255.0,158,10524.0,49.87677725118483,1.4956271881451484,158,56983.0,0.043467680882910115,158,56983.0,5.829999999999927
43260.0,159,10107.0,48.35885167464115,1.532347587489602,159,55808.0,0.04701625064042251,159,55808.0,11.75
43265.0,159,9692.0,45.93364928909953,1.7567419694710733,159,54652.0,0.055375111600460034,159,54652.0,11.56000000000006
43270.0,156,9191.0,44.1875,1.4769029652557615,156,54778.0,0.043006456897697665,156,54778.0,-1.259999999999991
43275.0,153,8624.0,41.46153846153846,1.4816526496746703,153,54397.0,0.04883422424984644,153,54397.0,3.8099999999999454
43280.0,150,8043.0,38.483253588516746,1.7576174891571326,150,54165.0,0.06034603821274754,150,54165.0,2.32000000000005
43285.0,147,7276.0,34.647619047619045,1.768479475658272,147,54828.0,0.05485125320186355,147,54828.0,-6.6299999999999955
43290.0,144,6426.0,30.454976303317537,1.8984837583480776,144,55415.0,0.059092538804522234,144,55415.0,-5.8700000000000045
43295.0,144,5867.0,27.67452830188679,1.9757094225063763,144,56013.0,0.06151115326456795,144,56013.0,-5.980000000000018
43300.0,150,5490.0,25.774647887323944,1.9096541446261435,150,56109.0,0.05526817581120946,150,56109.0,-0.9600000000000364
43305.0,156,5003.0,23.378504672897197,1.7567516360682796,156,55602.0,0.047474560321382336,156,55602.0,5.07000000000005
43310.0,155,4699.0,22.270142180094787,1.8077827632557362,155,55108.0,0.056284279486760826,155,55108.0,4.939999999999941
43315.0,155,4919.0,23.202830188679247,1.810616896588093,155,53991.0,0.057326705107518444,155,53991.0,11.170000000000073
43320.0,158,5147.0,24.164319248826292,1.8284455830033943,158,53139.0,0.05694175038830707,158,53139.0,8.519999999999982
43325.0,156,5376.0,25.239436619718308,1.794092119860402,156,52311.0,0.0579178384000326,156,52311.0,8.279999999999973
43330.0,154,5502.0,26.075829383886255,1.7029055663280337,154,53004.0,0.052718176895986395,154,53004.0,-6.92999999999995
43335.0,151,5588.0,26.60952380952381,1.685628721768035,151,53627.0,0.058747644888451536,151,53627.0,-6.230000000000018
43340.0,155,5896.0,27.81132075471698,1.874257881852469,155,54295.0,0.06361018239100003,155,54295.0,-6.680000000000064
43345.0,161,6078.0,28.13888888888889,1.8005212797787062,160,54529.0,0.0511539054717613,160,54529.0,-2.339999999999918
43350.0,164,6161.0,28.391705069124423,1.780630995984151,164,55348.0,0.045761449325679514,164,55348.0,-8.190000000000055
43355.0,164,6254.0,28.557077625570777,1.8170789411696004,164,55056.0,0.046922070461958336,164,55056.0,2.9200000000000728
43360.0,162,6415.0,29.837209302325583,1.7879539384094245,162,54265.0,0.05261095048613114,162,54265.0,7.909999999999968
43365.0,158,6554.0,30.769953051643192,1.7626839987211271,158,54494.0,0.05313189487951274,158,54494.0,-2.2900000000000773
43370.0,160,6869.0,32.248826291079816,1.7478544513792658,160,54729.0,0.05268568095150705,160,54729.0,-2.349999999999909
43375.0,161,7184.0,33.413953488372094,1.6134858828560534,161,54963.0,0.04317935889597445,161,54963.0,-2.340000000000032
43380.0,161,7504.0,34.902325581395345,1.594995875570323,161,54647.0,0.042355666888142136,161,54647.0,3.159999999999968
43385.0,158,7756.0,36.074418604651164,1.612759177888218,158,54916.0,0.044448861339709385,158,54916.0,-2.689999999999941
43390.0,155,7953.0,37.514150943396224,1.5171937704484453,155,54650.0,0.04569974645615715,155,54650.0,2.659999999999968
43395.0,152,8135.0,38.73809523809524,1.5389521580016456,152,54372.0,0.050250599957996,152,54372.0,2.7799999999999727
43400.0,149,8138.0,38.75238095238095,1.506495664739106,149,55037.0,0.044799476563025055,149,55037.0,-6.649999999999977
43405.0,145,8022.0,38.018957345971565,1.6028679428771948,145,55606.0,0.050241810452382324,145,55606.0,-5.689999999999941
43410.0,145,8135.0,38.37264150943396,1.7789023512955886,145,56186.0,0.058757757244264006,145,56186.0,-5.800000000000068
43415.0,149,8586.0,40.309859154929576,1.7504336729740952,149,56758.0,0.05756913241088763,149,56758.0,-5.720000000000027
43420.0,155,9105.0,42.74647887323944,1.6629641926267011,155,57430.0,0.0545141656981203,155,57430.0,-6.719999999999914
43425.0,160,9262.0,42.879629629629626,1.391796063374211,160,57422.0,0.03750483348899809,160,57422.0,0.07999999999992724
43430.0,160,9166.0,42.632558139534886,1.4233401792007785,160,56659.0,0.03879263470545638,160,56659.0,7.6299999999999955
43435.0,162,9096.0,41.534246575342465,1.6177527324565497,162,55978.0,0.047160299319191586,162,55978.0,6.810000000000059
43440.0,164,8999.0,41.47004608294931,1.5343634363407566,164,56766.0,0.03749295184660838,164,56766.0,-7.8799999999999955
43445.0,168,8945.0,41.03211009174312,1.498773787764544,168,57576.0,0.03435872147880237,168,57576.0,-8.100000000000023
43450.0,170,8970.0,41.336405529953915,1.5034547625069934,170,58392.0,0.03641951511625181,170,58392.0,-8.159999999999968
43455.0,176,8910.0,40.87155963302752,1.3632839479509316,176,58694.0,0.03264112571050661,176,58694.0,-3.0200000000000955
43460.0,178,8748.0,39.763636363636365,1.3324769282976607,178,59007.0,0.02507995966013922,178,59007.0,-3.1299999999999955
43465.0,174,8573.0,38.96818181818182,1.3756303264158003,174,59305.0,0.029203971060855427,174,59305.0,-2.9799999999999045
43470.0,173,8300.0,38.07339449541284,1.3124708072758633,173,59401.0,0.030189029516626466,173,59401.0,-0.9600000000000364
43475.0,169,7955.0,37.0,1.2737655180839096,169,58749.0,0.034923099678622574,169,58749.0,6.519999999999982
43480.0,165,7593.0,35.481308411214954,1.4056809334238614,165,58077.0,0.041004345659012384,165,58077.0,6.720000000000027
43485.0,160,7266.0,34.27358490566038,1.4666471426898986,160,57068.0,0.045532914901285956,160,57068.0,10.090000000000032
43490.0,157,7096.0,33.6303317535545,1.693741646339763,157,56265.0,0.057124752350202514,157,56265.0,8.029999999999973
43495.0,156,7370.0,34.92890995260664,1.5671697154378468,156,56450.0,0.048722724444947886,156,56450.0,-1.8500000000000227
43500.0,158,7593.0,35.81603773584906,1.5755999990028526,158,56060.0,0.048411533873376274,158,56060.0,3.8999999999999773
43505.0,153,7802.0,36.801886792452834,1.6847980360604016,153,55666.0,0.05359487586841886,153,55666.0,3.9400000000000546
43510.0,151,7837.0,36.966981132075475,1.7156556464000592,151,56363.0,0.048448416048306964,151,56363.0,-6.970000000000027
43515.0,147,7899.0,37.08450704225352,1.8870886890803207,147,57002.0,0.05370048231369261,147,57002.0,-6.389999999999986
43520.0,148,8153.0,38.45754716981132,2.0111020286788173,148,57660.0,0.06144755217498301,148,57660.0,-6.580000000000041
43525.0,152,8577.0,40.649289099526065,1.7695049826984537,152,57821.0,0.05235392065212788,152,57821.0,-1.6100000000000136
43530.0,155,8993.0,43.02870813397129,1.6334285367184689,155,58005.0,0.046407677149974784,155,58005.0,-1.8399999999999181
43535.0,154,9454.0,45.45192307692308,1.6514195120504547,154,58181.0,0.05423323181572621,154,58181.0,-1.759999999999991
43540.0,156,9552.0,45.70334928229665,1.5878007055422392,156,58242.0,0.04638690937001986,156,58242.0,-0.6100000000000136
43545.0,156,9347.0,44.50952380952381,1.4620427745091178,156,58314.0,0.039805344157273014,156,58314.0,-0.7200000000000273
43550.0,156,9144.0,43.542857142857144,1.4411192123385728,156,57870.0,0.03892659155391959,156,57870.0,4.439999999999941
43555.0,153,8878.0,41.87735849056604,1.4660334280246363,153,58033.0,0.03961438590604308,153,58033.0,-1.6299999999999955
43560.0,149,8595.0,41.32211538461539,1.4835329678279159,149,57585.0,0.04605854879189574,149,57585.0,4.480000000000018
43565.0,151,8412.0,40.44230769230769,1.4568494100967344,151,57153.0,0.04870982341336034,151,57153.0,4.32000000000005
43570.0,155,8199.0,39.229665071770334,1.304337838752397,155,57392.0,0.043957840804821735,155,57392.0,-2.3899999999999864
43575.0,151,7947.0,37.66350710900474,1.295511859144479,151,57630.0,0.038859067720665254,151,57630.0,-2.3799999999999955
43580.0,151,7694.0,36.12206572769953,1.483895362903552,151,57344.0,0.0478228642253201,151,57344.0,2.8599999999999
43585.0,151,7263.0,33.9392523364486,1.3922777212150066,151,58016.0,0.043111045112761974,151,58016.0,-6.719999999999914
43590.0,148,6797.0,31.761682242990656,1.5623191752418009,148,58620.0,0.047884969023025865,148,58620.0,-6.040000000000077
43595.0,149,6556.0,30.635514018691588,1.6208537002197794,149,59241.0,0.05265795862449304,149,59241.0,-6.209999999999923
43600.0,154,6338.0,29.75586854460094,1.4946757393906658,154,59469.0,0.045821899981802056,154,59469.0,-2.2800000000000864
43605.0,157,6269.0,29.15813953488372,1.5044309733311705,157,59192.0,0.04052352660653954,157,59192.0,2.7700000000000955
43610.0,158,6823.0,32.032863849765256,1.5489016845457,158,58930.0,0.048017418909847495,158,58930.0,2.6200000000000045
43615.0,158,7378.0,34.47663551401869,1.6092000844130152,158,58169.0,0.04891440435835191,158,58169.0,7.6099999999999
43620.0,159,7803.0,36.29302325581396,1.6351746910250764,159,58323.0,0.04827120764024372,159,58323.0,-1.5399999999999636
43625.0,161,8195.0,38.116279069767444,1.5020053695090265,161,57857.0,0.04698925856132934,161,57857.0,4.659999999999968
43630.0,160,8594.0,39.972093023255816,1.6261735112837998,160,57399.0,0.05179528111036241,160,57399.0,4.580000000000041
43635.0,158,8898.0,41.004608294930875,1.6816751265594614,158,58109.0,0.04946377192846608,158,58109.0,-7.100000000000023
43640.0,161,9191.0,42.550925925925924,1.6654739486916565,161,58765.0,0.0479353347594833,161,58765.0,-6.559999999999945
43645.0,163,9622.0,44.5462962962963,1.7190658131913807,163,59459.0,0.0523030694570246,163,59459.0,-6.940000000000055
43650.0,164,10015.0,46.58139534883721,1.6138112634091795,164,59727.0,0.04762265842917844,164,59727.0,-2.67999999999995
43655.0,163,10353.0,47.93055555555556,1.545292277075737,163,59598.0,0.04375170766079107,163,59598.0,1.2899999999999636
43660.0,161,10686.0,49.70232558139535,1.7158572360756612,161,59467.0,0.05193547577088611,161,59467.0,1.3100000000000591
43665.0,158,10534.0,49.455399061032864,1.6534054363948443,157,59568.0,0.04804874644327809,157,59568.0,-1.009999999999991
43670.0,160,10079.0,47.76777251184834,1.4711645422472235,160,60370.0,0.04284939576911134,160,60370.0,-8.020000000000095
43675.0,161,9624.0,45.183098591549296,1.4137750359513936,161,59789.0,0.0410159344858783,161,59789.0,5.810000000000059
43680.0,159,9034.0,42.613207547169814,1.359060256089962,159,59913.0,0.043568238901901694,159,59913.0,-1.240000000000009
43685.0,156,8407.0,39.655660377358494,1.3666722686342598,156,59355.0,0.043429372522083454,156,59355.0,5.580000000000041
43690.0,159,7968.0,37.23364485981308,1.5014599353050653,159,58808.0,0.04828390785871774,159,58808.0,5.469999999999914
43695.0,162,7538.0,34.42009132420091,1.5311483982319882,162,57776.0,0.0449460810104508,162,57776.0,10.32000000000005
43700.0,160,7047.0,32.325688073394495,1.5419008506340772,160,57871.0,0.047059675052457034,160,57871.0,-0.9500000000000455
43705.0,158,6503.0,30.10648148148148,1.4346051571029885,158,57265.0,0.048269684995409144,158,57265.0,6.060000000000059
43710.0,154,5972.0,27.64814814814815,1.6980600503679466,154,56665.0,0.056402453853944164,154,56665.0,6.0
43715.0,150,5279.0,24.439814814814813,1.7111956711245706,150,57314.0,0.05093036132569028,150,57314.0,-6.490000000000009
43720.0,151,4532.0,21.177570093457945,1.6737673020659167,151,57972.0,0.050346475791498,151,57972.0,-6.580000000000041
43725.0,152,3991.0,18.47685185185185,1.6895255617719576,152,58538.0,0.05084882368667287,152,58538.0,-5.659999999999968
43730.0,152,3810.0,17.63888888888889,1.7565468822792658,152,59073.0,0.057335469105820526,152,59073.0,-5.350000000000023
43735.0,158,4248.0,19.57603686635945,1.7478340765853981,158,59731.0,0.062100216552703015,158,59731.0,-6.579999999999927
43740.0,163,4724.0,21.76958525345622,1.6811163199088983,163,60427.0,0.05494948914280727,163,60427.0,-6.960000000000036
43745.0,166,5283.0,24.34562211981567,1.572268995427718,166,61218.0,0.04496843734690179,166,61218.0,-7.909999999999968
43750.0,171,5921.0,27.412037037037038,1.3650099791153851,171,61349.0,0.034724879830898066,171,61349.0,-1.3100000000000591
43755.0,171,6494.0,30.064814814814813,1.3526081181914849,171,60767.0,0.03634871809233746,171,60767.0,5.82000000000005
43760.0,171,7063.0,33.004672897196265,1.3426410778249742,171,60191.0,0.03985117795905011,171,60191.0,5.759999999999991
43765.0,166,7645.0,35.55813953488372,1.4639686583782208,166,58895.0,0.04621011568797784,166,58895.0,12.959999999999923
43770.0,171,8258.0,38.23148148148148,1.3531035787640662,171,59737.0,0.036622141219997205,171,59737.0,-8.419999999999959
43775.0,178,8950.0,41.244239631336406,1.2445860765163288,178,60606.0,0.03134268305960939,178,60606.0,-8.68999999999994
43780.0,178,9633.0,43.986301369863014,1.3181945858527555,178,61462.0,0.029170205771752084,178,61462.0,-8.56000000000006
43785.0,180,9976.0,45.345454545454544,1.322934128317048,180,61759.0,0.030535044981676453,180,61759.0,-2.9700000000000273
43790.0,178,10098.0,45.9,1.4225994086866052,178,61547.0,0.033712755011270086,178,61547.0,2.1200000000000045
43795.0,173,10198.0,46.35454545454545,1.557984866563841,173,61324.0,0.039772600676673306,173,61324.0,2.230000000000018
43800.0,169,9976.0,45.55251141552512,1.5929792929731856,169,61497.0,0.04064460045187089,169,61497.0,-1.7300000000000182
43805.0,164,9531.0,43.92165898617512,1.5914779752424268,164,60973.0,0.041060132413487355,164,60973.0,5.240000000000009
43810.0,160,9067.0,42.17209302325581,1.717505942995262,160,60512.0,0.05218700075419945,160,60512.0,4.610000000000014
43815.0,156,8591.0,40.14485981308411,1.6262132614944416,156,60736.0,0.04954938861663509,156,60736.0,-2.240000000000009
43820.0,158,8202.0,38.32710280373832,1.6164089345435653,158,61042.0,0.04357931218269097,158,61042.0,-3.0599999999999454
43825.0,159,7812.0,36.334883720930236,1.5757182148912392,159,61347.0,0.044439230389983896,159,61347.0,-3.050000000000068
43830.0,156,7416.0,34.816901408450704,1.6457894651195437,156,60694.0,0.04993581966191559,156,60694.0,6.529999999999973
43835.0,152,7004.0,33.0377358490566,1.6433749776749158,152,60044.0,0.05552822415087949,152,60044.0,6.5
43840.0,150,6581.0,31.04245283018868,1.7970992538342618,150,59859.0,0.06008722192748075,150,59859.0,1.8500000000000227
43845.0,148,6144.0,28.9811320754717,1.8515682408783996,148,59208.0,0.07008130782551304,148,59208.0,6.509999999999991
43850.0,147,5648.0,26.767772511848342,1.814171790501735,147,59852.0,0.061711204559674035,147,59852.0,-6.439999999999941
43855.0,148,5537.0,26.366666666666667,1.7000245047669975,148,60434.0,0.06070796709405794,148,60434.0,-5.82000000000005
43860.0,149,5665.0,26.848341232227487,1.8665555008574841,149,61036.0,0.06816430012649123,149,61036.0,-6.019999999999982
43865.0,151,6006.0,28.330188679245282,1.9300879897335836,151,61638.0,0.06492920695955376,151,61638.0,-6.019999999999982
43870.0,158,6701.0,31.460093896713616,1.9109973669304083,158,62354.0,0.05899953514672566,158,62354.0,-7.159999999999968
43875.0,163,7114.0,33.242990654205606,1.644819684144719,163,62392.0,0.04842997466785014,163,62392.0,-0.37999999999999545
43880.0,161,7349.0,34.3411214953271,1.676023639589994,161,61666.0,0.049754842325026055,161,61666.0,7.259999999999991
43885.0,162,7628.0,35.31481481481482,1.8841803799843564,162,60946.0,0.060080245844665814,162,60946.0,7.199999999999932
43890.0,163,7880.0,36.822429906542055,1.7894300141457422,163,61743.0,0.04797516617096166,163,61743.0,-7.969999999999914
43895.0,169,8185.0,37.71889400921659,1.703250933310779,169,62561.0,0.03965709805388488,169,62561.0,-8.180000000000064
43900.0,173,8515.0,39.059633027522935,1.6444208157666695,173,63404.0,0.034018955292980255,173,63404.0,-8.42999999999995
43905.0,172,8585.0,39.38073394495413,1.5815441123769105,172,63548.0,0.03650513015980934,172,63548.0,-1.4400000000000546
43910.0,171,8463.0,39.36279069767442,1.429036493418282,171,63685.0,0.030110258673166822,171,63685.0,-1.3700000000000045
43915.0,167,8326.0,39.08920187793427,1.4124394673121377,167,63807.0,0.03431424105281567,167,63807.0,-1.2200000000000273
43920.0,165,8173.0,38.91904761904762,1.3720658079062813,165,63219.0,0.042273914458319455,165,63219.0,5.8799999999999955
43925.0,160,7898.0,37.43127962085308,1.4307624832729529,160,62613.0,0.0436041429666503,160,62613.0,6.060000000000059
43930.0,158,7534.0,35.5377358490566,1.4236723178905781,158,61968.0,0.041198921275607876,158,61968.0,6.4500000000000455
43935.0,154,7179.0,33.546728971962615,1.7098769835568006,154,61311.0,0.04908788989525628,154,61311.0,6.569999999999936
43940.0,153,6942.0,32.74528301886792,1.7775781759042115,153,59943.0,0.04988577034079933,153,59943.0,13.680000000000064
43945.0,154,7081.0,33.55924170616114,1.8575308845071261,154,58596.0,0.05842215342947884,154,58596.0,13.469999999999914
43950.0,155,7224.0,34.4,1.8429446066432067,155,57295.0,0.057188241799642756,155,57295.0,13.009999999999991
43955.0,151,7354.0,34.85308056872038,1.9554293353298526,151,56684.0,0.06520887560485825,151,56684.0,6.110000000000014
43960.0,152,7476.0,35.264150943396224,2.0083821022662836,151,56750.0,0.060983270193358946,151,56750.0,-0.6599999999999682
43965.0,151,7386.0,35.17142857142857,1.8733878789768499,151,57509.0,0.05562336262786637,151,57509.0,-7.590000000000032
43970.0,151,7578.0,36.43269230769231,1.8887394387523744,151,58200.0,0.05884783035541011,151,58200.0,-6.909999999999968
43975.0,150,7744.0,37.05263157894737,1.874817004236157,150,58368.0,0.05773964865426742,150,58368.0,-1.67999999999995
43980.0,156,7704.0,37.03846153846154,1.8791195750058447,156,57970.0,0.06047024141867025,156,57970.0,3.9799999999999045
43985.0,155,7676.0,37.262135922330096,1.8168047489368635,155,57589.0,0.0608832992759907,155,57589.0,3.810000000000059
43990.0,153,7696.0,37.541463414634144,1.930441468079682,153,56635.0,0.06483445327493957,153,56635.0,9.539999999999964
43995.0,154,7730.0,37.52427184466019,1.7833703319559402,154,56686.0,0.06121597081518359,154,56686.0,-0.5099999999999909
44000.0,157,7704.0,37.03846153846154,1.6497441239772237,157,57466.0,0.05447088473124421,157,57466.0,-7.7999999999999545
44005.0,159,7687.0,36.95673076923077,1.4430389026662858,159,57541.0,0.04582471230204987,159,57541.0,-0.75
44010.0,158,7677.0,36.90865384615385,1.5114148454103007,158,56587.0,0.04919901934839251,158,56587.0,9.539999999999964
44015.0,156,7534.0,35.87619047619047,1.5099445998201522,156,57369.0,0.0450742034937638,156,57369.0,-7.82000000000005
44020.0,154,7292.0,34.72380952380952,1.4962826810353071,154,57949.0,0.04568802561535733,154,57949.0,-5.7999999999999545
44025.0,151,7152.0,34.05714285714286,1.548632183870315,151,58552.0,0.04990912686797628,151,58552.0,-6.029999999999973
44030.0,149,7071.0,33.83253588516747,1.471695228716461,149,58708.0,0.05029413204695359,149,58708.0,-1.5600000000000591
44035.0,151,7031.0,33.322274881516584,1.5477238534504978,151,58292.0,0.054759616785286735,151,58292.0,4.160000000000082
44040.0,152,7146.0,33.70754716981132,1.6452957276417504,152,57884.0,0.0553234903787966,152,57884.0,4.079999999999927
44045.0,154,7635.0,35.84507042253521,1.5346054058497551,153,58564.0,0.045020975349429296,153,58564.0,-6.7999999999999545
44050.0,159,8165.0,38.333333333333336,1.3849264009744342,159,59352.0,0.037941924643930945,159,59352.0,-7.8799999999999955
44055.0,159,8789.0,41.070093457943926,1.3323526637146228,159,59999.0,0.040070046083268876,159,59999.0,-6.470000000000027
44060.0,162,9102.0,42.334883720930236,1.2780078421381325,162,59975.0,0.037637186433402046,162,59975.0,0.2400000000000091
44065.0,169,9188.0,42.14678899082569,1.2692958465554023,169,59984.0,0.03300757152414512,169,59984.0,-0.09000000000003183
44070.0,173,9298.0,42.263636363636365,1.3358186151899065,173,59273.0,0.036790460751467954,173,59273.0,7.110000000000014
44075.0,173,9420.0,42.81818181818182,1.2575002732160996,173,58659.0,0.037787105419516014,173,58659.0,6.139999999999986
44080.0,172,9441.0,42.913636363636364,1.3128168114864953,172,58911.0,0.03730782931469101,172,58911.0,-2.519999999999982
44085.0,170,9379.0,42.43891402714932,1.3800221782377395,170,58542.0,0.04021181985659606,170,58542.0,3.6900000000000546
44090.0,166,9302.0,42.47488584474886,1.5070459497086452,166,58421.0,0.04666962871581198,166,58421.0,1.2099999999999227
44095.0,162,9232.0,42.34862385321101,1.6033846185307392,162,57813.0,0.04934756370051748,162,57813.0,6.080000000000041
44100.0,163,9202.0,42.8,1.6332334898551675,163,57290.0,0.05851249276956177,163,57290.0,5.230000000000018
44105.0,164,9033.0,41.43577981651376,1.511764141305653,164,58104.0,0.045175561180790094,164,58104.0,-8.139999999999986
44110.0,166,8782.0,40.47004608294931,1.434452943930856,166,58930.0,0.04339815947276013,166,58930.0,-8.259999999999991
44115.0,166,8567.0,39.118721461187214,1.4591771982416895,166,59646.0,0.04105776289879515,166,59646.0,-7.160000000000082
44120.0,163,8118.0,37.06849315068493,1.5758287670035644,163,59833.0,0.045578716013119254,163,59833.0,-1.8700000000000045
44125.0,160,7592.0,35.148148148148145,1.4940340063446162,160,59371.0,0.05076825775443348,160,59371.0,4.6200000000000045
44130.0,162,7573.0,35.223255813953486,1.5655231881414606,162,58917.0,0.055168692585060505,162,58917.0,4.540000000000077
44135.0,166,7593.0,34.99078341013825,1.5678428483959432,166,57877.0,0.052614077825920993,166,57877.0,10.399999999999977
44140.0,163,7434.0,34.10091743119266,1.6305113666681257,163,57902.0,0.05278782871366983,163,57902.0,-0.25
44145.0,162,7196.0,32.70909090909091,1.696086756375652,162,57215.0,0.05539726059758745,162,57215.0,6.8700000000000045
44150.0,165,7083.0,32.342465753424655,1.737731640712859,165,56634.0,0.055886168472629325,165,56634.0,5.809999999999945
44155.0,167,6979.0,31.8675799086758,1.6686345117927859,167,55439.0,0.05089656243962076,167,55439.0,11.950000000000045
44160.0,165,6716.0,30.94930875576037,1.5130204739930393,165,55774.0,0.04873706701037222,165,55774.0,-3.3500000000000227
44165.0,163,6334.0,29.05504587155963,1.5567722773706112,163,55616.0,0.05147821266319144,163,55616.0,1.580000000000041
44170.0,159,5936.0,27.229357798165136,1.7113587334761229,159,55447.0,0.0585107196828746,159,55447.0,1.6899999999999409
44175.0,158,5359.0,24.470319634703195,1.6513656290496095,158,56072.0,0.05347820202975366,158,56072.0,-6.25
44180.0,153,4680.0,21.272727272727273,1.7152551284888375,153,56694.0,0.05258896043649178,153,56694.0,-6.220000000000027
44185.0,152,4143.0,18.831818181818182,1.7769763718130522,152,57175.0,0.05970818531372004,152,57175.0,-4.809999999999945
44190.0,156,3946.0,17.936363636363637,1.5904889765143049,156,57283.0,0.053796980329277454,156,57283.0,-1.080000000000041
44195.0,159,3846.0,17.246636771300448,1.5942953195554768,159,56746.0,0.05103380239470575,159,56746.0,5.3700000000000045
44200.0,160,3819.0,17.2027027027027,1.6570409530516288,160,56222.0,0.05439491568570271,160,56222.0,5.240000000000009
44205.0,162,3837.0,17.129464285714285,1.6299260961961968,162,56882.0,0.048827267857724024,162,56882.0,-6.600000000000023
44210.0,164,4054.0,17.938053097345133,1.7065064946224588,164,57425.0,0.04868178350465038,164,57425.0,-5.42999999999995
44215.0,169,4288.0,18.724890829694324,1.6065781976120939,169,57998.0,0.04638551425384064,169,57998.0,-5.730000000000018
44220.0,167,4397.0,19.45575221238938,1.5030920238045424,166,58101.0,0.04113020729103215,166,58101.0,-1.0299999999999727
44225.0,168,4509.0,20.04,1.4451034816353674,168,58939.0,0.03823219055962066,168,58939.0,-8.379999999999995
44230.0,175,4811.0,21.67117117117117,1.243465916629965,175,58389.0,0.03536931409875351,175,58389.0,5.5
44235.0,181,5102.0,22.575221238938052,1.1315297872443169,181,59153.0,0.027688638242425123,181,59153.0,-7.639999999999986
44240.0,180,5365.0,23.634361233480178,1.1854932737672184,180,59818.0,0.03060339883785076,180,59818.0,-6.649999999999977
44245.0,178,5623.0,24.554585152838428,1.3516315773841383,178,60508.0,0.0379312364485698,178,60508.0,-6.900000000000091
44250.0,175,5853.0,25.898230088495577,1.2767293047183865,174,60699.0,0.03312668375886534,174,60699.0,-1.9099999999999682
44255.0,177,6187.0,27.376106194690266,1.2524113633842682,177,61583.0,0.03017024241767653,177,61583.0,-8.840000000000032
44260.0,182,6687.0,29.72,1.171720931043514,182,61103.0,0.028218545382527944,182,61103.0,4.800000000000068
44265.0,185,6937.0,30.83111111111111,0.9736310495513533,185,61451.0,0.023656258635977027,185,61451.0,-3.480000000000018
44270.0,182,6997.0,31.376681614349774,1.004768317367895,182,61223.0,0.029919038165174248,182,61223.0,2.2799999999999727
44275.0,178,7042.0,31.297777777777778,1.154046177436504,178,61271.0,0.03370515308207777,178,61271.0,-0.4800000000000182
44280.0,175,7100.0,31.696428571428573,1.311286981937641,175,60934.0,0.037598157373070304,175,60934.0,3.3700000000000045
44285.0,172,7230.0,32.42152466367713,1.4300950747588175,172,60607.0,0.04555474131239843,172,60607.0,3.269999999999982
44290.0,172,7418.0,33.26457399103139,1.3293645507884335,172,61461.0,0.038761900486442256,172,61461.0,-8.539999999999964
44295.0,177,7550.0,33.55555555555556,1.3065209450774777,177,62336.0,0.036274450310243914,177,62336.0,-8.75
44300.0,176,7667.0,34.22767857142857,1.2940360721343294,176,63080.0,0.035504693251878154,176,63080.0,-7.439999999999941
44305.0,173,7694.0,34.19555555555556,1.3926293311320148,173,63227.0,0.03668374751809111,173,63227.0,-1.4700000000000273
44310.0,170,7756.0,35.09502262443439,1.2883432655072888,170,63355.0,0.040889644595334604,170,63355.0,-1.2799999999999727
44315.0,167,7823.0,35.39819004524887,1.2993802609267862,167,63477.0,0.04233416720228786,167,63477.0,-1.2200000000000273
44320.0,169,7934.0,35.73873873873874,1.3551963309077206,169,64163.0,0.041734475069918,169,64163.0,-6.860000000000014
44325.0,170,8048.0,36.252252252252255,1.3746259057882841,170,64742.0,0.043530291871495916,170,64742.0,-5.789999999999964
44330.0,168,8266.0,37.234234234234236,1.4681049258616852,168,65343.0,0.04883460177159547,168,65343.0,-6.009999999999991
44335.0,170,8437.0,38.0045045045045,1.3975545991224825,170,65402.0,0.042509189152598235,170,65402.0,-0.5900000000000318
44340.0,173,8395.0,37.98642533936651,1.2590245910636662,173,64690.0,0.03693978505175859,173,64690.0,7.1200000000000045
44345.0,176,8409.0,38.222727272727276,1.1684235639232157,176,64000.0,0.037927791320033995,176,64000.0,6.899999999999977
44350.0,177,8433.0,38.158371040723985,1.2544693283094417,177,62847.0,0.035962411563920424,177,62847.0,11.529999999999973
44355.0,174,8387.0,37.60986547085202,1.2935711936484697,174,63595.0,0.0362262323231209,174,63595.0,-7.480000000000018
44360.0,172,8287.0,37.16143497757847,1.2759825488986267,172,64226.0,0.040669638839296314,172,64226.0,-6.309999999999945
44365.0,169,8173.0,36.65022421524664,1.3722264849027779,169,64863.0,0.044886368895948055,169,64863.0,-6.3700000000000045
44370.0,166,8057.0,35.96875,1.4255178498715648,166,65056.0,0.04208917542495861,166,65056.0,-1.92999999999995
44375.0,171,8163.0,35.96035242290749,1.4536479901379833,171,64638.0,0.04073200894227453,171,64638.0,4.17999999999995
44380.0,177,8313.0,36.62114537444934,1.5045193123696525,177,64270.0,0.043098365883237344,177,64270.0,3.67999999999995
44385.0,178,8481.0,37.36123348017621,1.5311165726528988,178,63327.0,0.04312636795919111,178,63327.0,9.430000000000064
44390.0,174,8425.0,37.44444444444444,1.543797907058594,174,63423.0,0.04314031965360748,174,63423.0,-0.9600000000000364
44395.0,170,8209.0,36.48444444444444,1.598227938533867,170,62720.0,0.045713961184336536,170,62720.0,7.029999999999973
44400.0,166,8125.0,36.5990990990991,1.7163425349382189,166,62043.0,0.05384245938063213,166,62043.0,6.7700000000000955
44405.0,167,8427.0,37.620535714285715,1.7195757581801312,167,62742.0,0.05000388068491267,167,62742.0,-6.990000000000009
44410.0,167,8662.0,38.669642857142854,1.703782450505218,167,63334.0,0.04361224178031749,167,63334.0,-5.920000000000073
44415.0,166,8891.0,39.869955156950674,1.7051996047502866,166,63937.0,0.04802150460379202,166,63937.0,-6.029999999999973
44420.0,161,9092.0,41.14027149321267,1.6767863165015264,161,64006.0,0.05015096554245317,161,64006.0,-0.6899999999999409
44425.0,163,9390.0,42.48868778280543,1.5997672230641433,163,64076.0,0.04356796919449485,163,64076.0,-0.7000000000000455
44430.0,164,9729.0,44.222727272727276,1.5668503358291381,164,64172.0,0.046080116999333065,164,64172.0,-0.9600000000000364
44435.0,166,10122.0,46.00909090909091,1.5648131689327283,166,62851.0,0.04785118372157195,166,62851.0,13.210000000000036
44440.0,166,10462.0,47.554545454545455,1.5554049359114155,166,63563.0,0.04767103188477157,166,63563.0,-7.1200000000000045
44445.0,168,10763.0,49.146118721461185,1.3419607875280042,168,64183.0,0.039619708359967525,168,64183.0,-6.2000000000000455
44450.0,164,11059.0,50.268181818181816,1.5596001078418356,164,64824.0,0.047689141739304976,164,64824.0,-6.409999999999968
44455.0,162,10949.0,49.768181818181816,1.5078749885843399,162,65105.0,0.04291431356085596,162,65105.0,-2.8099999999999454
44460.0,170,10881.0,49.91284403669725,1.3251074591096024,170,64888.0,0.04077134813935713,170,64888.0,2.169999999999959
44465.0,175,10841.0,49.05429864253394,1.2990675001427072,175,64702.0,0.038479770632629064,175,64702.0,1.8600000000000136
44470.0,174,10765.0,48.27354260089686,1.3177970941982209,174,65475.0,0.03452558764465995,174,65475.0,-7.730000000000018
44475.0,172,10655.0,47.780269058295964,1.2995790358566381,172,66252.0,0.033272770893378725,172,66252.0,-7.769999999999982
44480.0,169,10537.0,47.46396396396396,1.4338754749574374,169,66941.0,0.04088594265436051,169,66941.0,-6.889999999999986
44485.0,170,10362.0,46.46636771300449,1.3882000405275847,169,67023.0,0.038603543759171986,169,67023.0,-0.82000000000005
44490.0,176,10176.0,45.63228699551569,1.3772458081820549,176,67894.0,0.03448593084095661,176,67894.0,-8.710000000000036
44495.0,180,10009.0,44.88340807174888,1.2889180867726633,180,67285.0,0.03198268312694473,180,67285.0,6.090000000000032
44500.0,180,9800.0,44.14414414414414,1.194174774811071,180,68093.0,0.03453566882485782,180,68093.0,-8.079999999999927
44505.0,178,9546.0,43.39090909090909,1.0803090186519149,178,68823.0,0.032984985294157644,178,68823.0,-7.300000000000068
44510.0,173,9287.0,42.21363636363636,1.2444742640409525,173,69569.0,0.04055132292685234,173,69569.0,-7.460000000000036
44515.0,174,8770.0,40.045662100456624,1.1146577274920038,174,69708.0,0.03394243656875712,174,69708.0,-1.3899999999999864
44520.0,175,8198.0,37.60550458715596,1.1320950745416483,175,69127.0,0.03531355370616422,175,69127.0,5.810000000000059
44525.0,177,8217.0,37.52054794520548,1.1495648063860715,177,68562.0,0.0367829202270154,177,68562.0,5.649999999999977
44530.0,178,8241.0,37.289592760180994,1.2757477566969626,178,67319.0,0.03722255705643636,178,67319.0,12.42999999999995
44535.0,174,8251.0,37.166666666666664,1.3783111742740575,174,66092.0,0.04532574719952214,174,66092.0,12.270000000000095
44540.0,172,8250.0,37.33031674208145,1.4544811759310547,172,65206.0,0.051168458585162314,172,65206.0,8.860000000000014
44545.0,168,8100.0,36.486486486486484,1.4438255040956691,168,65262.0,0.04469006874314833,168,65262.0,-0.5600000000000591
44550.0,167,7910.0,35.79185520361991,1.5656307431532277,165,64528.0,0.05080727439522977,165,64528.0,7.340000000000032
44555.0,163,7856.0,35.387387387387385,1.6978830484428225,163,63787.0,0.05573474456089706,163,63787.0,7.409999999999968
44560.0,163,7546.0,34.1447963800905,1.6022308389173627,163,63990.0,0.05209459502470905,163,63990.0,-2.0299999999999727
44565.0,160,7050.0,31.614349775784753,1.7204625698601415,160,63574.0,0.052362712235477255,160,63574.0,4.159999999999968
44570.0,157,6544.0,29.47747747747748,1.983486628896407,157,63335.0,0.06308408299510891,157,63335.0,2.3899999999999864
44575.0,152,5858.0,26.748858447488583,1.8990894609403692,152,63994.0,0.05657636462125612,152,63994.0,-6.590000000000032
44580.0,149,5197.0,23.730593607305938,2.0051910504944757,149,64637.0,0.05820855419292804,149,64637.0,-6.42999999999995
44585.0,150,5005.0,22.85388127853881,1.994544435379622,150,65191.0,0.06094673454429857,150,65191.0,-5.539999999999964
44590.0,153,4970.0,22.798165137614678,1.8181451696337225,153,65419.0,0.05423440251804392,153,65419.0,-2.2800000000000864
44595.0,157,4995.0,22.912844036697248,1.6411499129146288,157,65146.0,0.048262477431399574,157,65146.0,2.730000000000018
44600.0,159,5037.0,23.105504587155963,1.7681372609506365,159,64947.0,0.05209244313581958,159,64947.0,1.990000000000009
44605.0,155,4894.0,22.245454545454546,1.7506451830572078,155,65092.0,0.045100257919116066,155,65092.0,-1.4499999999999318
44610.0,155,4674.0,21.440366972477065,1.7601832576824872,155,64596.0,0.05231991772066057,155,64596.0,4.959999999999923
44615.0,156,4629.0,21.530232558139534,1.5596903880858866,156,64117.0,0.05232274087650268,156,64117.0,4.790000000000077
44620.0,157,4504.0,20.85185185185185,1.534947297202089,157,64782.0,0.05074786398737057,157,64782.0,-6.650000000000091
44625.0,157,4423.0,20.382488479262673,1.4697405675770856,157,65345.0,0.046044002717992576,157,65345.0,-5.6299999999999955
44630.0,161,4692.0,21.424657534246574,1.4798341598441513,161,65935.0,0.04915021116230819,161,65935.0,-5.899999999999977
44635.0,165,5003.0,22.334821428571427,1.399002724890956,165,66109.0,0.0394223656628036,165,66109.0,-1.740000000000009
44640.0,168,5392.0,23.964444444444446,1.4842152539857258,168,65675.0,0.04331143858473736,168,65675.0,4.340000000000032
44645.0,170,5792.0,25.857142857142858,1.4521299109777885,170,65253.0,0.045206183443255256,170,65253.0,4.220000000000027
44650.0,168,6060.0,27.17488789237668,1.4613928848179392,167,65558.0,0.0406020057476232,167,65558.0,-3.050000000000068
44655.0,166,6252.0,28.16216216216216,1.392663675122055,166,66388.0,0.03646862007244202,166,66388.0,-8.299999999999955
44660.0,166,6510.0,29.59090909090909,1.4016549626921615,166,66142.0,0.04100115289381735,166,66142.0,2.4600000000000364
44665.0,166,6824.0,30.60089686098655,1.4506480803907098,166,65382.0,0.041970089240714145,166,65382.0,7.599999999999909
44670.0,164,7097.0,31.683035714285715,1.5258267661340665,164,66072.0,0.0427207859250125,164,66072.0,-6.899999999999977
44675.0,168,7440.0,32.77533039647577,1.5053552060404842,168,66777.0,0.03876299197233849,168,66777.0,-7.0499999999999545
44680.0,168,7794.0,34.794642857142854,1.4319856563574558,168,67500.0,0.03631807202138504,168,67500.0,-7.230000000000018
44685.0,167,7847.0,35.50678733031674,1.2963235803247808,167,67473.0,0.038969112562483456,167,67473.0,0.2699999999999818
44690.0,169,7739.0,34.86036036036036,1.2342604424311443,169,68310.0,0.03542057247265214,169,68310.0,-8.370000000000005
44695.0,170,7643.0,34.427927927927925,1.26765351865903,170,67444.0,0.036777546137180525,170,67444.0,8.659999999999968
44700.0,169,7545.0,34.45205479452055,1.2345525019381978,169,68165.0,0.040116416450643115,169,68165.0,-7.209999999999923
44705.0,170,7447.0,33.85,1.2299262745651858,170,68794.0,0.03875091718263425,170,68794.0,-6.290000000000077
44710.0,170,7353.0,33.27149321266968,1.3238889687396609,170,69450.0,0.04248805892323681,170,69450.0,-6.559999999999945
44715.0,169,7289.0,32.98190045248869,1.23601338661031,168,69419.0,0.035986525549866984,168,69419.0,0.30999999999994543
44720.0,176,7429.0,33.61538461538461,1.1486008395820282,176,70266.0,0.031355044612421876,176,70266.0,-8.469999999999914
44725.0,181,7603.0,34.247747747747745,1.051320817950904,181,69450.0,0.027367240003832345,181,69450.0,8.159999999999968
44730.0,180,7790.0,35.090090090090094,1.0965157728634818,180,67888.0,0.031150112954432707,180,67888.0,15.620000000000005
44735.0,178,7768.0,34.83408071748879,1.097986348028361,178,68198.0,0.03003860957676431,178,68198.0,-3.1000000000000227
44740.0,176,7604.0,33.79555555555555,1.2562294909182026,176,67911.0,0.03588375929626847,176,67911.0,2.8700000000000045
44745.0,173,7431.0,33.174107142857146,1.33936235920678,173,67616.0,0.03921415061906173,173,67616.0,2.9500000000000455
44750.0,169,7292.0,32.699551569506724,1.3643445802775604,169,68350.0,0.037940478316376126,169,68350.0,-7.340000000000032
44755.0,168,7542.0,33.82062780269058,1.3314216276740225,168,69081.0,0.037045026340839095,168,69081.0,-7.309999999999945
44760.0,168,7797.0,35.12162162162162,1.3988769903772593,168,69719.0,0.0443849335375961,168,69719.0,-6.380000000000109
44765.0,168,8046.0,35.919642857142854,1.3530578237544975,168,69712.0,0.03939467025595067,168,69712.0,0.07000000000005002
44770.0,170,8332.0,37.19642857142857,1.3766925143699136,170,69718.0,0.03775430780357064,170,69718.0,-0.05999999999994543
44775.0,170,8617.0,38.64125560538117,1.364303458412701,170,69722.0,0.03810439973112141,170,69722.0,-0.04000000000007731
44780.0,167,8912.0,40.50909090909091,1.42472175812159,167,68113.0,0.04817942872007676,167,68113.0,16.090000000000032
44785.0,166,9190.0,41.58371040723982,1.3691876601680595,166,68826.0,0.041230538135199064,166,68826.0,-7.1299999999999955
44790.0,166,9429.0,43.054794520547944,1.343536222343107,166,69458.0,0.04224227703381792,166,69458.0,-6.32000000000005
44795.0,164,9674.0,44.17351598173516,1.3884813350139196,164,70108.0,0.04469905081649,164,70108.0,-6.5
44800.0,163,9893.0,45.17351598173516,1.404662772098881,163,70293.0,0.04244876514862409,163,70293.0,-1.849999999999909
44805.0,170,10322.0,46.705882352941174,1.349046225305334,170,69878.0,0.03859450345974164,170,69878.0,4.149999999999977
44810.0,177,10786.0,48.151785714285715,1.381731923177077,177,69496.0,0.03802588055247702,177,69496.0,3.8199999999999363
44815.0,174,11252.0,50.00888888888889,1.4615379408481337,174,68505.0,0.03806421849568956,174,68505.0,9.910000000000082
44820.0,171,11707.0,52.497757847533634,1.5916105276732835,171,67531.0,0.050289733481400305,171,67531.0,9.740000000000009
44825.0,169,12081.0,54.17488789237668,1.4645386455689342,169,68378.0,0.040550445887460776,169,68378.0,-8.470000000000027
44830.0,170,12462.0,55.88340807174888,1.5349504245675063,170,69226.0,0.04242053156644407,170,69226.0,-8.480000000000018
44835.0,172,12915.0,57.91479820627803,1.471403694961805,172,69977.0,0.039575349899911426,172,69977.0,-7.509999999999991
44840.0,173,12874.0,58.25339366515837,1.4246239480072556,173,70024.0,0.0397995056798478,173,70024.0,-0.4700000000000273
44845.0,175,12496.0,56.542986425339365,1.3005340585802063,175,69268.0,0.04133752802140311,175,69268.0,7.560000000000059
44850.0,172,12125.0,54.61711711711712,1.4715033227183738,172,68511.0,0.04595877613279811,172,68511.0,7.569999999999936
44855.0,173,11789.0,52.865470852017935,1.5372562688553715,173,67158.0,0.04643419409420772,173,67158.0,13.529999999999973
44860.0,169,11224.0,51.018181818181816,1.501285439007113,169,67181.0,0.04813165378096808,169,67181.0,-0.2299999999999045
44865.0,166,10560.0,47.782805429864254,1.5883109811119642,166,66357.0,0.051974468626703206,166,66357.0,8.239999999999895
44870.0,166,10070.0,45.77272727272727,1.6853223646478217,166,65611.0,0.057359723583043046,166,65611.0,7.460000000000036
44875.0,168,9583.0,43.36199095022624,1.6403690191389886,168,64235.0,0.05032489554643458,168,64235.0,13.759999999999991
44880.0,167,9038.0,41.269406392694066,1.5365420173906132,167,64348.0,0.0462387549715984,167,64348.0,-1.1299999999999955
44885.0,166,8442.0,38.372727272727275,1.488512070147071,166,65179.0,0.04353321652587152,166,65179.0,-8.309999999999945
44890.0,162,7829.0,35.74885844748859,1.5080677265550977,162,64557.0,0.04815919066185201,162,64557.0,6.219999999999914
44895.0,161,7037.0,31.6981981981982,1.5741408962010532,161,65196.0,0.0519444966801058,161,65196.0,-6.389999999999986
44900.0,156,6122.0,27.45291479820628,1.6502250112244072,156,65684.0,0.05291580299707503,156,65684.0,-4.8799999999999955
44905.0,155,5407.0,24.246636771300448,1.762004435497135,155,66177.0,0.05829702043682548,155,66177.0,-4.92999999999995
44910.0,158,5354.0,24.117117117117118,1.6402565502506905,158,66201.0,0.052688146436035324,158,66201.0,-0.2400000000000091
44915.0,161,5417.0,24.4009009009009,1.4619747887676369,161,66240.0,0.041658280477465844,161,66240.0,-0.38999999999998636
44920.0,162,5589.0,25.175675675675677,1.4769261120599007,162,66401.0,0.04468582152325343,162,66401.0,-1.6100000000000136
44925.0,165,5820.0,25.982142857142858,1.402718803788541,165,67074.0,0.037856827379266794,165,67074.0,-6.730000000000018
44930.0,168,6317.0,27.951327433628318,1.449438699442097,168,67654.0,0.0390225881555599,168,67654.0,-5.7999999999999545
44935.0,173,6826.0,29.93859649122807,1.3926588792782846,173,68259.0,0.03859942713630868,173,68259.0,-6.050000000000068
44940.0,170,7363.0,32.57964601769911,1.401562718358741,170,68799.0,0.0395218410399381,170,68799.0,-5.399999999999977
44945.0,170,7990.0,35.669642857142854,1.4008703755348528,170,69394.0,0.044843826847746286,170,69394.0,-5.9500000000000455
44950.0,176,8695.0,38.644444444444446,1.4406305547443004,176,70076.0,0.04525192931429446,176,70076.0,-6.819999999999936
44955.0,185,9439.0,41.581497797356825,1.2380359206744416,184,70897.0,0.03610109680832843,184,70897.0,-8.210000000000036
44960.0,188,10208.0,45.36888888888889,0.9937831242082489,188,71768.0,0.026996520033347095,188,71768.0,-8.709999999999923
44965.0,188,10985.0,48.392070484581495,1.0549166979756859,186,72690.0,0.026988638770966685,186,72690.0,-9.220000000000027
44970.0,189,11791.0,52.17256637168141,0.990374575766675,189,73629.0,0.01994682869152001,189,73629.0,-9.389999999999986
44975.0,189,12657.0,55.757709251101325,1.1098684768399258,189,74569.0,0.02489922579216141,189,74569.0,-9.400000000000091
44980.0,195,13616.0,60.24778761061947,1.063972331764806,193,75524.0,0.018142979169543865,193,75524.0,-9.549999999999955
44985.0,197,14110.0,62.43362831858407,0.9524884717725672,197,75739.0,0.01620923171034153,197,75739.0,-2.1499999999999773
44990.0,196,14286.0,62.93392070484582,1.0605057274433012,195,75189.0,0.019229632551660464,195,75189.0,5.5
44995.0,190,14445.0,63.915929203539825,1.250032074517635,189,74670.0,0.0294494805011307,189,74670.0,5.189999999999941
45000.0,189,14577.0,65.3677130044843,1.076190361763445,188,75606.0,0.0224211877851068,188,75606.0,-9.3599999999999
45005.0,187,14713.0,65.97757847533633,1.1327962688179396,187,76541.0,0.025083318323138228,187,76541.0,-9.350000000000023
45010.0,187,14844.0,67.47272727272727,1.097342207165366,187,77463.0,0.022365031162739843,187,77463.0,-9.220000000000027
45015.0,186,14978.0,68.08181818181818,1.1681771417508573,186,78392.0,0.024712088936325996,186,78392.0,-9.289999999999964
45020.0,187,15021.0,68.58904109589041,1.1446831961387995,187,78582.0,0.022541487858039437,187,78582.0,-1.900000000000091
45025.0,182,14656.0,67.22935779816514,1.1876036242265386,182,78770.0,0.026342667930109927,182,78770.0,-1.8799999999999955
45030.0,178,14267.0,66.35813953488372,1.1785288087480337,178,78194.0,0.03175016465717629,178,78194.0,5.759999999999991
45035.0,173,13437.0,62.49767441860465,1.1736997477995648,173,78210.0,0.03204618634643765,173,78210.0,-0.15999999999996817
45040.0,170,12311.0,57.26046511627907,1.2291368351635685,170,78209.0,0.033634564077585236,170,78209.0,0.009999999999990905
45045.0,165,11211.0,51.90277777777778,1.3852781802590093,165,78184.0,0.03708782011310517,165,78184.0,0.25
45050.0,162,10268.0,48.43396226415094,1.3603552599924311,162,77509.0,0.0412437853940076,162,77509.0,6.75
45055.0,162,9883.0,46.39906103286385,1.4200116264871874,162,76106.0,0.04197607409385841,162,76106.0,14.030000000000086
45060.0,162,9384.0,43.850467289719624,1.4279759165320645,162,76871.0,0.039050846800236086,162,76871.0,-7.650000000000091
45065.0,160,8948.0,41.81308411214953,1.4155761665263653,160,77601.0,0.04258392715225556,160,77601.0,-7.2999999999999545
45070.0,162,8558.0,40.178403755868544,1.5163767896152496,162,78369.0,0.04337048410736453,162,78369.0,-7.680000000000064
45075.0,162,8135.0,38.37264150943396,1.422625213636702,162,78434.0,0.035683022214738604,162,78434.0,-0.6499999999999773
45080.0,158,7668.0,36.51428571428571,1.4770976665108222,158,77740.0,0.04095125083638617,158,77740.0,6.940000000000055
45085.0,153,7179.0,34.023696682464454,1.72428230914718,153,77096.0,0.05273936593100792,153,77096.0,6.439999999999941
45090.0,153,6904.0,32.87619047619047,1.610101405034742,153,77072.0,0.04534656610175138,153,77072.0,0.2400000000000091
45095.0,153,6619.0,31.369668246445496,1.648372118920651,153,76378.0,0.04503176551821119,153,76378.0,6.940000000000055
45100.0,153,6485.0,30.589622641509433,1.759014063827489,153,75684.0,0.052282603055844645,153,75684.0,6.939999999999941
45105.0,153,6856.0,32.492890995260666,1.6350738527771806,153,75730.0,0.049400298237279795,153,75730.0,-0.4599999999999227
45110.0,156,7205.0,34.14691943127962,1.5577044272933096,156,75786.0,0.04415582475942205,156,75786.0,-0.5600000000000591
45115.0,155,7555.0,35.976190476190474,1.4345935661260287,155,75840.0,0.04502988390513171,155,75840.0,-0.5399999999999636
45120.0,155,7908.0,37.47867298578199,1.5558615700695357,155,74841.0,0.04820203718232306,155,74841.0,9.990000000000009
45125.0,152,8190.0,38.632075471698116,1.566811025003801,152,74865.0,0.04926199207959043,152,74865.0,-0.2400000000000091
45130.0,150,8419.0,40.282296650717704,1.493215651598872,150,74143.0,0.0498876022843694,150,74143.0,7.220000000000027
45135.0,147,8638.0,40.93838862559242,1.7522324088915182,147,73451.0,0.06126544101816061,147,73451.0,6.919999999999959
45140.0,144,8833.0,42.06190476190476,1.7505170473004814,143,73570.0,0.0567363641434999,143,73570.0,-1.1900000000000546
45145.0,146,9024.0,43.177033492822964,1.6173827301320158,146,74303.0,0.05239478672112593,146,74303.0,-7.329999999999927
45150.0,147,9215.0,43.88095238095238,1.6366818089753465,147,73828.0,0.05283917433767724,147,73828.0,4.75
45155.0,145,9229.0,43.94761904761905,1.5167417722613687,145,74469.0,0.04946111164469218,145,74469.0,-6.410000000000082
45160.0,148,9450.0,44.78672985781991,1.5546133801201643,148,75050.0,0.04974610541745841,148,75050.0,-5.809999999999945
45165.0,151,9895.0,46.23831775700935,1.6595692475743447,151,75670.0,0.054348835452946644,151,75670.0,-6.2000000000000455
45170.0,153,9914.0,46.544600938967136,1.5415142915113076,153,75529.0,0.04955742535903662,153,75529.0,1.4100000000000819
45175.0,158,9657.0,44.91627906976744,1.5176392588717555,158,74515.0,0.04444261576637955,158,74515.0,10.139999999999986
45180.0,160,9420.0,44.018691588785046,1.5535631427463763,160,73529.0,0.04824002216016032,160,73529.0,9.860000000000014
45185.0,160,9186.0,43.12676056338028,1.439708133586213,160,71677.0,0.0467393735204893,160,71677.0,18.519999999999982
45190.0,158,8985.0,42.183098591549296,1.6594762205138116,158,69884.0,0.059067979369011904,158,69884.0,17.92999999999995
45195.0,159,8677.0,40.35813953488372,1.5243009068822242,159,69936.0,0.04873929090435234,159,69936.0,-0.5199999999999818
45200.0,161,8270.0,38.11059907834101,1.575746842277219,161,69273.0,0.049715556759177146,161,69273.0,6.6299999999999955
45205.0,158,7889.0,36.02283105022831,1.7619389213065415,158,68618.0,0.05596168930294747,158,68618.0,6.550000000000068
45210.0,160,7431.0,34.08715596330275,1.7179845605029223,160,69320.0,0.05064789112673005,160,69320.0,-7.0200000000000955
45215.0,160,6908.0,31.68807339449541,1.7561447436716056,160,69968.0,0.04911787867546659,160,69968.0,-6.4799999999999045
45220.0,158,6516.0,30.027649769585253,1.8438957969435579,158,70648.0,0.0582105088947657,158,70648.0,-6.800000000000068
45225.0,160,6141.0,28.56279069767442,1.6213970538456863,160,70740.0,0.05348059739270271,160,70740.0,-0.9199999999999591
45230.0,161,5744.0,26.8411214953271,1.555907729121132,161,70844.0,0.04479417162400533,161,70844.0,-1.0400000000000773
45235.0,157,5523.0,25.80841121495327,1.6005316670826544,157,70930.0,0.04917589808158641,157,70930.0,-0.8599999999999
45240.0,159,5829.0,27.111627906976743,1.5797885286690696,159,70834.0,0.046331495897121454,159,70834.0,0.9599999999999227
45245.0,160,6049.0,27.87557603686636,1.5743174326294342,160,69852.0,0.04570398219793092,160,69852.0,9.82000000000005
45250.0,159,6269.0,29.15813953488372,1.5874215802130014,159,69037.0,0.04759290864097352,159,69037.0,8.149999999999977
45255.0,156,6391.0,29.587962962962962,1.5582095285603161,156,69755.0,0.04032414216946686,156,69755.0,-7.17999999999995
45260.0,154,6516.0,30.735849056603772,1.4924792445688058,154,70459.0,0.04295243085595014,154,70459.0,-7.040000000000077
45265.0,158,6952.0,32.48598130841121,1.476130420082828,158,71109.0,0.043889508177351065,158,71109.0,-6.5
45270.0,166,7369.0,34.11574074074074,1.315618707018911,166,71256.0,0.03927685344653235,166,71256.0,-1.4699999999999136
45275.0,168,7744.0,35.68663594470046,1.1704390432413894,168,71430.0,0.03136676492222594,168,71430.0,-1.740000000000009
45280.0,168,8123.0,37.09132420091324,1.281842412332024,168,71607.0,0.03449243651902026,168,71607.0,-1.7700000000000955
45285.0,165,8500.0,39.1705069124424,1.3471938428754018,165,70474.0,0.04305408546508863,165,70474.0,11.330000000000041
45290.0,162,8829.0,41.06511627906977,1.3211710180925111,162,71219.0,0.03934511543643638,162,71219.0,-7.4500000000000455
45295.0,161,9154.0,42.379629629629626,1.3491920366709091,161,71915.0,0.042304257546562,161,71915.0,-6.959999999999923
45300.0,165,9614.0,44.925233644859816,1.3769911335976666,165,72630.0,0.04644431459590547,165,72630.0,-7.149999999999977
45305.0,166,9730.0,45.25581395348837,1.2879867462327739,166,72706.0,0.03664939707899561,166,72706.0,-0.7599999999999909
45310.0,172,9667.0,44.754629629629626,1.286003124345585,172,72063.0,0.03305203899109619,172,72063.0,6.42999999999995
45315.0,172,9611.0,44.08715596330275,1.3663418507150167,172,71432.0,0.03726513680095685,172,71432.0,6.309999999999945
45320.0,169,9545.0,43.78440366972477,1.4933657486008667,169,70069.0,0.0414721965811404,169,70069.0,13.629999999999995
45325.0,166,9465.0,43.41743119266055,1.5652555525817502,166,68814.0,0.04687518477271038,166,68814.0,12.550000000000068
45330.0,163,9375.0,43.20276497695853,1.682025972811189,163,67785.0,0.05524712171437184,163,67785.0,10.289999999999964
45335.0,158,9058.0,41.93518518518518,1.567092599053971,158,68584.0,0.049410774748880414,158,68584.0,-7.990000000000009
45340.0,163,8706.0,40.11981566820276,1.6313728396221883,163,69393.0,0.04875623828575425,163,69393.0,-8.089999999999918
45345.0,166,8356.0,38.330275229357795,1.6350261197773257,166,69335.0,0.04637848358766193,166,69335.0,0.5799999999999272
45350.0,165,7809.0,35.821100917431195,1.5869009080902867,165,69454.0,0.04442155374127921,165,69454.0,-1.1899999999999409
45355.0,161,7119.0,32.50684931506849,1.6684350811784174,161,68859.0,0.049093511178655895,161,68859.0,5.949999999999932
45360.0,159,6419.0,29.71759259259259,1.76278781782484,159,68240.0,0.058608314161293,159,68240.0,6.190000000000055
45365.0,155,5524.0,25.934272300469484,1.5857454251115974,155,68924.0,0.05099689754530655,155,68924.0,-6.840000000000032
45370.0,152,4661.0,22.09004739336493,1.6909867838504171,152,69502.0,0.05616723983005671,152,69502.0,-5.779999999999973
45375.0,153,4544.0,21.433962264150942,1.725177022976626,153,70084.0,0.05785293996509539,153,70084.0,-5.82000000000005
45380.0,158,4528.0,21.258215962441316,1.5875450634621708,158,70143.0,0.05030794932906007,158,70143.0,-0.5899999999999181
45385.0,163,4509.0,21.169014084507044,1.2465967936406808,163,70236.0,0.031144980771779414,163,70236.0,-0.9300000000000637
45390.0,162,4500.0,21.02803738317757,1.367351934527684,162,70336.0,0.03776187771235251,162,70336.0,-1.0
45395.0,158,4476.0,21.014084507042252,1.4115796765740942,158,69214.0,0.04284597681805798,158,69214.0,11.220000000000027
45400.0,158,4397.0,20.451162790697673,1.4098327717819696,158,69071.0,0.04202249832200944,158,69071.0,1.42999999999995
45405.0,155,4520.0,21.023255813953487,1.3904709520118987,155,68039.0,0.0410562318555836,155,68039.0,10.32000000000005
45410.0,154,4642.0,21.69158878504673,1.5673530245291765,154,67024.0,0.05094871798548185,154,67024.0,10.149999999999977
45415.0,155,4873.0,22.77102803738318,1.5869212606887713,155,65148.0,0.051156569859050545,155,65148.0,18.75999999999999
45420.0,160,5348.0,24.64516129032258,1.6960864819354606,160,63616.0,0.057645442410656285,160,63616.0,15.32000000000005
45425.0,161,5835.0,26.402714932126695,1.718682379641499,161,62210.0,0.05259166790188173,161,62210.0,14.059999999999945
45430.0,161,6323.0,28.48198198198198,1.7401870050053494,160,61658.0,0.05381572334478096,160,61658.0,5.519999999999982
45435.0,162,6641.0,29.914414414414413,1.6580198419754997,162,62457.0,0.052121038972624975,162,62457.0,-7.990000000000009
45440.0,163,6863.0,31.48165137614679,1.5804071174330754,163,63268.0,0.052224588817606464,163,63268.0,-8.1099999999999
45445.0,165,7180.0,32.78538812785388,1.6088623252985348,165,64082.0,0.049667362680934336,165,64082.0,-8.1400000000001
45450.0,166,7394.0,34.07373271889401,1.5743217414656192,166,64183.0,0.05060706478064996,166,64183.0,-1.009999999999991
45455.0,167,7421.0,34.19815668202765,1.544304453612531,167,63562.0,0.05290701290904249,167,63562.0,6.210000000000036
45460.0,166,7450.0,34.33179723502304,1.6807437746066953,166,62954.0,0.058664905201113796,166,62954.0,6.080000000000041
45465.0,165,7513.0,34.305936073059364,1.7473647279458322,165,61629.0,0.058713986909662536,165,61629.0,13.25
45470.0,167,7664.0,34.678733031674206,1.698248615265927,167,61744.0,0.05458821754998807,167,61744.0,-1.150000000000091
45475.0,172,7757.0,34.629464285714285,1.540047429981128,172,62594.0,0.04394142766173896,172,62594.0,-8.5
45480.0,171,7852.0,35.210762331838566,1.4338991619145272,171,62027.0,0.03644470451719704,171,62027.0,5.670000000000073
45485.0,172,7899.0,35.58108108108108,1.4062850267172855,172,62713.0,0.039721580719365684,172,62713.0,-6.860000000000014
45490.0,169,7732.0,35.14545454545455,1.401461625462131,169,63399.0,0.03934428275913631,169,63399.0,-6.860000000000014
45495.0,168,7551.0,34.32272727272727,1.3359945841325653,168,64078.0,0.03871658445688132,168,64078.0,-6.789999999999964
45500.0,163,7353.0,33.57534246575342,1.409994560492205,163,64601.0,0.04545902021925056,163,64601.0,-5.230000000000018
45505.0,160,6962.0,31.645454545454545,1.4372049993486666,160,64679.0,0.04561520802638317,160,64679.0,-0.7799999999999727
45510.0,161,6557.0,29.669683257918553,1.4356016721062022,160,64143.0,0.04252248124991439,160,64143.0,5.360000000000014
45515.0,164,6289.0,28.457013574660632,1.364472525683562,164,64950.0,0.04180982002636437,164,64950.0,-8.07000000000005
45520.0,170,6371.0,28.6981981981982,1.2608844222140707,170,65638.0,0.036544332899131844,170,65638.0,-6.8799999999999955
45525.0,175,6504.0,29.035714285714285,1.1550305099053682,175,66235.0,0.03269575792927513,175,66235.0,-5.970000000000027
45530.0,174,6698.0,30.17117117117117,1.1524661730472534,174,66859.0,0.03788943469572282,174,66859.0,-6.240000000000009
45535.0,173,6882.0,30.723214285714285,1.1422960495658983,172,67096.0,0.031107316264028392,172,67096.0,-2.3700000000000045
45540.0,178,7118.0,31.495575221238937,1.161265983381726,178,67976.0,0.028613790262719863,178,67976.0,-8.799999999999955
45545.0,185,7404.0,32.473684210526315,1.077668967051186,185,67640.0,0.026474766583694777,185,67640.0,3.3600000000000136
45550.0,188,7677.0,33.819383259911895,0.9577780767421981,188,68454.0,0.022529646297086786,188,68454.0,-8.139999999999986
45555.0,184,7912.0,34.85462555066079,1.0258401833127546,184,69159.0,0.02677238606017773,184,69159.0,-7.050000000000068
45560.0,180,8126.0,36.11555555555555,1.1304080747411558,180,69874.0,0.03447076333125135,180,69874.0,-7.149999999999977
45565.0,176,8058.0,35.81333333333333,1.1003868924399092,176,69954.0,0.029007373061719376,176,69954.0,-0.7999999999999545
45570.0,177,7976.0,35.607142857142854,1.1495258546517755,177,69256.0,0.03183900073994093,177,69256.0,6.980000000000018
45575.0,182,8306.0,36.75221238938053,1.1753307824583015,182,68616.0,0.030679918073459173,182,68616.0,6.399999999999977
45580.0,183,8557.0,37.530701754385966,1.223571251505833,183,68888.0,0.028890254590150422,183,68888.0,-2.7200000000000273
45585.0,181,8745.0,38.69469026548673,1.1914013586226364,181,68527.0,0.028726810775443073,181,68527.0,3.6100000000000136
45590.0,176,8915.0,39.799107142857146,1.3230723609690105,176,68149.0,0.0381138020928421,176,68149.0,3.7799999999999727
45595.0,172,9062.0,40.63677130044843,1.3646733014364745,172,67183.0,0.04093495007898383,172,67183.0,9.659999999999968
45600.0,168,8860.0,39.73094170403587,1.455924527755942,168,67209.0,0.044187265789585796,168,67209.0,-0.2599999999999909
45605.0,168,8485.0,37.71111111111111,1.5194815897408833,168,66413.0,0.04326668750563733,168,66413.0,7.960000000000036
45610.0,167,8114.0,36.38565022421525,1.598399187193124,167,65652.0,0.04956335915516185,167,65652.0,7.610000000000014
45615.0,165,7586.0,34.171171171171174,1.517409685272128,165,66344.0,0.043962558513784895,165,66344.0,-6.920000000000073
45620.0,161,6946.0,31.28828828828829,1.6537132858612902,161,67034.0,0.04458520900013391,161,67034.0,-6.899999999999977
45625.0,157,6308.0,28.286995515695068,1.7968985993152944,157,67597.0,0.0517584612432243,157,67597.0,-5.6299999999999955
45630.0,153,5852.0,26.479638009049772,1.8735860508570228,153,68091.0,0.05822562997963424,153,68091.0,-4.939999999999941
45635.0,156,5826.0,26.602739726027398,1.717227184285396,156,68071.0,0.05300448701675169,156,68071.0,0.1999999999999318
45640.0,161,5790.0,26.318181818181817,1.6830105273600366,161,67286.0,0.052178419573663315,161,67286.0,7.850000000000023
45645.0,163,5804.0,26.50228310502283,1.6152311115494007,163,66515.0,0.05062195086234174,163,66515.0,7.710000000000036
45650.0,168,5917.0,26.895454545454545,1.5712495999274072,167,67251.0,0.042244037045750485,167,67251.0,-7.360000000000014
45655.0,171,6015.0,27.591743119266056,1.3251623045520953,171,68105.0,0.03162703905846041,171,68105.0,-8.539999999999964
45660.0,168,6106.0,28.009174311926607,1.4137985841685776,168,68768.0,0.03847863274762027,168,68768.0,-6.6299999999999955
45665.0,170,6163.0,28.141552511415526,1.2750190565176345,170,68934.0,0.03455805411172747,170,68934.0,-1.6600000000000819
45670.0,173,6588.0,29.809954751131222,1.290744146576143,173,69120.0,0.03249589581306005,173,69120.0,-1.8600000000000136
45675.0,179,7048.0,31.605381165919283,1.1931789827281791,179,68731.0,0.030228172188196085,179,68731.0,3.8900000000001
45680.0,179,7468.0,33.19111111111111,1.2336728409722342,179,69527.0,0.031067582857096782,179,69527.0,-7.960000000000036
45685.0,177,7850.0,35.044642857142854,1.2055526066436415,177,70244.0,0.03245462643674489,177,70244.0,-7.170000000000073
45690.0,173,8220.0,36.860986547085204,1.3695668399359282,173,70960.0,0.039583861525430517,173,70960.0,-7.159999999999968
45695.0,171,8285.0,37.48868778280543,1.2590161785485559,171,70932.0,0.03374901597802119,171,70932.0,0.2799999999999727
45700.0,172,8184.0,37.54128440366973,1.2272947722115928,172,70029.0,0.03514103059482981,172,70029.0,9.030000000000086
45705.0,175,8156.0,37.07272727272727,1.2608610600657328,175,69168.0,0.03544062395596819,175,69168.0,8.610000000000014
45710.0,176,8135.0,36.97727272727273,1.3165152998710061,176,67628.0,0.03793548925755402,176,67628.0,15.399999999999977
45715.0,173,7996.0,36.01801801801802,1.3327516009493576,173,67861.0,0.03619850712932202,173,67861.0,-2.330000000000041
45720.0,170,7776.0,35.027027027027025,1.4333986997772175,170,67459.0,0.041851199379517465,170,67459.0,4.019999999999982
45725.0,167,7570.0,34.0990990990991,1.5634925193895644,167,67044.0,0.04587638607148225,167,67044.0,4.149999999999977
45730.0,163,7440.0,33.665158371040725,1.7521087244014135,163,66008.0,0.051934840657698704,163,66008.0,10.360000000000014
45735.0,164,7252.0,32.81447963800905,1.589377609952604,164,66010.0,0.0433520215899159,164,66010.0,-0.01999999999998181
45740.0,165,6897.0,31.20814479638009,1.621016227089134,165,65208.0,0.048266963670084394,165,65208.0,8.019999999999982
45745.0,162,6537.0,29.713636363636365,1.7023407046112609,162,64400.0,0.051774166364234826,162,64400.0,8.080000000000041
45750.0,159,6001.0,27.401826484018265,1.730498075057069,159,65083.0,0.04926102779312797,159,65083.0,-6.830000000000041
45755.0,155,5335.0,24.360730593607308,1.7536862877029809,155,65755.0,0.05214715220442051,155,65755.0,-6.719999999999914
45760.0,151,4796.0,22.203703703703702,1.8069583440647874,151,66316.0,0.05887381139738573,151,66316.0,-5.610000000000014
45765.0,152,4859.0,22.288990825688074,1.8412211959155849,152,66820.0,0.06053487158157457,152,66820.0,-5.040000000000077
45770.0,157,4971.0,22.80275229357798,1.6921735688830812,157,66806.0,0.05181255558123373,157,66806.0,0.14000000000010004
45775.0,158,5057.0,23.091324200913242,1.6831800151058505,158,66031.0,0.051194071264221444,158,66031.0,7.75
45780.0,160,5193.0,23.930875576036865,1.6933680653463838,160,65270.0,0.05283895721126947,160,65270.0,7.6099999999999
45785.0,163,5476.0,25.235023041474655,1.6649775900668833,163,63762.0,0.04946827878369337,163,63762.0,15.080000000000041
45790.0,167,5772.0,26.11764705882353,1.7966921674303018,167,62280.0,0.05327418561822994,167,62280.0,14.82000000000005
45795.0,164,5830.0,26.26126126126126,1.7832738379772481,164,62341.0,0.04553428194384492,164,62341.0,-0.6100000000000136
45800.0,162,5822.0,26.463636363636365,1.7713479359584106,162,61639.0,0.050383327370041815,162,61639.0,7.019999999999982
45805.0,164,6136.0,27.89090909090909,1.736966012508163,164,60944.0,0.0507344064601083,164,60944.0,6.949999999999932
45810.0,164,6457.0,29.217194570135746,1.8569089480681533,164,59520.0,0.05275136616856812,164,59520.0,14.240000000000009
45815.0,165,6536.0,29.309417040358746,1.7693352713804469,165,59653.0,0.05038685802733437,165,59653.0,-1.3299999999999272
45820.0,161,6449.0,28.919282511210763,1.8523654800833693,161,59196.0,0.053715150218743964,161,59196.0,4.569999999999936
45825.0,159,6350.0,28.603603603603602,1.9681231620562765,159,58822.0,0.05725580846729145,159,58822.0,3.740000000000009
45830.0,154,6130.0,28.119266055045873,1.9100517288474443,154,58941.0,0.05813986041023091,154,58941.0,-1.1899999999999409
45835.0,151,5865.0,27.027649769585253,1.9484767425763672,151,58386.0,0.05953295276072047,151,58386.0,5.5499999999999545
45840.0,151,5650.0,26.036866359447004,2.0508348663886826,151,57830.0,0.06537600928556882,151,57830.0,5.560000000000059
45845.0,154,5217.0,24.04147465437788,1.8277263166672642,153,58441.0,0.05438021297360034,153,58441.0,-6.110000000000014
45850.0,153,4638.0,21.47222222222222,1.724101197023026,153,59213.0,0.0491877976846336,153,59213.0,-7.720000000000027
45855.0,151,4074.0,18.86111111111111,1.7202336581322346,151,59682.0,0.0534744021023687,151,59682.0,-4.690000000000055
45860.0,148,3749.0,17.518691588785046,1.7067192008253347,148,60044.0,0.05789681251102067,148,60044.0,-3.6200000000000045
45865.0,154,3743.0,17.1697247706422,1.6964907862734524,154,60012.0,0.053807561063806304,154,60012.0,0.32000000000005
45870.0,158,3693.0,17.018433179723502,1.554285904968624,158,59350.0,0.0493681009682559,158,59350.0,6.6200000000000045
45875.0,162,3695.0,16.87214611872146,1.5693362034851532,162,58843.0,0.05061104800028755,162,58843.0,5.07000000000005
45880.0,162,3823.0,17.53669724770642,1.5960496364142536,162,57710.0,0.05144999320342787,162,57710.0,11.329999999999927
45885.0,166,4173.0,18.96818181818182,1.4831580092485799,166,58403.0,0.045211220308644086,166,58403.0,-6.92999999999995
45890.0,169,4548.0,20.486486486486488,1.458334302760882,169,59007.0,0.04550546215677646,169,59007.0,-6.040000000000077
45895.0,169,4984.0,22.15111111111111,1.6074955441803098,169,59640.0,0.04820602117506656,169,59640.0,-6.329999999999927
45900.0,171,5294.0,23.3215859030837,1.5841969443531079,170,59834.0,0.041366073689018484,170,59834.0,-1.9400000000000546
45905.0,179,5569.0,24.53303964757709,1.440543629705023,179,60720.0,0.03472671736694283,179,60720.0,-8.860000000000014
45910.0,180,5854.0,26.017777777777777,1.3709814804313758,180,60404.0,0.035408886614409815,180,60404.0,3.160000000000082
45915.0,179,6098.0,27.102222222222224,1.2569791955547618,179,61192.0,0.030702809355828014,179,61192.0,-7.8799999999999955
45920.0,176,6303.0,28.26457399103139,1.3331841994030087,176,61879.0,0.03702715274155077,176,61879.0,-6.8700000000000045
45925.0,172,6508.0,29.183856502242154,1.4713525145139734,172,62572.0,0.042404553692590226,172,62572.0,-6.930000000000064
45930.0,170,6684.0,30.10810810810811,1.4876365343791356,170,62733.0,0.039687529266078325,170,62733.0,-1.6100000000000136
45935.0,175,6964.0,31.228699551569505,1.4446551723551393,175,62231.0,0.03593130804713945,175,62231.0,5.0200000000000955
45940.0,179,7268.0,32.886877828054295,1.3418401450515518,179,61761.0,0.03388010790263979,179,61761.0,4.699999999999932
45945.0,177,7525.0,34.36073059360731,1.1691011489223844,177,62561.0,0.029467677221548534,177,62561.0,-8.0
45950.0,173,7737.0,35.32876712328767,1.286097571667336,173,63287.0,0.034061353603582,173,63287.0,-7.259999999999991
45955.0,171,7935.0,36.06818181818182,1.351809590815322,171,64024.0,0.03991900021745818,171,64024.0,-7.3700000000000045
45960.0,171,8156.0,37.07272727272727,1.297883144222922,171,64183.0,0.03619638325763746,171,64183.0,-1.5900000000000318
45965.0,174,8454.0,38.08108108108108,1.2915713398977917,174,63671.0,0.03308237264973129,174,63671.0,5.1200000000000045
45970.0,176,9026.0,40.65765765765766,1.419219832937429,176,63189.0,0.039788708337191364,176,63189.0,4.82000000000005
45975.0,175,9600.0,43.63636363636363,1.3578322708001613,175,62037.0,0.03905550475531923,175,62037.0,11.519999999999982
45980.0,173,10169.0,46.222727272727276,1.499810762273433,173,60923.0,0.044929325354831434,173,60923.0,11.139999999999986
45985.0,168,10508.0,47.547511312217196,1.5227216211459114,168,61103.0,0.0439069783636488,168,61103.0,-1.7999999999999545
45990.0,164,10714.0,48.922374429223744,1.5674384255783527,164,60598.0,0.04871557225083578,164,60598.0,5.0499999999999545
45995.0,160,10973.0,49.877272727272725,1.746874609827646,160,60096.0,0.05419576416686585,160,60096.0,5.019999999999982
46000.0,161,10883.0,49.46818181818182,1.7958743153321248,161,60250.0,0.051144852903955616,161,60250.0,-1.5399999999999636
46005.0,161,10483.0,48.08715596330275,1.7377078915417,161,59774.0,0.04828135224120822,161,59774.0,4.759999999999991
46010.0,157,10072.0,46.629629629629626,1.8353914919760579,157,59292.0,0.0576655061096517,157,59292.0,4.82000000000005
46015.0,154,9643.0,44.43778801843318,1.89212223344299,154,58175.0,0.05929850107939701,154,58175.0,11.169999999999959
46020.0,152,9203.0,42.41013824884793,2.1258520369213985,152,57058.0,0.07187212186272565,152,57058.0,11.169999999999959
46025.0,150,8602.0,40.19626168224299,1.9318055916978296,150,57805.0,0.05929668989900216,150,57805.0,-7.469999999999914
46030.0,155,7912.0,36.8,1.873398194453219,155,58573.0,0.058279198848540215,155,58573.0,-7.680000000000064
46035.0,159,7268.0,33.49308755760369,1.7398828464549054,159,59234.0,0.048377541407049585,159,59234.0,-6.610000000000014
46040.0,158,6811.0,31.53240740740741,1.7790755068795703,158,59798.0,0.051676716180266,158,59798.0,-5.639999999999986
46045.0,156,6417.0,29.846511627906978,1.7540584127985046,156,60373.0,0.058993671045904215,156,60373.0,-5.75
46050.0,153,5942.0,27.896713615023476,1.7124525206159928,153,60439.0,0.05836479194250939,153,60439.0,-0.6599999999999682
46055.0,162,5703.0,26.649532710280372,1.5001073824081002,162,60528.0,0.052384352399977754,162,60528.0,-0.8899999999999864
46060.0,166,5497.0,25.449074074074073,1.4237269952388463,166,60647.0,0.04385871985283902,166,60647.0,-1.1900000000000546
46065.0,168,5435.0,25.046082949308754,1.349182078731264,168,61374.0,0.039646228842914945,168,61374.0,-7.269999999999982
46070.0,173,5958.0,27.3302752293578,1.2754679901253334,173,62027.0,0.03847649266035485,173,62027.0,-6.529999999999973
46075.0,177,6498.0,29.27027027027027,1.2912155895120263,177,62716.0,0.036805639612166444,177,62716.0,-6.889999999999986
46080.0,177,6812.0,30.823529411764707,1.209845511283203,177,62991.0,0.03143775585488858,177,62991.0,-2.75
46085.0,179,6977.0,31.713636363636365,1.0883879403364387,179,62678.0,0.029692582583514805,179,62678.0,3.1299999999999955
46090.0,179,7148.0,32.49090909090909,1.1852039492542399,179,62376.0,0.03551698235944561,179,62376.0,3.019999999999982
46095.0,178,7264.0,32.573991031390136,1.1609619131868443,178,63167.0,0.030994927824927205,178,63167.0,-7.909999999999968
46100.0,173,7337.0,32.90134529147982,1.2794255218407968,173,63877.0,0.03401826908913208,173,63877.0,-7.100000000000023
46105.0,170,7399.0,33.17937219730942,1.3861501406170929,170,64600.0,0.041823061356812415,170,64600.0,-7.230000000000018
46110.0,173,7491.0,33.591928251121075,1.333890209864579,173,64849.0,0.03420337437876716,173,64849.0,-2.490000000000009
46115.0,174,7643.0,34.27354260089686,1.306189981785046,174,64505.0,0.031560180435894356,174,64505.0,3.4400000000000546
46120.0,175,7971.0,35.9054054054054,1.3861483749307015,175,64178.0,0.03750721645725199,175,64178.0,3.269999999999982
46125.0,176,8301.0,36.89333333333333,1.4955690701493223,176,63260.0,0.03832907632928481,176,63260.0,9.17999999999995
46130.0,174,8321.0,37.48198198198198,1.4929811374389248,174,63431.0,0.03884656165449387,174,63431.0,-1.7099999999999227
46135.0,170,8118.0,36.9,1.3873825740231458,170,63586.0,0.03943629454647105,170,63586.0,-1.5500000000000682
46140.0,165,7943.0,36.269406392694066,1.55980947340627,165,63017.0,0.04758543207897595,165,63017.0,5.690000000000055
46145.0,162,7817.0,35.694063926940636,1.5556436609821436,162,63221.0,0.045414023737040225,162,63221.0,-2.0400000000000773
46150.0,163,7962.0,36.522935779816514,1.5953327762788463,163,62998.0,0.04665518569735443,163,62998.0,2.230000000000018
46155.0,163,8107.0,37.18807339449541,1.6146750698084165,163,62779.0,0.04726281409310718,163,62779.0,2.1900000000000546
46160.0,160,8194.0,37.93518518518518,1.5517043552214997,159,62867.0,0.04679900211150594,159,62867.0,-0.8799999999999955
46165.0,157,8229.0,37.92165898617512,1.5330351107835698,157,63663.0,0.04622876126814719,157,63663.0,-7.960000000000036
46170.0,156,8253.0,38.38604651162791,1.5250739085041813,156,63215.0,0.050327768118604774,156,63215.0,4.480000000000018
46175.0,152,8312.0,38.66046511627907,1.58554569253715,152,62235.0,0.05401513697587572,152,62235.0,9.799999999999955
46180.0,153,8182.0,37.879629629629626,1.6291612122327754,153,62879.0,0.05240033540808806,153,62879.0,-6.439999999999941
46185.0,156,7921.0,36.50230414746544,1.435969840412429,156,63537.0,0.04193750075274992,156,63537.0,-6.580000000000041
46190.0,152,7752.0,35.888888888888886,1.5471973123003335,152,64195.0,0.04882312402346678,152,64195.0,-6.580000000000041
46195.0,150,7903.0,36.41935483870968,1.5713417935273508,150,64655.0,0.05348767251773634,150,64655.0,-4.599999999999909
46200.0,155,8381.0,38.6221198156682,1.5073846859119509,155,64870.0,0.05081509574050638,155,64870.0,-2.150000000000091
46205.0,163,8835.0,39.977375565610856,1.3996635646538202,163,64567.0,0.047710399189160015,163,64567.0,3.0300000000000864
46210.0,166,9357.0,42.339366515837106,1.4894321197969926,166,64368.0,0.04801385051009775,166,64368.0,1.990000000000009
46215.0,170,9870.0,44.86363636363637,1.3520519022458146,170,65112.0,0.038690688850320135,170,65112.0,-7.440000000000055
46220.0,170,10359.0,46.66216216216216,1.4614326461922984,170,65783.0,0.03832210019239668,170,65783.0,-6.710000000000036
46225.0,168,10863.0,49.15384615384615,1.4774193475005604,168,66456.0,0.0434506239961731,168,66456.0,-6.7299999999999045
46230.0,173,10992.0,49.737556561085974,1.3826262572702688,172,66483.0,0.038830951069752644,172,66483.0,-0.2700000000000955
46235.0,179,10838.0,48.600896860986545,1.2491264591342481,179,67371.0,0.02869868877568803,179,67371.0,-8.879999999999995
46240.0,180,10702.0,47.99103139013453,1.275426791254016,180,66638.0,0.02975874149713283,180,66638.0,7.330000000000041
46245.0,177,10554.0,46.906666666666666,1.3875264662755369,177,65095.0,0.0346865961397361,177,65095.0,15.42999999999995
46250.0,176,10393.0,46.19111111111111,1.4367806858215635,176,64373.0,0.03735334040355275,176,64373.0,7.220000000000027
46255.0,173,10221.0,46.04054054054054,1.3449359692596088,173,63697.0,0.03705883899299948,173,63697.0,6.759999999999991
46260.0,168,9943.0,44.990950226244344,1.4886221626007663,168,64448.0,0.04375130175218086,168,64448.0,-7.509999999999991
46265.0,165,9643.0,43.43693693693694,1.5644675070312302,165,65107.0,0.04490138888159564,165,65107.0,-6.590000000000032
46270.0,165,9502.0,43.38812785388128,1.6067374466855964,165,65799.0,0.049579720597720076,165,65799.0,-6.919999999999959
46275.0,168,9310.0,42.51141552511415,1.4734937884028478,168,66108.0,0.03942826642429746,168,66108.0,-3.090000000000032
46280.0,170,9014.0,40.78733031674208,1.5351961964093548,170,65908.0,0.03956845767193642,170,65908.0,2.0
46285.0,168,8721.0,39.64090909090909,1.54542468546401,168,65819.0,0.043450393321230345,168,65819.0,0.8899999999999864
46290.0,166,8087.0,36.926940639269404,1.5507901878993966,166,65968.0,0.04334185436305181,166,65968.0,-1.4899999999998954
46295.0,163,7380.0,33.85321100917431,1.51530532145017,163,66105.0,0.0394010424821175,163,66105.0,-1.3700000000000045
46300.0,163,7332.0,33.78801843317972,1.5434009034876113,163,66232.0,0.04404771456419618,163,66232.0,-1.2700000000000955
46305.0,163,7200.0,33.027522935779814,1.4337436286537597,163,66960.0,0.03800323779868498,163,66960.0,-7.279999999999973
46310.0,164,7015.0,32.476851851851855,1.2880722942342193,164,67707.0,0.03560738158186218,164,67707.0,-7.470000000000027
46315.0,165,6868.0,31.796296296296298,1.232787669020698,165,68381.0,0.035346878767658976,165,68381.0,-6.739999999999895
46320.0,165,6652.0,30.513761467889907,1.2966461673922087,165,68372.0,0.03740030442479188,165,68372.0,0.08999999999991815
46325.0,167,6325.0,29.013761467889907,1.1944542688143913,167,68376.0,0.034621346036408616,167,68376.0,-0.03999999999996362
46330.0,168,6004.0,27.541284403669724,1.2175222861636634,168,68389.0,0.033756373837900665,168,68389.0,-0.12999999999999545
46335.0,165,5675.0,25.91324200913242,1.3069438026908116,165,67614.0,0.038520815940362996,165,67614.0,7.75
46340.0,164,5369.0,24.741935483870968,1.2792070691388548,164,68354.0,0.04020251204156224,164,68354.0,-7.399999999999977
46345.0,165,5235.0,24.12442396313364,1.1899288202049636,165,69029.0,0.03576594776494351,165,69029.0,-6.75
46350.0,165,5130.0,23.53211009174312,1.331862469184405,165,69732.0,0.04171567968926962,165,69732.0,-7.030000000000086
46355.0,167,5042.0,23.128440366972477,1.197753765176492,167,70084.0,0.03310149972419911,167,70084.0,-3.519999999999982
46360.0,173,5261.0,23.913636363636364,1.2049803937070898,173,69998.0,0.031640996888019565,173,69998.0,0.8600000000000136
46365.0,175,5506.0,24.914027149321267,1.253862676444624,175,69936.0,0.03408498049438632,175,69936.0,0.6200000000000045
46370.0,174,5750.0,26.136363636363637,1.3572203315878897,174,69483.0,0.03749319672389907,174,69483.0,4.529999999999973
46375.0,169,5975.0,27.15909090909091,1.4934629529075887,169,69162.0,0.045061726370980514,169,69162.0,3.2100000000000364
46380.0,165,6208.0,28.21818181818182,1.6279238155313813,165,68836.0,0.05136006115528149,165,68836.0,3.259999999999991
46385.0,160,6366.0,28.936363636363637,1.5743929067630966,160,68830.0,0.04691875104814335,160,68830.0,0.06000000000005912
46390.0,160,6615.0,30.344036697247706,1.6328306568711457,160,68012.0,0.05442205104129022,160,68012.0,8.17999999999995
46395.0,161,6867.0,31.356164383561644,1.7393463009234902,161,67195.0,0.05579985331935413,161,67195.0,8.169999999999959
46400.0,161,7120.0,32.6605504587156,1.8650459102178576,161,65602.0,0.058621903478578555,161,65602.0,15.930000000000064
46405.0,160,7064.0,32.403669724770644,1.8067869095297786,160,65617.0,0.05619582190627712,160,65617.0,-0.14999999999997726
46410.0,156,6796.0,31.174311926605505,1.9815394079099453,156,64846.0,0.06109685284627513,156,64846.0,7.709999999999923
46415.0,152,6509.0,29.857798165137616,2.1276434882508273,152,64059.0,0.066008632475505,152,64059.0,7.8700000000000045
46420.0,148,6093.0,27.94954128440367,2.2236522925224262,148,64691.0,0.06493583555246536,148,64691.0,-6.319999999999936
46425.0,150,5781.0,26.640552995391705,2.103137101760774,150,65327.0,0.06150751769269956,150,65327.0,-6.360000000000014
46430.0,151,5543.0,25.662037037037038,2.012064239219979,151,65973.0,0.05713562533113338,151,65973.0,-6.460000000000036
46435.0,152,5509.0,25.387096774193548,1.9167644918807802,152,66545.0,0.052481940481543025,152,66545.0,-5.720000000000027
46440.0,154,5484.0,25.626168224299064,1.7674468904733562,154,66523.0,0.052587754598628,154,66523.0,0.22000000000002728
46445.0,155,5428.0,25.483568075117372,1.7397766046611562,155,65719.0,0.052468178777154595,155,65719.0,8.039999999999964
46450.0,158,5436.0,25.885714285714286,1.628330868912432,158,64927.0,0.05233931259862813,158,64927.0,7.920000000000073
46455.0,158,5470.0,25.68075117370892,1.554144617481299,158,64872.0,0.043873649148082276,158,64872.0,0.5499999999999545
46460.0,161,5416.0,25.30841121495327,1.560610018516498,161,64082.0,0.04397677730981861,161,64082.0,7.899999999999977
46465.0,161,5363.0,25.178403755868544,1.4666544831277986,161,63389.0,0.04805594107801253,161,63389.0,6.930000000000064
46470.0,160,5364.0,24.948837209302326,1.4537644929172997,160,63390.0,0.047144453898154255,160,63390.0,-0.009999999999990905
46475.0,163,5743.0,26.22374429223744,1.511091103937887,163,62718.0,0.04636388841414074,163,62718.0,6.720000000000027
46480.0,166,6141.0,27.66216216216216,1.549320405336446,166,62182.0,0.044634338365733446,166,62182.0,5.3599999999999
46485.0,165,6543.0,29.340807174887892,1.5976228661510778,165,60995.0,0.046696814247989556,165,60995.0,11.870000000000005
46490.0,167,6795.0,30.47085201793722,1.6379921715976955,166,61687.0,0.05074815366324002,166,61687.0,-6.919999999999959
46495.0,163,6928.0,31.34841628959276,1.5808619070096597,163,62382.0,0.04435778537474481,163,62382.0,-6.9500000000000455
46500.0,158,7039.0,32.141552511415526,1.6696108728909558,158,62936.0,0.05116316667133272,158,62936.0,-5.539999999999964
46505.0,155,7180.0,32.93577981651376,1.6188121637930453,155,62950.0,0.05152768352228684,155,62950.0,-0.13999999999998636
46510.0,158,7450.0,34.018264840182646,1.6024649241819005,158,62975.0,0.04834491555478692,158,62975.0,-0.25
46515.0,162,7781.0,35.529680365296805,1.5342926844666225,162,63015.0,0.045675907856241364,162,63015.0,-0.39999999999997726
46520.0,164,7808.0,35.9815668202765,1.3978618489237136,164,63312.0,0.04539204349142319,164,63312.0,-2.9700000000000273
46525.0,167,7706.0,35.027272727272724,1.3002816661840226,167,63657.0,0.038693646519534615,167,63657.0,-3.4500000000000455
46530.0,168,7619.0,34.31981981981982,1.3891277516928284,168,63541.0,0.03887389570506167,168,63541.0,1.1600000000000819
46535.0,166,7429.0,33.61538461538461,1.3360737055209204,166,63663.0,0.04070779585275396,166,63663.0,-1.2200000000000273
46540.0,168,7184.0,32.654545454545456,1.1908649865736147,167,63092.0,0.03604000512399739,167,63092.0,5.710000000000036
46545.0,171,6950.0,31.306306306306308,1.0741315194529049,171,63938.0,0.031117600539892213,171,63938.0,-8.460000000000036
46550.0,168,6580.0,29.773755656108598,1.0993555704513092,168,64620.0,0.036174701406767394,168,64620.0,-6.82000000000005
46555.0,167,6109.0,27.642533936651585,0.970141939379691,166,65306.0,0.03145756263431899,166,65306.0,-6.8599999999999
46560.0,164,5621.0,25.31981981981982,1.056160951375145,164,65991.0,0.03283074212039162,164,65991.0,-6.850000000000023
46565.0,163,5142.0,22.955357142857142,1.138200160047131,163,66666.0,0.03910690342994612,163,66666.0,-6.75
46570.0,162,4876.0,21.865470852017935,1.251054599194717,162,67116.0,0.043268389779093065,162,67116.0,-4.5
46575.0,165,4700.0,20.982142857142858,1.1937289052810365,165,67429.0,0.038609865486977035,165,67429.0,-3.1299999999999955
46580.0,169,4528.0,20.214285714285715,1.207257853604595,169,67251.0,0.03766021714844234,169,67251.0,1.7799999999999727
46585.0,173,4526.0,20.205357142857142,1.2013214611548555,173,67095.0,0.03797031320054605,173,67095.0,1.5599999999999454
46590.0,176,4855.0,21.57777777777778,1.2261015904907602,176,67230.0,0.03431536309600251,176,67230.0,-1.349999999999909
46595.0,178,5131.0,22.60352422907489,1.2220881969069137,178,67453.0,0.026333912881024792,178,67453.0,-2.230000000000018
46600.0,178,5479.0,24.136563876651984,1.247568564944413,178,67677.0,0.031897851064027906,178,67677.0,-2.240000000000009
46605.0,180,5964.0,26.157894736842106,1.2858925235922134,180,66596.0,0.035160197908592684,180,66596.0,10.809999999999945
46610.0,179,6453.0,28.427312775330396,1.382503592224117,179,65565.0,0.04541452391529068,179,65565.0,10.31000000000006
46615.0,178,6820.0,29.912280701754387,1.297875080688576,178,66316.0,0.0372250671250543,178,66316.0,-7.509999999999991
46620.0,173,7084.0,31.207048458149778,1.3101575740936764,173,67189.0,0.037235345535634214,173,67189.0,-8.730000000000018
46625.0,172,7336.0,32.60444444444445,1.2604406876201053,172,67908.0,0.03820935250396601,172,67908.0,-7.190000000000055
46630.0,167,7575.0,34.12162162162162,1.2664777834964467,167,68617.0,0.043049022136563385,167,68617.0,-7.089999999999918
46635.0,165,7950.0,35.65022421524664,1.4522282786835488,165,69080.0,0.05149189255303531,165,69080.0,-4.6299999999999955
46640.0,165,8396.0,37.81981981981982,1.539844999302308,165,69704.0,0.05359752022320399,165,69704.0,-6.240000000000009
46645.0,167,9002.0,40.549549549549546,1.5703628245200176,167,70281.0,0.055778869207780836,167,70281.0,-5.769999999999982
46650.0,172,9461.0,42.236607142857146,1.4673571356899113,172,70594.0,0.043431557849874194,172,70594.0,-3.130000000000109
46655.0,174,9854.0,43.99107142857143,1.3235388462551978,174,70404.0,0.040635187060827804,174,70404.0,1.900000000000091
46660.0,179,10437.0,46.18141592920354,1.4049006710754977,179,70235.0,0.043045951585285,179,70235.0,1.6899999999999409
46665.0,180,10992.0,48.63716814159292,1.3420698935234967,180,71038.0,0.03435898449922174,180,71038.0,-8.029999999999973
46670.0,182,11522.0,50.982300884955755,1.2922675291505037,182,71790.0,0.030446789466918495,182,71790.0,-7.519999999999982
46675.0,180,12054.0,53.10132158590309,1.3798511454470082,180,72547.0,0.03659944454085552,180,72547.0,-7.57000000000005
46680.0,180,12606.0,55.7787610619469,1.3348984475882557,180,72876.0,0.03107951658115694,180,72876.0,-3.2899999999999636
46685.0,182,13138.0,57.87665198237885,1.296947904238845,182,72682.0,0.02830506645010224,182,72682.0,1.9399999999999409
46690.0,182,13673.0,59.70742358078603,1.4495690621434876,182,72496.0,0.035117827618005214,182,72496.0,1.8600000000000136
46695.0,178,14195.0,62.25877192982456,1.4962664354525896,178,71787.0,0.03583677426839311,178,71787.0,7.090000000000032
46700.0,174,14700.0,65.33333333333333,1.6304956463533307,174,71074.0,0.04447073862388366,174,71074.0,7.1299999999999955
46705.0,168,14619.0,65.26339285714286,1.5980599862036036,168,71015.0,0.043929869952833545,168,71015.0,0.5900000000000318
46710.0,164,14146.0,63.151785714285715,1.737343232555339,164,70065.0,0.0489864719385246,164,70065.0,9.5
46715.0,160,13730.0,62.40909090909091,1.7364491314078518,160,69118.0,0.05471971807508098,160,69118.0,9.470000000000027
46720.0,161,13218.0,60.91244239631337,1.671530049454744,161,69162.0,0.05238436864159206,161,69162.0,-0.44000000000005457
46725.0,162,12498.0,56.80909090909091,1.7554276910457236,162,68493.0,0.04831730271038326,162,68493.0,6.690000000000055
46730.0,158,11768.0,53.7351598173516,1.903208738259723,158,67812.0,0.05830807101800281,158,67812.0,6.809999999999945
46735.0,156,11024.0,50.56880733944954,1.9453174548172414,156,66408.0,0.0574181514206463,156,66408.0,14.039999999999964
46740.0,152,10268.0,47.31797235023041,2.1398248975584298,152,65031.0,0.07155934581686807,152,65031.0,13.770000000000095
46745.0,149,9532.0,44.129629629629626,2.130779019647451,149,63778.0,0.06787683102690656,149,63778.0,12.529999999999973
46750.0,151,8618.0,40.271028037383175,1.9727294588480833,150,64494.0,0.06582606631942818,150,64494.0,-7.160000000000082
46755.0,158,7585.0,35.11574074074074,1.7727687614509533,158,65227.0,0.05493162163127405,158,65227.0,-7.329999999999927
46760.0,161,6630.0,30.694444444444443,1.720974657351087,161,65987.0,0.050800658206700634,161,65987.0,-7.600000000000023
46765.0,159,5819.0,27.31924882629108,1.565303469062715,158,66482.0,0.0507364684770461,158,66482.0,-4.9500000000000455
46770.0,158,5282.0,24.91509433962264,1.560410895970036,158,67232.0,0.05198212466688782,158,67232.0,-7.5
46775.0,162,5325.0,24.65277777777778,1.532244357271362,162,67128.0,0.048116390158224824,162,67128.0,1.0400000000000773
46780.0,163,5306.0,24.339449541284402,1.5016659282768259,163,66177.0,0.050187051779266835,163,66177.0,9.509999999999991
46785.0,167,5475.0,25.0,1.403467260881024,167,66125.0,0.049769521476580814,167,66125.0,0.5199999999999818
46790.0,175,5796.0,26.345454545454544,1.2937690350582867,175,66454.0,0.03854955954665905,175,66454.0,-3.2899999999999636
46795.0,178,5979.0,27.054298642533936,1.2084706322039522,178,66269.0,0.037769480801867254,178,66269.0,1.849999999999909
46800.0,178,6165.0,27.895927601809955,1.0976863219595563,178,66619.0,0.03474876329774881,178,66619.0,-3.5
46805.0,176,6255.0,28.431818181818183,1.0561445550188946,176,67334.0,0.029057976164509284,176,67334.0,-7.149999999999977
46810.0,172,6269.0,28.625570776255707,1.121181927674697,172,67892.0,0.034418032859974926,172,67892.0,-5.579999999999927
46815.0,171,6269.0,28.36651583710407,1.2740497813948108,171,68435.0,0.0436631959909786,171,68435.0,-5.430000000000064
46820.0,166,6253.0,28.166666666666668,1.4145108668092123,166,68867.0,0.04394325653371919,166,68867.0,-4.319999999999936
46825.0,165,6316.0,28.196428571428573,1.5946978606855386,165,69348.0,0.04897053948871389,165,69348.0,-4.810000000000059
46830.0,169,6444.0,28.64,1.628372467203473,168,69911.0,0.048867397339286224,168,69911.0,-5.6299999999999955
46835.0,170,6578.0,29.235555555555557,1.52972639224968,169,70598.0,0.0477054950458342,169,70598.0,-6.8700000000000045
46840.0,172,6797.0,30.34375,1.371042865140837,172,71325.0,0.03671928421241141,172,71325.0,-7.269999999999982
46845.0,179,7128.0,31.821428571428573,1.1446970693337544,177,71554.0,0.029805263369942433,177,71554.0,-2.2899999999999636
46850.0,183,7450.0,32.9646017699115,1.1891365373335934,182,71308.0,0.030250724527146566,182,71308.0,2.4599999999999227
46855.0,179,7871.0,34.67400881057269,1.3788793513089357,179,71050.0,0.03544941841434961,179,71050.0,2.580000000000041
46860.0,181,8524.0,37.716814159292035,1.3338712100676384,181,71860.0,0.032051938685641546,181,71860.0,-8.100000000000023
46865.0,182,9194.0,40.502202643171806,1.4262943199863267,182,72661.0,0.030215290781922175,182,72661.0,-8.009999999999991
46870.0,184,9910.0,44.044444444444444,1.4461472384286258,184,73493.0,0.028783831880662497,184,73493.0,-8.319999999999936
46875.0,184,10259.0,45.595555555555556,1.3453787041092533,184,73704.0,0.023043521018514573,184,73704.0,-2.1100000000000136
46880.0,181,10350.0,46.205357142857146,1.3891904832668536,181,73256.0,0.02725009609008099,181,73256.0,4.480000000000018
46885.0,176,10420.0,46.72645739910314,1.5246555752646662,176,72770.0,0.03649726865576397,176,72770.0,4.8599999999999
46890.0,172,10428.0,46.762331838565025,1.6159959929637528,172,73568.0,0.03218446334579837,172,73568.0,-7.9799999999999045
46895.0,171,10460.0,47.11711711711712,1.641095807022564,171,74351.0,0.03311628057307657,171,74351.0,-7.830000000000041
46900.0,171,10495.0,47.922374429223744,1.610374594480964,171,75123.0,0.03600180975605559,171,75123.0,-7.720000000000027
46905.0,169,10186.0,46.72477064220183,1.5612982726757,169,75014.0,0.03848079331986434,169,75014.0,1.0900000000000318
46910.0,167,9686.0,45.051162790697674,1.4634995726108742,167,74888.0,0.03308414416594526,167,74888.0,1.259999999999991
46915.0,167,9326.0,43.78403755868545,1.382823798771532,167,74770.0,0.03507889963963555,167,74770.0,1.17999999999995
46920.0,167,8967.0,42.29716981132076,1.397456301086862,167,73790.0,0.041288454307306904,167,73790.0,9.800000000000068
46925.0,162,8488.0,40.0377358490566,1.395311797507666,162,72987.0,0.03911422117434644,162,72987.0,8.029999999999973
46930.0,161,7955.0,37.17289719626168,1.468318302076744,161,72339.0,0.03920584180217895,161,72339.0,6.480000000000018
46935.0,157,7467.0,35.55714285714286,1.4491626538128388,157,71693.0,0.045707942930985464,157,71693.0,6.460000000000036
46940.0,154,7106.0,34.0,1.6162302191597608,154,70576.0,0.050962887674025174,154,70576.0,11.169999999999959
46945.0,154,7126.0,33.93333333333333,1.8327567164618632,154,69494.0,0.062011071504245945,154,69494.0,10.819999999999936
46950.0,154,7145.0,34.023809523809526,1.7348533148311573,154,68441.0,0.0546591017887203,154,68441.0,10.530000000000086
46955.0,153,7024.0,33.28909952606635,1.6504817811405887,152,69156.0,0.05097408579194169,152,69156.0,-7.149999999999977
46960.0,157,6988.0,33.27619047619048,1.5661221786300368,157,69890.0,0.052426635475454036,157,69890.0,-7.340000000000032
46965.0,158,7023.0,33.28436018957346,1.5884990900694653,158,70660.0,0.05058448002562398,158,70660.0,-7.7000000000000455
46970.0,156,7042.0,33.53333333333333,1.640194604056335,156,70548.0,0.05113696763085864,156,70548.0,1.1200000000000045
46975.0,155,7421.0,35.00471698113208,1.7546678765365389,155,69527.0,0.054207747094389754,155,69527.0,10.210000000000036
46980.0,156,7805.0,36.99052132701422,1.8311934155179872,156,68516.0,0.058922648046159515,156,68516.0,10.110000000000014
46985.0,156,8192.0,39.196172248803826,1.7632705091136458,156,66649.0,0.05643800169081035,156,66649.0,18.66999999999996
46990.0,155,8526.0,40.40758293838863,1.817646204595827,155,66769.0,0.05865144294601777,155,66769.0,-1.2000000000000455
46995.0,156,8914.0,42.24644549763033,1.7305987301655232,156,66489.0,0.055892063570464424,156,66489.0,2.800000000000068
47000.0,160,9315.0,44.14691943127962,1.7313273043464659,160,66314.0,0.05920278536934905,160,66314.0,1.75
47005.0,159,9285.0,44.00473933649289,1.5352217022706312,159,66411.0,0.04222076554794575,159,66411.0,-0.9700000000000273
47010.0,157,8962.0,42.27358490566038,1.7229731366318783,157,65810.0,0.05032806324656853,157,65810.0,6.009999999999991
47015.0,153,8621.0,40.66509433962264,1.7692571193048563,153,65191.0,0.056171172829553716,153,65191.0,6.190000000000055
47020.0,152,8076.0,38.274881516587676,1.7131428239795898,152,65813.0,0.05586303202438098,152,65813.0,-6.220000000000027
47025.0,148,7392.0,34.70422535211268,1.7834750042635916,148,66326.0,0.05262075828277133,148,66326.0,-5.1299999999999955
47030.0,145,6853.0,32.17370892018779,1.957987040277075,145,66856.0,0.06414719730275319,145,66856.0,-5.2999999999999545
47035.0,147,6528.0,30.938388625592417,1.9325404689177368,147,67362.0,0.0632717493045865,147,67362.0,-5.060000000000059
47040.0,153,6386.0,30.265402843601894,1.8962604567113288,153,67970.0,0.06384497143041452,153,67970.0,-6.080000000000041
47045.0,161,6183.0,28.625,1.5836673327809752,161,68269.0,0.0414976542983594,161,68269.0,-2.990000000000009
47050.0,161,5973.0,27.65277777777778,1.5563527502806922,161,68155.0,0.042577928159399286,161,68155.0,1.1400000000001
47055.0,159,5828.0,27.233644859813083,1.6417202487193938,159,68052.0,0.051691331554086985,159,68052.0,1.0299999999999727
47060.0,161,5659.0,26.44392523364486,1.5735680062845816,161,68788.0,0.04274637364282814,161,68788.0,-7.360000000000014
47065.0,166,5517.0,25.307339449541285,1.6057708706874316,166,69548.0,0.03724936921533345,166,69548.0,-7.600000000000023
47070.0,169,5601.0,25.930555555555557,1.565179665303214,169,70310.0,0.03799248275205071,169,70310.0,-7.6200000000000045
47075.0,176,6104.0,28.0,1.39348767883541,176,70402.0,0.03301564423554956,176,70402.0,-0.9199999999999591
47080.0,177,6516.0,30.027649769585253,1.3484666212873841,177,69777.0,0.0308322203977067,177,69777.0,6.25
47085.0,173,6915.0,32.013888888888886,1.372977462184085,173,69171.0,0.036471076617515724,173,69171.0,6.059999999999945
47090.0,171,7299.0,33.63594470046083,1.5395922370166244,171,67905.0,0.03980286105637167,171,67905.0,12.660000000000082
47095.0,169,7564.0,34.69724770642202,1.5798260616492437,169,68229.0,0.041984705616334404,169,68229.0,-3.240000000000009
47100.0,166,7742.0,36.177570093457945,1.4043070620689801,166,69014.0,0.03844415156769331,166,69014.0,-7.850000000000023
47105.0,161,7899.0,37.08450704225352,1.4494048074978378,161,68845.0,0.04200646796231363,161,68845.0,1.6899999999999409
47110.0,158,8097.0,38.193396226415096,1.6000217619017205,158,68677.0,0.04943654970510627,158,68677.0,1.6800000000000637
47115.0,159,8305.0,39.174528301886795,1.4961985879123407,158,69402.0,0.04272957627717007,158,69402.0,-7.25
47120.0,161,8539.0,40.08920187793427,1.4396086936611223,161,70188.0,0.04144342186228664,161,70188.0,-7.860000000000014
47125.0,160,8871.0,41.647887323943664,1.474707555648467,160,70854.0,0.0441475457168978,160,70854.0,-6.659999999999968
47130.0,163,9115.0,42.99528301886792,1.3761737651861128,163,70879.0,0.039933278757105437,163,70879.0,-0.25
47135.0,161,9296.0,43.84905660377358,1.4130402066758565,161,70289.0,0.04158676013960125,161,70289.0,5.899999999999977
47140.0,158,9545.0,45.23696682464455,1.5722551657626902,158,69683.0,0.05131152264302321,158,69683.0,6.059999999999945
47145.0,158,9975.0,47.5,1.587050326020781,158,68532.0,0.05347822726801137,158,68532.0,11.509999999999991
47150.0,161,10303.0,49.06190476190476,1.3559330376214926,161,68768.0,0.0448094912287985,161,68768.0,-2.3599999999999
47155.0,157,10556.0,49.79245283018868,1.398281383865875,157,69499.0,0.04267537735038627,157,69499.0,-7.310000000000059
47160.0,155,10851.0,51.426540284360186,1.4146322529560673,155,69230.0,0.046833680776976874,155,69230.0,2.6900000000000546
47165.0,157,11159.0,52.389671361502344,1.427583747860866,157,69862.0,0.04605719341067889,157,69862.0,-6.32000000000005
47170.0,161,11429.0,53.15813953488372,1.3716108621810124,160,70523.0,0.042778690220780756,160,70523.0,-6.610000000000014
47175.0,164,11858.0,55.15348837209302,1.307043880197603,164,71211.0,0.04089609098340274,164,71211.0,-6.8799999999999955
47180.0,165,11751.0,54.65581395348837,1.267281298154958,165,71078.0,0.042103127244441325,165,71078.0,1.330000000000041
47185.0,169,11279.0,52.217592592592595,1.190487200384273,168,70959.0,0.03477104324991632,168,70959.0,1.1899999999999409
47190.0,165,10821.0,50.09722222222222,1.2752123981361279,165,70843.0,0.0365433923836941,165,70843.0,1.1600000000000819
47195.0,161,10310.0,48.177570093457945,1.2438929751445684,161,71090.0,0.03960040824855394,161,71090.0,-2.4700000000000273
47200.0,161,9824.0,46.12206572769953,1.2636029581394252,161,70825.0,0.04070545685930409,161,70825.0,2.6499999999999773
47205.0,162,9339.0,43.437209302325584,1.243331319389482,162,70586.0,0.03760658698020933,162,70586.0,2.3899999999999864
47210.0,159,8850.0,41.35514018691589,1.3766501767887502,159,69932.0,0.04160942918699153,159,69932.0,6.539999999999964
47215.0,156,8394.0,38.861111111111114,1.556106785382573,156,69358.0,0.04980866726888476,156,69358.0,5.740000000000009
47220.0,158,8070.0,37.1889400921659,1.7037683646854527,158,69233.0,0.05135725514051676,158,69233.0,1.25
47225.0,161,7757.0,35.58256880733945,1.6969162803973918,160,68696.0,0.054231336790695986,160,68696.0,5.3700000000000045
47230.0,161,7446.0,34.15596330275229,1.7423172309805182,160,68451.0,0.05606890125464438,160,68451.0,2.4500000000000455
47235.0,157,6875.0,31.39269406392694,1.7864096179834277,157,68511.0,0.05478734905556673,157,68511.0,-0.6000000000000227
47240.0,153,6138.0,28.285714285714285,1.8777427358004875,153,67872.0,0.06202070830646784,153,67872.0,6.389999999999986
47245.0,150,5596.0,25.90740740740741,1.9928761698179571,150,67217.0,0.07110891467655221,150,67217.0,6.550000000000068
47250.0,150,5551.0,25.699074074074073,2.0317745455964626,150,67791.0,0.06640919045979163,150,67791.0,-5.740000000000009
47255.0,149,5365.0,24.723502304147466,2.0995211741967683,149,68267.0,0.06484018416807392,149,68267.0,-4.759999999999991
47260.0,149,5315.0,24.72093023255814,2.165836830653452,149,68763.0,0.07216212297595556,149,68763.0,-4.960000000000036
47265.0,152,5386.0,24.935185185185187,2.049017021650169,152,68592.0,0.06572107785037118,152,68592.0,1.7100000000000364
47270.0,159,5392.0,24.847926267281107,1.9052778559339207,159,68447.0,0.052674345725904945,159,68447.0,1.4499999999999318
47275.0,162,5421.0,24.86697247706422,1.7078946001756272,162,68336.0,0.04235822100646859,162,68336.0,1.1100000000000136
47280.0,164,5375.0,24.88425925925926,1.558839115721874,164,68424.0,0.036319872553468975,164,68424.0,-0.8799999999999955
47285.0,161,5260.0,24.46511627906977,1.480215718609907,161,68503.0,0.034877769951556226,161,68503.0,-0.7899999999999636
47290.0,159,5132.0,23.981308411214954,1.538798489949062,159,67868.0,0.04146830394855998,159,67868.0,6.350000000000023
47295.0,154,4918.0,23.19811320754717,1.4252675850991583,154,68514.0,0.04006227697380807,154,68514.0,-6.460000000000036
47300.0,152,4747.0,22.604761904761904,1.4603582237302954,152,69068.0,0.047679343486347295,152,69068.0,-5.539999999999964
47305.0,154,4864.0,23.16190476190476,1.4444123510796676,154,69644.0,0.045673387863788426,154,69644.0,-5.760000000000105
47310.0,158,4882.0,23.137440758293838,1.3119414554157962,158,70015.0,0.04091932124615554,158,70015.0,-3.7099999999999227
47315.0,158,4796.0,22.411214953271028,1.3384730024908824,158,69979.0,0.036222909262695335,158,69979.0,0.36000000000001364
47320.0,160,4719.0,22.05140186915888,1.378329395106564,160,69944.0,0.04261511234146596,160,69944.0,0.34999999999990905
47325.0,160,4641.0,21.586046511627906,1.356048853361572,160,69522.0,0.04240036401325672,160,69522.0,4.220000000000027
47330.0,161,4573.0,21.07373271889401,1.4869220457018173,161,70259.0,0.04803375390754529,161,70259.0,-7.3700000000000045
47335.0,164,4744.0,21.563636363636363,1.3839955916126978,164,70897.0,0.03934302892850461,164,70897.0,-6.3799999999999955
47340.0,165,4945.0,22.375565610859727,1.4564835318465874,165,71461.0,0.040302216398376244,165,71461.0,-5.639999999999986
47345.0,166,5167.0,23.274774774774773,1.4392817092178598,166,71454.0,0.04023854973864959,166,71454.0,0.07000000000005002
47350.0,171,5392.0,24.398190045248867,1.4213621656810678,171,70727.0,0.04030738577213505,171,70727.0,7.269999999999982
47355.0,175,5641.0,25.40990990990991,1.4444977495207425,175,70234.0,0.039628398583026504,175,70234.0,4.92999999999995
47360.0,174,5836.0,26.407239819004523,1.4444403605981089,174,70611.0,0.04012814414531356,174,70611.0,-3.769999999999982
47365.0,173,6014.0,27.212669683257918,1.372688434297335,173,70979.0,0.03534451635061295,173,70979.0,-3.67999999999995
47370.0,168,6234.0,28.465753424657535,1.464212798041182,168,71337.0,0.04339203657793802,168,71337.0,-3.580000000000041
47375.0,164,6511.0,30.004608294930875,1.4854395547731325,164,71159.0,0.04857626213854923,164,71159.0,1.7799999999999727
47380.0,165,6935.0,32.10648148148148,1.5226692311839074,165,71045.0,0.05648076985103723,165,71045.0,1.1399999999999864
47385.0,167,7362.0,33.77064220183486,1.4444926378132208,167,71300.0,0.04884962390994047,167,71300.0,-2.5499999999999545
47390.0,167,7654.0,35.11009174311926,1.409611527466813,166,72094.0,0.04626722891877554,166,72094.0,-7.940000000000055
47395.0,165,7844.0,35.981651376146786,1.31989880609767,165,72744.0,0.041093272337077914,165,72744.0,-6.5
47400.0,164,8019.0,36.61643835616438,1.4352555267375946,163,73365.0,0.04386285824147617,163,73365.0,-6.209999999999923
47405.0,160,8260.0,37.37556561085973,1.4577365278414087,160,73777.0,0.046840386468722094,160,73777.0,-4.1200000000000045
47410.0,158,8608.0,39.48623853211009,1.450735437884595,158,73891.0,0.04827855323184238,158,73891.0,-1.1399999999999864
47415.0,163,9173.0,41.885844748858446,1.5037125977947892,163,74021.0,0.0514795443694997,163,74021.0,-1.3000000000000682
47420.0,167,9785.0,44.276018099547514,1.5905024876332583,167,73911.0,0.049443703471788884,167,73911.0,1.1000000000000227
47425.0,166,10022.0,45.34841628959276,1.5500436316666515,166,73733.0,0.049447587993863576,166,73733.0,1.7799999999999727
47430.0,167,10041.0,45.43438914027149,1.5499679423449653,167,72668.0,0.051404647517789136,167,72668.0,10.650000000000091
47435.0,169,10074.0,45.37837837837838,1.603779459243558,169,71647.0,0.05405027241015291,169,71647.0,10.209999999999923
47440.0,170,10064.0,45.130044843049326,1.4748740014815591,170,72150.0,0.04320739158793632,170,72150.0,-5.029999999999973
47445.0,168,10024.0,44.55111111111111,1.5517431106417436,168,72405.0,0.044394622250407495,168,72405.0,-2.5499999999999545
47450.0,165,9970.0,44.11504424778761,1.7465178511167951,165,72655.0,0.0492064332445836,165,72655.0,-2.5
47455.0,163,9758.0,43.36888888888889,1.6760804541180738,162,73266.0,0.04560772667200783,162,73266.0,-6.110000000000014
47460.0,162,9439.0,42.138392857142854,1.5957488413662044,162,74011.0,0.044200032906693554,162,74011.0,-7.4500000000000455
47465.0,159,9148.0,40.839285714285715,1.6390799502786735,159,74417.0,0.05144340008005758,159,74417.0,-4.059999999999945
47470.0,158,8883.0,39.65625,1.6731534682987674,158,74712.0,0.05250172595309131,158,74712.0,-2.9500000000000455
47475.0,159,8655.0,38.81165919282511,1.6003805610974349,159,74511.0,0.05011541698763358,159,74511.0,2.009999999999991
47480.0,163,8473.0,38.166666666666664,1.4749064980990825,163,74318.0,0.04518487279858161,163,74318.0,1.9300000000000637
47485.0,166,8308.0,37.93607305936073,1.2648668397754521,166,74136.0,0.04175920320072713,166,74136.0,1.8199999999999363
47490.0,167,8256.0,37.527272727272724,1.2379054782241223,167,74718.0,0.04049777071005487,167,74718.0,-5.819999999999936
47495.0,169,8763.0,39.29596412556054,1.2439820431602844,169,75202.0,0.03804601701412494,169,75202.0,-4.840000000000032
47500.0,169,9314.0,41.39555555555555,1.35108496179604,169,75718.0,0.03948514911553934,169,75718.0,-5.159999999999968
47505.0,172,9479.0,41.574561403508774,1.3467394229431475,172,75713.0,0.03442690041659268,172,75713.0,0.049999999999954525
47510.0,178,9431.0,41.18340611353712,1.3104431428666619,178,75004.0,0.03189500587009108,178,75004.0,7.090000000000032
47515.0,181,9427.0,41.52863436123348,1.261325539212658,181,74364.0,0.03453569385065681,181,74364.0,6.399999999999977
47520.0,181,9384.0,41.1578947368421,1.2559911758136535,181,75089.0,0.030670436017025283,181,75089.0,-7.25
47525.0,179,9300.0,40.78947368421053,1.2860693869561983,179,75694.0,0.029690542760028773,179,75694.0,-6.050000000000068
47530.0,176,9205.0,40.730088495575224,1.3585590379553654,176,76293.0,0.03806891595161263,176,76293.0,-5.989999999999895
47535.0,173,8978.0,39.55066079295154,1.3643372912889498,172,76147.0,0.03316377140146878,172,76147.0,1.4599999999999227
47540.0,175,8766.0,39.13392857142857,1.25511809640739,175,76892.0,0.030600901513155993,175,76892.0,-7.449999999999932
47545.0,179,8690.0,38.794642857142854,1.1556749856665387,179,75869.0,0.029418371146803332,179,75869.0,10.229999999999905
47550.0,181,8589.0,38.34375,1.1110843823019445,181,76577.0,0.027297129375644234,181,76577.0,-7.079999999999927
47555.0,181,8460.0,37.767857142857146,1.1004972438248068,181,77222.0,0.028684709623714305,181,77222.0,-6.4500000000000455
47560.0,176,8315.0,37.45495495495496,1.2487984313144391,176,77897.0,0.03936627620858908,176,77897.0,-6.75
47565.0,175,8158.0,36.747747747747745,1.174515130804196,174,77799.0,0.03284259140968726,174,77799.0,0.9800000000000182
47570.0,177,8159.0,36.752252252252255,1.2049856685185423,177,78607.0,0.03009382438523877,177,78607.0,-8.080000000000041
47575.0,180,8731.0,39.152466367713004,1.1470252954708102,180,77632.0,0.02715031048324897,180,77632.0,9.75
47580.0,181,8939.0,40.44796380090498,1.0328209073497112,181,78050.0,0.025052655194153502,181,78050.0,-4.17999999999995
47585.0,178,8883.0,39.65625,1.1302117540475098,178,78040.0,0.02752662231415503,178,78040.0,0.10000000000002274
47590.0,175,8816.0,39.711711711711715,1.2635168637008511,175,78076.0,0.036032982785929576,175,78076.0,-0.36000000000001364
47595.0,172,8732.0,39.333333333333336,1.3094546885184102,172,77746.0,0.037776185609436595,172,77746.0,3.2999999999999545
47600.0,169,8678.0,39.090090090090094,1.5992102494386589,169,77498.0,0.04972707288540769,169,77498.0,2.480000000000018
47605.0,168,8539.0,38.81363636363636,1.3518536304011726,168,77393.0,0.03865289532255349,168,77393.0,1.0500000000000682
47610.0,167,8233.0,37.42272727272727,1.4441280579862918,167,76522.0,0.04495682848152637,167,76522.0,8.709999999999923
47615.0,165,7919.0,35.99545454545454,1.534764824711086,165,75696.0,0.0504698286780446,165,75696.0,8.259999999999991
47620.0,161,7429.0,33.768181818181816,1.6713010574875116,161,76276.0,0.05047060675837612,161,76276.0,-5.7999999999999545
47625.0,157,6806.0,30.79638009049774,1.7869064912473884,157,76745.0,0.04956280481243406,157,76745.0,-4.690000000000055
47630.0,153,6198.0,28.431192660550458,1.8620667596445093,153,77208.0,0.0587514758203213,153,77208.0,-4.6299999999999955
47635.0,153,5643.0,25.88532110091743,1.7844370748892258,153,76959.0,0.05613251957052674,153,76959.0,2.490000000000009
47640.0,159,5098.0,23.38532110091743,1.7190250836745984,159,76729.0,0.049083563184131075,159,76729.0,2.300000000000068
47645.0,160,4718.0,21.54337899543379,1.6735536466020615,160,76524.0,0.04781085896778922,160,76524.0,2.0499999999999545
47650.0,164,4781.0,22.032258064516128,1.540695794003095,164,77147.0,0.044188066801209104,164,77147.0,-6.230000000000018
47655.0,166,4817.0,21.995433789954337,1.4314873820478373,166,77689.0,0.03891760131935185,166,77689.0,-5.419999999999959
47660.0,164,4856.0,22.275229357798164,1.4934727497781488,164,78243.0,0.045097632672225954,164,78243.0,-5.539999999999964
47665.0,164,4894.0,22.44954128440367,1.3825689243654742,164,78074.0,0.0382519886824804,164,78074.0,1.6899999999999409
47670.0,168,5045.0,23.35648148148148,1.2988628637106392,167,77914.0,0.03756974366114776,167,77914.0,1.6000000000000227
47675.0,174,5527.0,25.353211009174313,1.0984050916284938,174,77797.0,0.029010850786990873,174,77797.0,1.169999999999959
47680.0,175,5806.0,26.511415525114156,1.1077142049453406,175,78194.0,0.028326553004010224,175,78194.0,-3.9700000000000273
47685.0,174,5933.0,26.725225225225227,1.1824119189602598,174,78206.0,0.031598536461043505,174,78206.0,-0.11999999999989086
47690.0,175,6057.0,27.407239819004523,1.2428534397597277,175,78269.0,0.03594069789380611,175,78269.0,-0.6300000000001091
47695.0,170,6168.0,27.90950226244344,1.2922784898098665,170,78036.0,0.037271142659684627,170,78036.0,2.330000000000041
47700.0,168,6333.0,28.65610859728507,1.5673523973589258,168,77815.0,0.04873382775451998,168,77815.0,2.2100000000000364
47705.0,168,6708.0,30.352941176470587,1.5313611067841089,168,77610.0,0.04386575621704408,168,77610.0,2.0499999999999545
47710.0,169,7089.0,32.07692307692308,1.5241256856108507,168,77739.0,0.04719681900909126,168,77739.0,-1.2899999999999636
47715.0,171,7322.0,33.28181818181818,1.3908793242840323,171,78493.0,0.0459883776884119,171,78493.0,-7.539999999999964
47720.0,171,7462.0,34.073059360730596,1.3935042156952446,171,79254.0,0.044925105665342434,171,79254.0,-7.610000000000014
47725.0,172,7616.0,34.77625570776256,1.386486539990566,172,80018.0,0.04364221145871386,172,80018.0,-7.639999999999986
47730.0,169,7897.0,36.22477064220183,1.466494961254654,169,80641.0,0.044635025380684194,169,80641.0,-6.230000000000018
47735.0,171,8307.0,37.75909090909091,1.474382752168478,171,81399.0,0.04376137983035653,171,81399.0,-7.580000000000041
47740.0,172,8591.0,39.22831050228311,1.445886511016658,172,81290.0,0.04393424302437687,172,81290.0,1.0900000000000318
47745.0,172,8861.0,40.277272727272724,1.445456663322244,172,80306.0,0.04583807736680405,172,80306.0,9.840000000000032
47750.0,176,9420.0,43.013698630136986,1.3443524266325861,176,80234.0,0.04387540807569323,176,80234.0,0.7199999999999136
47755.0,179,9948.0,45.42465753424658,1.1817938136038473,179,80909.0,0.0372831916938776,179,80909.0,-6.75
47760.0,178,10448.0,47.92660550458716,1.0811486709753826,178,81476.0,0.03643891521970805,178,81476.0,-5.669999999999959
47765.0,177,10945.0,49.97716894977169,1.1743154712472472,177,82080.0,0.037232985899695786,177,82080.0,-6.039999999999964
47770.0,173,11427.0,52.41743119266055,1.2912059780993939,173,82606.0,0.039899511826606116,173,82606.0,-5.259999999999991
47775.0,175,11902.0,54.1,1.2622210228411497,175,82528.0,0.03837905646124979,175,82528.0,0.7799999999999727
47780.0,175,12369.0,56.222727272727276,1.16831075238383,175,83304.0,0.033089575862848386,175,83304.0,-7.759999999999991
47785.0,177,12844.0,58.11764705882353,1.0760949847503154,177,82326.0,0.02653683538914391,177,82326.0,9.779999999999973
47790.0,174,13315.0,59.97747747747748,1.2679305502844866,174,81354.0,0.03527064115480358,174,81354.0,9.720000000000027
47795.0,172,13708.0,60.92444444444445,1.247589478104867,172,81978.0,0.0292477473893448,172,81978.0,-6.240000000000009
47800.0,167,14046.0,63.270270270270274,1.252625088079635,167,82481.0,0.034362668966563994,167,82481.0,-5.029999999999973
47805.0,166,14436.0,64.73542600896862,1.3650757066516646,166,83014.0,0.03900290790724664,166,83014.0,-5.330000000000041
47810.0,171,15096.0,67.39285714285714,1.248771993696947,170,82862.0,0.03257404544734329,170,82862.0,1.5199999999999818
47815.0,179,15795.0,69.58149779735683,1.1981034672841249,179,83602.0,0.025798811996647283,179,83602.0,-7.399999999999977
47820.0,180,16516.0,73.40444444444445,1.1558195186274776,180,82674.0,0.0273647858692515,180,82674.0,9.279999999999973
47825.0,179,16902.0,75.12,1.089327633589402,179,83038.0,0.0240534167073321,179,83038.0,-3.6399999999999864
47830.0,174,17047.0,76.4439461883408,1.1861295633936684,174,82974.0,0.030463569496016748,174,82974.0,0.6399999999999864
47835.0,170,17168.0,76.98654708520179,1.295825424818933,170,82908.0,0.036265790489452526,170,82908.0,0.6599999999999682
47840.0,166,17292.0,77.54260089686099,1.5053734184379703,166,82442.0,0.04354587285559917,166,82442.0,4.660000000000082
47845.0,167,17482.0,78.04464285714286,1.667492964730306,167,82090.0,0.051645151233144525,167,82090.0,3.519999999999982
47850.0,167,17678.0,79.27354260089686,1.7007808322310942,167,81765.0,0.04978876759546708,167,81765.0,3.25
47855.0,168,17875.0,81.25,1.4724598948472825,167,81806.0,0.04729164151650644,167,81806.0,-0.40999999999996817
47860.0,168,17924.0,81.84474885844749,1.4568650131567547,168,82532.0,0.048670880159217306,168,82532.0,-7.260000000000105
47865.0,172,17884.0,80.92307692307692,1.4318622626680735,172,83246.0,0.044643193708080425,172,83246.0,-7.139999999999986
47870.0,172,17859.0,80.80995475113122,1.5314965928155688,172,83957.0,0.04682108309803049,172,83957.0,-7.110000000000014
47875.0,170,17970.0,82.05479452054794,1.4754006641126862,170,84297.0,0.045839381195533255,170,84297.0,-3.3999999999999773
47880.0,169,18235.0,83.64678899082568,1.569199389379625,169,84273.0,0.05138930288513504,169,84273.0,0.2400000000000091
47885.0,171,18563.0,85.54377880184332,1.5566553995089412,171,84261.0,0.05343525513121049,171,84261.0,0.12000000000000455
47890.0,166,19006.0,87.18348623853211,1.7448417322756775,166,83905.0,0.05740924894421841,166,83905.0,3.560000000000059
47895.0,169,18939.0,87.27649769585254,1.6048378847475726,169,83686.0,0.056024542844249674,169,83686.0,2.189999999999941
47900.0,171,18330.0,83.6986301369863,1.5201276694675927,171,82595.0,0.0520629602005232,171,82595.0,10.909999999999968
47905.0,171,17728.0,80.94977168949772,1.4521984374874117,171,81529.0,0.045912097209215214,171,81529.0,10.660000000000082
47910.0,169,17123.0,77.83181818181818,1.5967977908156843,169,79581.0,0.046177639931145334,169,79581.0,19.480000000000018
47915.0,166,16342.0,73.61261261261261,1.6828785703001439,166,80143.0,0.04812010413607672,166,80143.0,-5.6200000000000045
47920.0,164,15437.0,69.85067873303167,1.621359784613243,164,80522.0,0.050632121478689444,164,80522.0,-3.7900000000000773
47925.0,160,14525.0,65.72398190045249,1.759479900931212,160,80918.0,0.06179220998546815,160,80918.0,-3.9599999999999227
47930.0,157,13648.0,61.755656108597286,1.858745657459152,157,81180.0,0.062006852660385456,157,81180.0,-2.6200000000000045
47935.0,158,12911.0,57.89686098654708,2.0437037495071424,158,81481.0,0.06688069609449909,158,81481.0,-3.009999999999991
47940.0,165,12333.0,55.058035714285715,2.000262960204733,165,81936.0,0.06286873443493667,165,81936.0,-4.550000000000068
47945.0,167,11781.0,52.82959641255606,1.7872693284763217,167,82375.0,0.054465362246355856,167,82375.0,-4.389999999999986
47950.0,170,11244.0,51.10909090909091,1.6482873850209894,169,82905.0,0.05131158898344667,169,82905.0,-5.2999999999999545
47955.0,171,10716.0,48.48868778280543,1.481889891425427,170,83535.0,0.04166453556364855,170,83535.0,-6.300000000000068
47960.0,173,10505.0,47.10762331838565,1.5374305239705057,173,84223.0,0.04020973700425918,173,84223.0,-6.8799999999999955
47965.0,178,11384.0,51.04932735426009,1.3390051956140392,178,84988.0,0.031390732303773594,178,84988.0,-7.649999999999977
47970.0,187,12073.0,54.139013452914796,1.1290327464726595,187,85411.0,0.02380876899693984,187,85411.0,-4.230000000000018
47975.0,184,12616.0,56.828828828828826,1.2373345515282195,184,85408.0,0.030545813053003485,184,85408.0,0.029999999999972715
47980.0,184,13154.0,58.98654708520179,1.2396927494939434,184,85381.0,0.02803126329962212,184,85381.0,0.2700000000000955
47985.0,182,13689.0,61.111607142857146,1.205831723826687,182,84947.0,0.03203214673962607,182,84947.0,4.339999999999918
47990.0,184,14159.0,62.650442477876105,1.2480795986753381,183,85703.0,0.03286766876072067,183,85703.0,-7.559999999999945
47995.0,185,14678.0,64.37719298245614,1.4069011149691728,185,86424.0,0.03172488191447098,185,86424.0,-7.210000000000036
48000.0,183,15190.0,67.5111111111111,1.3956348485543832,183,87157.0,0.02826189647940941,183,87157.0,-7.330000000000041
48005.0,182,15718.0,70.48430493273543,1.395732956542795,182,87862.0,0.029630267529296872,182,87862.0,-7.0499999999999545
48010.0,181,16247.0,73.5158371040724,1.4141402802608718,181,88565.0,0.03622764859393127,181,88565.0,-7.029999999999973
48015.0,181,16777.0,75.91402714932127,1.5012536046079579,181,89264.0,0.03739885334564853,181,89264.0,-6.990000000000009
48020.0,181,17308.0,79.39449541284404,1.4084925718004861,181,90016.0,0.032244601577662894,181,90016.0,-7.519999999999982
48025.0,181,17876.0,82.0,1.3740617952768859,181,90796.0,0.03161608086818574,181,90796.0,-7.800000000000068
48030.0,178,18150.0,83.25688073394495,1.395904758947111,178,90681.0,0.030325632485140693,178,90681.0,1.150000000000091
48035.0,174,18258.0,85.3177570093458,1.3710652905035448,174,89642.0,0.038746907915879904,174,89642.0,10.389999999999986
48040.0,175,18554.0,86.70093457943925,1.451438169844892,175,88606.0,0.03806802647260671,175,88606.0,10.360000000000014
48045.0,176,18854.0,87.69302325581396,1.4146567548743425,176,86676.0,0.03438340003500478,176,86676.0,19.299999999999955
48050.0,173,19148.0,89.89671361502347,1.489288675471278,173,84730.0,0.040949429415573016,173,84730.0,19.460000000000036
48055.0,169,19426.0,90.77570093457943,1.6192730227067897,169,82798.0,0.05022599847180922,169,82798.0,19.319999999999936
48060.0,166,19657.0,91.85514018691589,1.5498734838989974,166,83494.0,0.04221687642657763,166,83494.0,-6.960000000000036
48065.0,169,19918.0,92.64186046511628,1.6028027743077928,169,84179.0,0.04693346667825415,169,84179.0,-6.849999999999909
48070.0,171,20192.0,93.91627906976744,1.687029698930103,171,84906.0,0.046928826170328786,171,84906.0,-7.269999999999982
48075.0,167,20417.0,95.40654205607477,1.7273637927759182,167,84728.0,0.046976705484551136,167,84728.0,1.7799999999999727
48080.0,163,20593.0,97.59715639810426,1.767360370623639,163,83640.0,0.049043098923346726,163,83640.0,10.879999999999995
48085.0,158,20748.0,99.75,1.8484896344746613,158,82542.0,0.05666103260117236,158,82542.0,10.980000000000018
48090.0,155,20607.0,99.55072463768116,1.824253089613642,154,82677.0,0.05097997195325255,154,82677.0,-1.3500000000000227
48095.0,152,20402.0,98.08653846153847,1.9257287589873318,152,83301.0,0.053523218508272755,152,83301.0,-6.240000000000009
48100.0,153,20583.0,99.91747572815534,1.851660924771891,153,82912.0,0.05484181977218212,153,82912.0,3.8899999999999864
48105.0,155,20729.0,100.14009661835749,1.6626239710978088,155,83513.0,0.046079505103920046,155,83513.0,-6.009999999999991
48110.0,159,20934.0,101.62135922330097,1.4367319787003672,159,84140.0,0.03568552208667061,159,84140.0,-6.269999999999982
48115.0,161,21156.0,102.69902912621359,1.4587395589081869,161,84790.0,0.03952287377090595,161,84790.0,-6.5
48120.0,159,20491.0,100.44607843137256,1.2858588906274369,159,84566.0,0.03581786246008139,159,84566.0,2.240000000000009
48125.0,158,19224.0,94.23529411764706,1.3100222642564612,157,83454.0,0.040115148408607235,157,83454.0,11.120000000000005
48130.0,156,17972.0,87.66829268292683,1.2599852813365235,156,84089.0,0.03587730674127759,156,84089.0,-6.350000000000023
48135.0,155,16752.0,81.32038834951456,1.4052105244164088,155,82988.0,0.04485526900577171,155,82988.0,11.009999999999991
48140.0,156,15507.0,76.01470588235294,1.2097266893186953,156,83646.0,0.036001860222874965,156,83646.0,-6.580000000000041
48145.0,160,14305.0,69.78048780487805,1.2241558916011828,160,84291.0,0.04017753374267812,160,84291.0,-6.449999999999932
48150.0,162,13137.0,63.771844660194176,1.2575558720572535,162,84997.0,0.040468160211266084,162,84997.0,-7.060000000000059
48155.0,164,12104.0,58.75728155339806,1.1891770441910112,164,85687.0,0.035499902383659784,164,85687.0,-6.899999999999977
48160.0,167,11230.0,53.99038461538461,1.150866870344307,167,85492.0,0.027731772445248264,167,85492.0,1.9500000000000455
48165.0,168,10231.0,48.71904761904762,1.2245027220168323,168,84403.0,0.03363737432946703,168,84403.0,10.889999999999986
48170.0,169,9234.0,43.556603773584904,1.2617498196245998,169,83333.0,0.03771906863883412,169,83333.0,10.699999999999932
48175.0,166,8236.0,39.03317535545024,1.3372117790816687,166,81384.0,0.039875444016415726,166,81384.0,19.49000000000001
48180.0,162,7099.0,33.804761904761904,1.3285367406106956,162,81210.0,0.04089515071223981,162,81210.0,1.740000000000009
48185.0,158,6182.0,29.438095238095237,1.437293949759381,158,80153.0,0.04791784801362478,158,80153.0,10.57000000000005
48190.0,159,6419.0,30.71291866028708,1.4894658673609351,159,79130.0,0.049033003874702996,159,79130.0,10.230000000000018
48195.0,158,6658.0,31.554502369668246,1.6615604316677197,158,77248.0,0.0507350664387751,158,77248.0,18.819999999999936
48200.0,161,6842.0,32.426540284360186,1.5648687655437483,161,77071.0,0.04705120533835975,161,77071.0,1.7699999999999818
48205.0,158,6981.0,33.08530805687204,1.5335611286609958,158,77792.0,0.04860895799276234,158,77792.0,-7.209999999999923
48210.0,156,7107.0,33.84285714285714,1.5895618294572855,156,76746.0,0.04866343215577266,156,76746.0,10.459999999999923
48215.0,152,6884.0,32.62559241706161,1.7101125822171324,152,76816.0,0.05169022353381751,152,76816.0,-0.6999999999999318
48220.0,149,6463.0,30.630331753554504,1.735657978311849,148,76878.0,0.05143495033445383,148,76878.0,-0.6200000000000045
48225.0,145,6110.0,28.95734597156398,1.776991775255836,145,76916.0,0.05426287765867141,145,76916.0,-0.37999999999999545
48230.0,146,5964.0,28.673076923076923,1.7308864320882864,146,76336.0,0.06200544457198172,146,76336.0,5.7999999999999545
48235.0,147,5624.0,27.03846153846154,1.5221506946006476,147,76911.0,0.04919709265273002,147,76911.0,-5.75
48240.0,145,5326.0,25.60576923076923,1.5099075046087391,145,77511.0,0.04955598113164835,145,77511.0,-6.0
48245.0,146,5213.0,24.942583732057415,1.5546398554177758,146,78127.0,0.049941242326745384,146,78127.0,-6.159999999999968
48250.0,152,5284.0,25.403846153846153,1.5442888340883234,152,78712.0,0.05526564480306461,152,78712.0,-5.850000000000023
48255.0,161,5390.0,25.545023696682463,1.368365550565305,161,79339.0,0.04446962375674628,161,79339.0,-6.269999999999982
48260.0,162,5411.0,25.644549763033176,1.2426851400140448,162,79153.0,0.03601001854881663,162,79153.0,1.8600000000000136
48265.0,160,5386.0,25.526066350710902,1.2805324634753785,160,78069.0,0.039015810945723796,160,78069.0,10.839999999999918
48270.0,162,5392.0,25.433962264150942,1.3875056353320847,162,77008.0,0.041625950617269473,162,77008.0,10.610000000000014
48275.0,164,5413.0,25.060185185185187,1.5271916784600568,164,75216.0,0.04252615893983637,164,75216.0,17.920000000000073
48280.0,165,5562.0,25.631336405529954,1.6714434922524624,165,73456.0,0.04674041642740689,165,73456.0,17.600000000000023
48285.0,166,6006.0,27.677419354838708,1.5339646517596526,166,74187.0,0.04159580038926875,166,74187.0,-7.310000000000059
48290.0,171,6374.0,29.64651162790698,1.431960273100879,171,74937.0,0.03756613677245953,171,74937.0,-7.5
48295.0,175,6757.0,31.28240740740741,1.391049486358388,175,75159.0,0.03677852333305097,175,75159.0,-2.2200000000000273
48300.0,173,7094.0,32.842592592592595,1.4381312426694597,173,75386.0,0.0350879636603017,173,75386.0,-2.269999999999982
48305.0,171,7286.0,33.73148148148148,1.4129446256112286,171,76093.0,0.036665227164064784,171,76093.0,-7.069999999999936
48310.0,167,7495.0,34.699074074074076,1.4787657932001879,167,76799.0,0.038688033308459976,167,76799.0,-7.060000000000059
48315.0,166,7794.0,36.42056074766355,1.5198536213845268,166,77463.0,0.046782198155656304,166,77463.0,-6.639999999999986
48320.0,167,8053.0,37.985849056603776,1.3981596889534542,167,77677.0,0.042124518531497644,167,77677.0,-2.1399999999999864
48325.0,164,8323.0,39.63333333333333,1.391132753843383,164,77346.0,0.04276599395121997,164,77346.0,3.3099999999999454
48330.0,165,8766.0,42.14423076923077,1.4026655321987227,165,77016.0,0.04736935360938906,165,77016.0,3.300000000000068
48335.0,166,9211.0,43.86190476190476,1.376531497631878,166,76131.0,0.04239727571414799,166,76131.0,8.850000000000023
48340.0,165,9659.0,45.99523809523809,1.527725869284018,165,75347.0,0.05122960287308882,165,75347.0,7.839999999999918
48345.0,163,10095.0,47.617924528301884,1.595675098046352,162,74607.0,0.048834009141556445,162,74607.0,7.399999999999977
48350.0,162,10490.0,49.71563981042654,1.5567022036363738,162,75303.0,0.04847006323183759,162,75303.0,-6.959999999999923
48355.0,164,11051.0,51.882629107981224,1.5225912977542555,163,75935.0,0.04723354072201273,163,75935.0,-6.32000000000005
48360.0,161,11696.0,54.91079812206573,1.553022003563725,160,76572.0,0.04491528407077586,160,76572.0,-6.3700000000000045
48365.0,166,12401.0,57.67906976744186,1.501401093273532,166,77262.0,0.04168556155766333,166,77262.0,-6.899999999999977
48370.0,170,12645.0,58.81395348837209,1.4593646526312396,170,77106.0,0.04234945003682259,170,77106.0,1.5600000000000591
48375.0,169,12562.0,58.42790697674418,1.4611782525367736,169,76069.0,0.04337332710486475,169,76069.0,10.36999999999989
48380.0,167,12477.0,58.30373831775701,1.4513674974657766,167,76803.0,0.04602217334861639,167,76803.0,-7.339999999999918
48385.0,162,12340.0,58.20754716981132,1.4276924945828517,162,77431.0,0.04631336505693401,162,77431.0,-6.279999999999973
48390.0,163,12229.0,58.233333333333334,1.414762923304675,163,78039.0,0.051866119343752536,163,78039.0,-6.080000000000041
48395.0,167,12176.0,57.43396226415094,1.373036521133906,167,78670.0,0.04404133872204536,167,78670.0,-6.310000000000059
48400.0,171,12124.0,57.18867924528302,1.1712676715312464,171,78540.0,0.03152051729548232,171,78540.0,1.3000000000000682
48405.0,172,12059.0,57.15165876777251,1.096340427664048,172,78429.0,0.02715176228677276,172,78429.0,1.1100000000000136
48410.0,169,11980.0,56.509433962264154,1.1773891082932715,169,78324.0,0.03018340807886976,169,78324.0,1.0499999999999545
48415.0,167,11887.0,55.8075117370892,1.25981395930194,167,76514.0,0.03677759765388272,167,76514.0,18.100000000000023
48420.0,163,11573.0,54.07943925233645,1.2961498291037887,163,76710.0,0.037734952369117336,163,76710.0,-1.9600000000000364
48425.0,160,11105.0,51.89252336448598,1.343464302614405,160,76360.0,0.03802161587198932,160,76360.0,3.5
48430.0,158,10648.0,49.757009345794394,1.5259379017625911,158,75982.0,0.04568203519475909,158,75982.0,3.7799999999999727
48435.0,156,10268.0,47.53703703703704,1.4583159861904793,156,76590.0,0.03818448523578124,156,76590.0,-6.079999999999927
48440.0,158,10473.0,48.26267281105991,1.4698548851342907,158,77219.0,0.03740449731062734,158,77219.0,-6.290000000000077
48445.0,162,10832.0,50.38139534883721,1.3904930815753984,162,77815.0,0.04067115055995126,162,77815.0,-5.959999999999923
48450.0,168,10749.0,49.9953488372093,1.3042009175162201,168,77638.0,0.036856018187862626,168,77638.0,1.7699999999999818
48455.0,166,10346.0,48.12093023255814,1.3262891941142143,166,76567.0,0.03914259447204272,166,76567.0,10.710000000000036
48460.0,162,9925.0,46.16279069767442,1.5598646350336927,162,75505.0,0.046563760105456056,162,75505.0,10.620000000000005
48465.0,158,9405.0,43.94859813084112,1.518973711424422,158,75654.0,0.043094409082563234,158,75654.0,-1.490000000000009
48470.0,159,8880.0,41.495327102803735,1.5510185435241484,159,75824.0,0.04210431509111817,159,75824.0,-1.7000000000000455
48475.0,159,8388.0,39.38028169014085,1.439495145341531,159,75973.0,0.042815681412600254,159,75973.0,-1.490000000000009
48480.0,161,7868.0,36.93896713615023,1.3578077697854858,161,76634.0,0.03913369812500119,161,76634.0,-6.610000000000014
48485.0,158,7359.0,34.38785046728972,1.3168987315442289,158,77316.0,0.03640615211607331,158,77316.0,-6.819999999999936
48490.0,163,7154.0,33.429906542056074,1.2790468971224669,163,77972.0,0.03847792462390071,163,77972.0,-6.560000000000059
48495.0,168,6919.0,32.032407407407405,1.1856340485637697,168,77861.0,0.03483345815107055,168,77861.0,1.1100000000000136
48500.0,169,6634.0,30.712962962962962,1.2128644444378325,169,76844.0,0.03690997140411211,169,76844.0,10.169999999999959
48505.0,167,6355.0,29.285714285714285,1.3147703117659966,167,75981.0,0.039738202104104677,167,75981.0,8.63000000000011
48510.0,164,6115.0,28.441860465116278,1.423695908063578,164,74304.0,0.044651655347143576,164,74304.0,16.769999999999982
48515.0,160,5752.0,27.004694835680752,1.3469942684707468,160,74158.0,0.042629537523515414,160,74158.0,1.4599999999999227
48520.0,161,5777.0,26.99532710280374,1.4402994383988255,161,73149.0,0.04490570212595691,161,73149.0,10.090000000000032
48525.0,161,5803.0,26.86574074074074,1.5079941770846474,161,72173.0,0.04788107739753888,161,72173.0,9.759999999999991
48530.0,159,5872.0,27.05990783410138,1.7161803009639396,159,70349.0,0.05275482960661905,159,70349.0,18.24000000000001
48535.0,161,6042.0,27.463636363636365,1.8197027318763974,161,68547.0,0.055469793103819366,161,68547.0,18.019999999999982
48540.0,161,6092.0,27.94495412844037,1.6882828775784426,161,69262.0,0.05148169021501,161,69262.0,-7.149999999999977
48545.0,159,6046.0,27.60730593607306,1.7442989329674319,159,69898.0,0.05169581277248682,159,69898.0,-6.360000000000014
48550.0,155,6095.0,28.21759259259259,1.8846321348603832,155,70513.0,0.06483556075633033,155,70513.0,-6.149999999999977
48555.0,155,6247.0,28.788018433179722,2.0203516887140363,155,71116.0,0.06251801340806348,155,71116.0,-6.029999999999973
48560.0,156,6451.0,30.004651162790697,2.0894199762262198,156,71749.0,0.06413278936657983,156,71749.0,-6.330000000000041
48565.0,161,6771.0,31.788732394366196,1.8915291122974225,161,72478.0,0.05857288982708596,161,72478.0,-7.289999999999964
48570.0,167,7116.0,33.25233644859813,1.5449759165385606,167,73249.0,0.039834374283983134,167,73249.0,-7.710000000000036
48575.0,166,7187.0,33.58411214953271,1.5537194375701575,166,73376.0,0.04071558189972406,166,73376.0,-1.2699999999999818
48580.0,164,7166.0,33.801886792452834,1.5404904258978418,164,72835.0,0.04293171712321485,164,72835.0,5.409999999999968
48585.0,165,7506.0,35.074766355140184,1.6897009006164667,165,72453.0,0.05198924210066019,165,72453.0,3.82000000000005
48590.0,171,7852.0,36.018348623853214,1.6015614874048558,171,73231.0,0.03758599860494669,171,73231.0,-7.779999999999973
48595.0,175,8238.0,37.788990825688074,1.528764014757362,175,74059.0,0.029729704305760225,175,74059.0,-8.280000000000086
48600.0,177,8638.0,39.806451612903224,1.5631051822918036,177,74921.0,0.03128509267116007,177,74921.0,-8.620000000000005
48605.0,175,8847.0,41.3411214953271,1.3591850496072033,175,74915.0,0.031160744308891437,175,74915.0,0.06000000000005912
48610.0,175,8915.0,41.85446009389671,1.2295778680153142,175,74877.0,0.028674268556441788,175,74877.0,0.37999999999999545
48615.0,170,8968.0,41.90654205607477,1.2605008936795874,170,74819.0,0.03356402161068662,170,74819.0,0.5799999999999272
48620.0,170,9003.0,42.070093457943926,1.2494558152981627,170,75626.0,0.02937657433429316,170,75626.0,-8.069999999999936
48625.0,173,9056.0,42.3177570093458,1.2390163773498486,173,76452.0,0.032410889651802166,173,76452.0,-8.259999999999991
48630.0,173,9116.0,42.798122065727696,1.2438972957626058,173,77299.0,0.03423316177924887,173,77299.0,-8.470000000000027
48635.0,170,8810.0,41.36150234741784,1.2844953573685776,170,77287.0,0.032452948403368154,170,77287.0,0.12000000000000455
48640.0,167,8341.0,39.71904761904762,1.2594303108087845,167,76389.0,0.03285893933780978,167,76389.0,8.980000000000018
48645.0,168,8251.0,39.29047619047619,1.271264147808994,168,75484.0,0.037751571566072256,168,75484.0,9.049999999999955
48650.0,168,8155.0,39.01913875598086,1.1375440200863076,168,76249.0,0.03183666143808747,168,76249.0,-7.649999999999977
48655.0,170,8077.0,38.279620853080566,1.2713809629704047,170,77033.0,0.033659503959506766,170,77033.0,-7.840000000000032
48660.0,172,8015.0,38.34928229665072,1.1384216970478478,172,77823.0,0.03404072036597683,172,77823.0,-7.899999999999977
48665.0,170,7779.0,37.2200956937799,1.1280745526712679,170,77971.0,0.031333983086150576,170,77971.0,-1.4800000000000182
48670.0,167,7456.0,35.84615384615385,1.1853220984310466,167,77461.0,0.033326351945691765,167,77461.0,5.100000000000023
48675.0,166,7310.0,35.14423076923077,1.2773366768338918,166,76953.0,0.04185098912122931,166,76953.0,5.080000000000041
48680.0,168,7167.0,34.128571428571426,1.3718529342104169,168,75810.0,0.041930472148766926,168,75810.0,11.42999999999995
48685.0,165,7024.0,33.44761904761905,1.6157987046595559,165,74682.0,0.05346325205490876,165,74682.0,11.279999999999973
48690.0,161,6861.0,32.82775119617225,1.647353884366648,161,73564.0,0.05093114793601413,161,73564.0,11.180000000000064
48695.0,157,6701.0,32.371980676328505,1.6095221701907643,156,73085.0,0.05711170348714453,156,73085.0,4.789999999999964
48700.0,157,6612.0,31.942028985507246,1.6151940763892216,157,73844.0,0.05515009805058498,157,73844.0,-7.590000000000032
48705.0,163,7034.0,33.81730769230769,1.5841369511844126,163,74611.0,0.05135871236803405,163,74611.0,-7.669999999999959
48710.0,168,7484.0,36.15458937198068,1.4730007747215328,168,75383.0,0.04532036573874721,168,75383.0,-7.720000000000027
48715.0,166,7653.0,36.61722488038278,1.5004645212338286,166,75266.0,0.04355384537926999,166,75266.0,1.1700000000000728
48720.0,163,7620.0,36.45933014354067,1.6234492927377568,163,74266.0,0.050891373129516554,163,74266.0,10.0
48725.0,160,7575.0,36.41826923076923,1.7787314032740364,160,73286.0,0.05878647839598814,160,73286.0,9.799999999999955
48730.0,157,7602.0,36.72463768115942,1.871265554419942,157,71428.0,0.0594895980405574,157,71428.0,18.58000000000004
48735.0,157,7907.0,38.19806763285024,1.9090436786036256,157,69561.0,0.06298336611474568,157,69561.0,18.66999999999996
48740.0,160,7946.0,38.57281553398058,1.6139189022499374,160,70337.0,0.054532687725090054,160,70337.0,-7.759999999999991
48745.0,164,7826.0,37.806763285024154,1.357084669814063,164,71120.0,0.039772255459256584,164,71120.0,-7.830000000000041
48750.0,167,7719.0,37.289855072463766,1.3981352444209587,167,71218.0,0.04434163886639428,167,71218.0,-0.9799999999999045
48755.0,161,7509.0,36.10096153846154,1.4215503676755448,161,71159.0,0.042465330854101396,161,71159.0,0.5899999999999181
48760.0,160,7254.0,34.708133971291865,1.5316434716394705,160,70174.0,0.0501553467366931,160,70174.0,9.850000000000023
48765.0,155,6981.0,33.08530805687204,1.6227939103058868,155,69202.0,0.05220673452622669,155,69202.0,9.720000000000027
48770.0,154,6658.0,31.704761904761906,1.5872358192381504,153,69278.0,0.04882493109343957,153,69278.0,-0.7599999999999909
48775.0,151,6292.0,29.819905213270143,1.652565184501882,151,70033.0,0.052061357578283673,151,70033.0,-7.550000000000068
48780.0,150,6006.0,28.330188679245282,1.759223752206589,150,69388.0,0.05409745060880997,150,69388.0,6.4500000000000455
48785.0,153,5862.0,27.650943396226417,1.532825578308809,153,70019.0,0.04599602582449338,153,70019.0,-6.310000000000059
48790.0,156,5639.0,26.599056603773583,1.474716236900216,156,70578.0,0.044908659204140305,156,70578.0,-5.589999999999918
48795.0,156,5634.0,26.57547169811321,1.3991154651803066,156,71176.0,0.04718664449041357,156,71176.0,-5.980000000000018
48800.0,158,5766.0,27.070422535211268,1.496972427868896,158,71759.0,0.04907390836607617,158,71759.0,-5.830000000000041
48805.0,163,5929.0,27.705607476635514,1.3607145361106796,163,72554.0,0.041777779403566334,163,72554.0,-7.949999999999932
48810.0,168,6381.0,29.541666666666668,1.2638220781796004,168,72516.0,0.03201690174718894,168,72516.0,0.37999999999999545
48815.0,164,6859.0,31.90232558139535,1.266455974339488,164,72471.0,0.03523153068361054,164,72471.0,0.4499999999999318
48820.0,170,7364.0,34.25116279069768,1.2079334963260693,170,73229.0,0.032164151121784994,170,73229.0,-7.579999999999927
48825.0,171,7878.0,36.47222222222222,1.1566578441733935,171,73974.0,0.029261654211271197,171,73974.0,-7.4500000000000455
48830.0,175,8468.0,39.02304147465438,1.2695697739180611,175,74757.0,0.03522508709779626,175,74757.0,-7.830000000000041
48835.0,176,8927.0,41.13824884792627,1.093795317192818,176,74875.0,0.025794516935074202,176,74875.0,-1.17999999999995
48840.0,179,9354.0,42.908256880733944,1.168261110143388,179,74294.0,0.02708124000377421,179,74294.0,5.809999999999945
48845.0,181,9796.0,44.730593607305934,1.2002904444557003,181,73830.0,0.029126214122982965,181,73830.0,4.6400000000001
48850.0,179,9786.0,44.68493150684932,1.1535487254935095,179,73960.0,0.029786646348355268,179,73960.0,-1.3000000000000682
48855.0,176,9459.0,42.99545454545454,1.224408926198797,176,74068.0,0.027455413792682123,176,74068.0,-1.0799999999999272
48860.0,172,9112.0,41.99078341013825,1.2527094930438543,172,74138.0,0.03289999151824136,172,74138.0,-0.7000000000000455
48865.0,168,8668.0,39.944700460829495,1.286533845726025,168,74898.0,0.03355234166102154,168,74898.0,-7.600000000000023
48870.0,165,8264.0,38.437209302325584,1.224979151127982,165,75646.0,0.03296916020596821,165,75646.0,-7.480000000000018
48875.0,165,8049.0,37.61214953271028,1.2246355334153238,165,76387.0,0.03546845765599031,165,76387.0,-7.409999999999968
48880.0,169,7688.0,35.925233644859816,1.1930090178884196,169,76317.0,0.03418330603668843,169,76317.0,0.7000000000000455
48885.0,171,7219.0,33.4212962962963,1.152390265278422,171,76242.0,0.030864469552807538,171,76242.0,0.75
48890.0,167,6738.0,31.633802816901408,1.1067440902776848,167,76150.0,0.034592592716336815,167,76150.0,0.9199999999999591
48895.0,162,6233.0,29.262910798122064,1.2587085572651664,162,75179.0,0.04323009643742488,162,75179.0,9.710000000000036
48900.0,159,5719.0,27.233333333333334,1.1878037230970335,159,75880.0,0.04311560932889381,159,75880.0,-7.009999999999991
48905.0,160,5443.0,25.67452830188679,1.2213151157916615,160,76594.0,0.039861479044545095,160,76594.0,-7.1400000000001
48910.0,165,5302.0,24.77570093457944,1.31542863766476,165,77332.0,0.040246317025388646,165,77332.0,-7.3799999999999955
48915.0,167,5347.0,24.985981308411215,1.2790817640114853,167,78096.0,0.03659431279090757,167,78096.0,-7.639999999999986
48920.0,170,5820.0,26.944444444444443,1.2306622606085185,170,78029.0,0.029826803439791248,170,78029.0,0.6700000000000728
48925.0,172,6270.0,29.162790697674417,1.105053959439053,172,77975.0,0.028428082965404805,172,77975.0,0.5399999999999636
48930.0,171,6715.0,31.087962962962962,1.1801868299589795,171,77058.0,0.029578870009392584,171,77058.0,9.169999999999959
48935.0,167,7130.0,33.00925925925926,1.23282452134371,167,77862.0,0.03231984387586061,167,77862.0,-8.039999999999964
48940.0,167,7555.0,35.13953488372093,1.2763472316654576,167,78676.0,0.0350483571740604,167,78676.0,-8.139999999999986
48945.0,168,8046.0,37.25,1.3833706009215707,168,79499.0,0.03633293889810219,168,79499.0,-8.230000000000018
48950.0,172,8795.0,40.906976744186046,1.3256084986712307,172,80343.0,0.028559638235132443,172,80343.0,-8.43999999999994
48955.0,174,9249.0,43.01860465116279,1.2795650028024397,174,80459.0,0.026422484329333185,174,80459.0,-1.1600000000000819
48960.0,175,9496.0,44.79245283018868,1.112442522412823,175,79855.0,0.02775862878757753,175,79855.0,6.040000000000077
48965.0,173,9737.0,45.288372093023256,1.2971051604447956,173,79250.0,0.03705740231194208,173,79250.0,6.0499999999999545
48970.0,170,9860.0,46.291079812206576,1.226013738987637,170,79219.0,0.03353943929712067,170,79219.0,0.30999999999994543
48975.0,165,9895.0,46.674528301886795,1.321059299718819,165,78305.0,0.03590096920468709,165,78305.0,9.1400000000001
48980.0,161,9908.0,46.95734597156398,1.4630450300089084,161,77600.0,0.043352219257073894,161,77600.0,7.0499999999999545
48985.0,157,9930.0,47.06161137440758,1.6196953705314479,157,76443.0,0.04909744177344184,157,76443.0,11.57000000000005
48990.0,158,10017.0,47.25,1.7523088840337726,158,75353.0,0.05189658884867808,158,75353.0,10.899999999999977
48995.0,158,10107.0,47.674528301886795,1.792644990745051,158,74316.0,0.053375389553294225,158,74316.0,10.370000000000005
49000.0,157,9783.0,46.58571428571429,1.5830712435770455,157,74206.0,0.04906508399889984,157,74206.0,1.1000000000000227
49005.0,153,9169.0,43.661904761904765,1.6543638247576355,153,73195.0,0.05568575974635257,153,73195.0,10.1099999999999
49010.0,148,8537.0,40.84688995215311,1.885115901188065,148,72255.0,0.06947670407253387,148,72255.0,9.400000000000091
49015.0,144,7749.0,37.43478260869565,1.9029332019497085,144,72917.0,0.0646621728337985,144,72917.0,-6.6200000000000045
49020.0,142,7145.0,34.68446601941748,1.973081109160339,142,73596.0,0.0632353514476987,142,73596.0,-6.790000000000077
49025.0,146,7009.0,33.85990338164251,1.9125166682618202,146,74281.0,0.057616449756316544,146,74281.0,-6.849999999999909
49030.0,151,6898.0,33.004784688995215,1.9563701652253551,151,74976.0,0.059769458720267676,151,74976.0,-6.9500000000000455
49035.0,153,6787.0,32.319047619047616,1.900641797582884,153,74872.0,0.05741149470880411,153,74872.0,1.0399999999999636
49040.0,156,6779.0,31.97641509433962,1.88810606834632,156,73927.0,0.05490899567430167,156,73927.0,9.450000000000045
49045.0,158,6784.0,32.0,1.8567420226781053,158,72996.0,0.055790795985446145,158,72996.0,9.309999999999945
49050.0,157,6789.0,32.175355450236964,1.8602411805035244,157,71392.0,0.05372387907355919,157,71392.0,16.040000000000077
49055.0,155,6788.0,32.32380952380952,1.947475214419563,155,70098.0,0.05993464228165913,155,70098.0,12.93999999999994
49060.0,152,6775.0,32.88834951456311,1.9355427588416576,152,68913.0,0.06077320986404197,152,68913.0,11.850000000000023
49065.0,150,6887.0,33.59512195121951,1.901103763373071,150,68481.0,0.06539969314830114,150,68481.0,4.32000000000005
49070.0,154,7544.0,36.44444444444444,1.8494765008716625,154,67512.0,0.059848673501025185,154,67512.0,9.68999999999994
49075.0,154,8208.0,39.08571428571429,1.8818011748042487,154,67140.0,0.060516328842314074,154,67140.0,3.7200000000000273
49080.0,154,8734.0,41.198113207547166,1.8934705042177244,154,67910.0,0.05938351687775608,154,67910.0,-7.7000000000000455
49085.0,157,9279.0,43.976303317535546,1.7027379925128459,156,68617.0,0.05410856518686598,156,68617.0,-7.069999999999936
49090.0,159,9943.0,46.90094339622642,1.7714429837094787,158,69398.0,0.055343530227130774,158,69398.0,-7.810000000000059
49095.0,159,10587.0,50.41428571428571,1.7179318076553736,159,69608.0,0.05482944685442788,159,69608.0,-2.1000000000000227
49100.0,158,11242.0,53.78947368421053,1.804720984110657,158,69246.0,0.06054124603785242,158,69246.0,3.6200000000000045
49105.0,158,11957.0,56.93809523809524,1.8540933531473975,158,68884.0,0.06330497168771548,158,68884.0,3.6200000000000045
49110.0,161,12620.0,60.095238095238095,1.6152617594723795,161,69609.0,0.05245466942365121,161,69609.0,-7.25
49115.0,161,13247.0,62.78199052132702,1.4884188767354025,161,70409.0,0.04164612272963662,161,70409.0,-8.0
49120.0,165,13947.0,66.73205741626795,1.3305419238827436,165,71152.0,0.03667278778948451,165,71152.0,-7.42999999999995
49125.0,168,14232.0,68.09569377990431,1.2345760440379492,168,71114.0,0.03276267236968481,168,71114.0,0.37999999999999545
49130.0,170,14220.0,68.03827751196172,1.2712320368079324,170,70203.0,0.03785052946653437,170,70203.0,9.110000000000014
49135.0,166,14208.0,67.33649289099526,1.4554712908046903,166,69292.0,0.04622462094274965,166,69292.0,9.110000000000014
49140.0,164,14182.0,66.89622641509433,1.609646216933766,164,67511.0,0.047978853722526804,164,67511.0,17.809999999999945
49145.0,160,14183.0,66.5868544600939,1.74791813913123,160,65731.0,0.05326490076708733,160,65731.0,17.800000000000068
49150.0,162,14212.0,67.35545023696683,1.6934204563156847,162,64012.0,0.05907139104883673,162,64012.0,17.18999999999994
49155.0,161,14242.0,67.17924528301887,1.6486974658151328,161,63214.0,0.05622599601648074,161,63214.0,7.980000000000018
49160.0,165,14134.0,66.66981132075472,1.6081646703138819,165,64033.0,0.0540145029304302,165,64033.0,-8.190000000000055
49165.0,164,13914.0,65.94312796208531,1.5273259906299876,164,64226.0,0.04847136643251105,164,64226.0,-1.92999999999995
49170.0,166,13678.0,64.51886792452831,1.5298973167279966,165,65038.0,0.0491143229343078,165,65038.0,-8.120000000000005
49175.0,161,13372.0,63.075471698113205,1.4830697344518167,161,65034.0,0.04866639639217978,161,65034.0,0.03999999999996362
49180.0,157,13021.0,61.13145539906103,1.6771872711593832,157,64192.0,0.057222871893847504,157,64192.0,8.420000000000073
49185.0,155,12657.0,59.42253521126761,1.718032538598332,155,63343.0,0.06122782069684503,155,63343.0,8.490000000000009
49190.0,153,12257.0,57.544600938967136,1.6532988816224599,153,63968.0,0.05908595900042376,153,63968.0,-6.25
49195.0,154,12327.0,57.60280373831776,1.5686122741659376,154,64504.0,0.056666014179547156,154,64504.0,-5.360000000000014
49200.0,157,12451.0,57.3778801843318,1.6678418632294048,157,65072.0,0.05729451276161258,157,65072.0,-5.680000000000064
49205.0,160,12784.0,58.37442922374429,1.622369020708479,160,65603.0,0.047399697348802054,160,65603.0,-5.309999999999945
49210.0,163,13129.0,60.22477064220183,1.582573559347413,163,65752.0,0.044671645371521795,163,65752.0,-1.490000000000009
49215.0,164,13459.0,61.73853211009175,1.4924111402564242,164,65254.0,0.04110830905289441,164,65254.0,4.980000000000018
49220.0,165,13851.0,63.53669724770642,1.556486475736715,165,64844.0,0.04255226680744335,165,64844.0,4.099999999999909
49225.0,161,14295.0,65.27397260273973,1.6771229368792708,161,63820.0,0.043174580388525015,161,63820.0,10.240000000000009
49230.0,160,14868.0,67.89041095890411,1.8829752382858418,160,62864.0,0.05469647759262919,160,62864.0,9.56000000000006
49235.0,164,15414.0,69.43243243243244,1.7752086067616035,163,63579.0,0.04387819357905362,163,63579.0,-7.149999999999977
49240.0,173,15952.0,72.50909090909092,1.572727446848711,173,64423.0,0.039820761047227655,173,64423.0,-8.440000000000055
49245.0,170,16500.0,75.0,1.506026253456657,170,65284.0,0.038107431422148924,170,65284.0,-8.610000000000014
49250.0,172,17114.0,77.7909090909091,1.5319776020397382,172,65632.0,0.036810894235613546,172,65632.0,-3.480000000000018
49255.0,170,17699.0,80.81735159817352,1.4774638743480377,170,65483.0,0.038340676269990014,170,65483.0,1.490000000000009
49260.0,170,18302.0,83.95412844036697,1.5867849383984365,170,65335.0,0.045714837610510047,170,65335.0,1.4800000000000182
49265.0,166,18894.0,86.6697247706422,1.6355927700189605,166,64898.0,0.04758998487748361,166,64898.0,4.3700000000000045
49270.0,163,19473.0,89.73732718894009,1.8233442599338605,163,64470.0,0.05823671800446356,163,64470.0,4.279999999999973
49275.0,160,19245.0,89.09722222222223,1.7139597465667262,160,64400.0,0.05488474949665598,160,64400.0,0.7000000000000455
49280.0,163,18614.0,86.57674418604651,1.5904807186197623,163,63453.0,0.053730868287730486,163,63453.0,9.470000000000027
49285.0,165,17991.0,83.29166666666667,1.5914187309962813,165,62817.0,0.053590488958743035,165,62817.0,6.360000000000014
49290.0,163,17328.0,79.85253456221199,1.658277733186992,163,63203.0,0.049230339747843035,163,63203.0,-3.8600000000000136
49295.0,161,16625.0,76.61290322580645,1.7052558529461637,161,63151.0,0.04820946156080652,161,63151.0,0.5199999999999818
49300.0,157,15907.0,73.3041474654378,1.8432402887739372,157,63088.0,0.056480857112041205,157,63088.0,0.6299999999999955
49305.0,156,15181.0,69.63761467889908,1.8781067165651573,156,62611.0,0.05920009636792013,156,62611.0,4.769999999999982
49310.0,154,14367.0,65.6027397260274,1.9520655676394798,153,63202.0,0.05838307625724011,153,63202.0,-5.909999999999968
49315.0,155,13380.0,61.37614678899082,1.8647307499007375,155,63810.0,0.056666430211578585,155,63810.0,-6.080000000000041
49320.0,155,12395.0,57.11981566820276,1.839615276648451,155,64280.0,0.05652756500043215,155,64280.0,-4.699999999999932
49325.0,157,11458.0,52.31963470319635,1.8288618475020362,157,64799.0,0.05696940070747741,157,64799.0,-5.190000000000055
49330.0,155,10745.0,49.06392694063927,1.9691841587999164,155,65261.0,0.05801552889473199,155,65261.0,-4.6200000000000045
49335.0,155,10175.0,46.674311926605505,1.9448661997146006,155,65771.0,0.062366360744454855,155,65771.0,-5.100000000000023
49340.0,161,9763.0,45.40930232558139,1.7721957539729274,161,66549.0,0.053317305529634956,161,66549.0,-7.779999999999973
49345.0,172,10294.0,47.657407407407405,1.3415848643724313,172,67364.0,0.03683138270134569,172,67364.0,-8.149999999999977
49350.0,180,10899.0,50.693023255813955,1.1503599983391246,180,67447.0,0.02918364215558458,180,67447.0,-0.8300000000000409
49355.0,181,11456.0,52.7926267281106,1.091033863970637,181,68225.0,0.028799343597929794,181,68225.0,-7.779999999999973
49360.0,183,11995.0,55.022935779816514,1.067401782057298,183,68937.0,0.02877173873964617,183,68937.0,-7.1200000000000045
49365.0,184,12558.0,56.567567567567565,1.2085243697864734,184,69674.0,0.030849428606237052,184,69674.0,-7.3700000000000045
49370.0,184,13000.0,58.8235294117647,1.1525669781856882,184,70065.0,0.026490483755305032,184,70065.0,-3.909999999999968
49375.0,186,13330.0,59.775784753363226,1.1840398309789595,186,70104.0,0.025498555323806557,186,70104.0,-0.38999999999998636
49380.0,183,13655.0,61.509009009009006,1.2875022504706057,183,70253.0,0.03210505079678856,183,70253.0,-1.490000000000009
49385.0,181,13965.0,62.9054054054054,1.3408734372456226,181,70451.0,0.03435213324338429,181,70451.0,-1.9800000000000182
49390.0,179,14204.0,63.98198198198198,1.3512543492129037,179,71275.0,0.03617072335494201,179,71275.0,-8.240000000000009
49395.0,176,14386.0,64.8018018018018,1.267416132677274,176,72022.0,0.0299907985133893,176,72022.0,-7.470000000000027
49400.0,176,14636.0,66.52727272727273,1.224606500713905,176,72716.0,0.033889164796393416,176,72716.0,-6.939999999999941
49405.0,176,14355.0,65.25,1.2558895343270648,176,72619.0,0.03636565700623428,176,72619.0,0.9699999999999136
49410.0,176,13815.0,62.79545454545455,1.3143867890388683,176,71622.0,0.036008472320688475,176,71622.0,9.970000000000027
49415.0,173,13275.0,60.61643835616438,1.3835736453178098,173,70643.0,0.04124210431232737,173,70643.0,9.790000000000077
49420.0,173,12769.0,58.305936073059364,1.5344065792230799,173,68785.0,0.04384183610608753,173,68785.0,18.579999999999927
49425.0,168,12272.0,56.55299539170507,1.5512788048747495,168,66914.0,0.04908727814882377,168,66914.0,18.710000000000036
49430.0,164,11812.0,54.433179723502306,1.7262308782786153,164,65060.0,0.05801988948357328,164,65060.0,18.539999999999964
49435.0,160,11402.0,52.54377880184332,1.8017450329850178,160,64256.0,0.061350781587789255,160,64256.0,8.040000000000077
49440.0,163,10882.0,50.61395348837209,1.6913571880869995,163,64207.0,0.05752100157918172,163,64207.0,0.4899999999998954
49445.0,165,10193.0,47.40930232558139,1.5569585596919222,165,63351.0,0.052048171478816865,165,63351.0,8.56000000000006
49450.0,160,9497.0,43.967592592592595,1.798105528175185,160,62484.0,0.06302945883432669,160,62484.0,8.669999999999959
49455.0,157,8636.0,40.16744186046512,1.7121911688668385,157,63182.0,0.05857305223731722,157,63182.0,-6.980000000000018
49460.0,154,7671.0,35.513888888888886,1.9531761712303624,154,63803.0,0.06205574569946127,154,63803.0,-6.209999999999923
49465.0,153,6815.0,31.261467889908257,2.073251375981149,153,64407.0,0.06545841297531058,153,64407.0,-6.040000000000077
49470.0,153,6325.0,29.28240740740741,2.0804734248720447,153,64314.0,0.0637029107496208,153,64314.0,0.9300000000000637
49475.0,159,6606.0,30.583333333333332,1.8714348778295342,159,64337.0,0.05066149670561614,159,64337.0,-0.2300000000000182
49480.0,163,6908.0,31.68807339449541,1.8117870267959264,163,64380.0,0.047844396160715716,163,64380.0,-0.42999999999995
49485.0,163,7214.0,33.091743119266056,1.6656114044645192,163,62919.0,0.04112024315260398,163,62919.0,14.6099999999999
49490.0,161,7219.0,33.57674418604651,1.5928375853439976,161,63420.0,0.04450719177197865,161,63420.0,-5.009999999999991
49495.0,157,7006.0,32.586046511627906,1.6476769247878036,157,63609.0,0.044969754340057955,157,63609.0,-1.8899999999999864
49500.0,156,6780.0,31.53488372093023,1.7775309462546232,156,63801.0,0.050656942512952455,156,63801.0,-1.919999999999959
49505.0,152,6518.0,30.745283018867923,1.5994193180364826,152,64459.0,0.04770441784121436,152,64459.0,-6.580000000000041
49510.0,155,6531.0,30.806603773584907,1.518457740495642,155,65134.0,0.04583437895396379,155,65134.0,-6.75
49515.0,157,6576.0,30.444444444444443,1.5801325402659885,157,65736.0,0.04624583919237639,157,65736.0,-6.019999999999982
49520.0,160,6682.0,30.792626728110598,1.525185992982131,159,65738.0,0.044485057793961245,159,65738.0,-0.01999999999998181
49525.0,166,6760.0,31.009174311926607,1.3447415613763916,166,66553.0,0.03737448743454928,166,66553.0,-8.149999999999977
49530.0,166,6849.0,31.41743119266055,1.382638277075849,166,65824.0,0.03844196123703571,166,65824.0,7.289999999999964
49535.0,164,6873.0,31.383561643835616,1.346178871863525,164,66316.0,0.04136950947686554,164,66316.0,-4.919999999999959
49540.0,165,6882.0,31.714285714285715,1.3452502651775382,165,66502.0,0.04396152391175532,165,66502.0,-1.8600000000000136
49545.0,167,6893.0,31.764976958525345,1.3498615530083993,167,66690.0,0.04368042649458583,167,66690.0,-1.8799999999999955
49550.0,165,6886.0,31.87962962962963,1.2660413419408287,165,66708.0,0.038920885266111704,165,66708.0,-0.18000000000006366
49555.0,163,6960.0,32.07373271889401,1.3186559225475927,163,65920.0,0.04125278452353688,163,65920.0,7.8799999999999955
49560.0,165,7389.0,33.89449541284404,1.4247690216728965,165,65233.0,0.046540487899478046,165,65233.0,6.8700000000000045
49565.0,169,7452.0,33.567567567567565,1.3322613669141803,168,65158.0,0.036333382878054585,168,65158.0,0.75
49570.0,166,7259.0,32.84615384615385,1.3393430970493883,166,65993.0,0.036512764019481225,166,65993.0,-8.349999999999909
49575.0,164,7051.0,31.76126126126126,1.398076662309799,164,64991.0,0.040804841935418355,164,64991.0,10.019999999999982
49580.0,161,6657.0,30.397260273972602,1.2950400866731053,161,65660.0,0.041255876174226706,161,65660.0,-6.690000000000055
49585.0,158,6180.0,28.09090909090909,1.4103979418321424,158,66187.0,0.043894577449493835,158,66187.0,-5.269999999999982
49590.0,156,5787.0,26.424657534246574,1.5409890224440463,156,66718.0,0.0523980780046418,156,66718.0,-5.309999999999945
49595.0,157,5424.0,24.542986425339368,1.4982012749941367,157,67104.0,0.04580497385401058,157,67104.0,-3.8600000000000136
49600.0,158,5169.0,23.495454545454546,1.5181876491640212,158,67141.0,0.045964505065104216,158,67141.0,-0.37000000000000455
49605.0,165,5043.0,23.027397260273972,1.4027560834880075,165,67214.0,0.043469346386024614,165,67214.0,-0.7300000000000182
49610.0,167,4891.0,22.23181818181818,1.3397612030090438,167,67894.0,0.036733094955856714,167,67894.0,-6.800000000000068
49615.0,165,4728.0,21.39366515837104,1.372561791335118,165,68568.0,0.03640497494324481,165,68568.0,-6.739999999999895
49620.0,167,4676.0,21.15837104072398,1.384339794925909,167,69158.0,0.039280869491832245,167,69158.0,-5.900000000000091
49625.0,171,4594.0,20.508928571428573,1.2943881705200373,171,69065.0,0.034262097440853526,171,69065.0,0.9300000000000637
49630.0,173,4608.0,20.663677130044842,1.3288432798010537,173,68084.0,0.03853964256637254,173,68084.0,9.809999999999945
49635.0,178,5024.0,22.52914798206278,1.2573667684301466,178,67151.0,0.03684669678020876,178,67151.0,9.330000000000041
49640.0,179,5416.0,24.178571428571427,1.281783997154848,179,67931.0,0.03523621694827486,179,67931.0,-7.7999999999999545
49645.0,177,5767.0,25.63111111111111,1.3241108403618151,177,68634.0,0.03327085669901418,177,68634.0,-7.030000000000086
49650.0,173,6107.0,27.50900900900901,1.3997143533785144,173,69330.0,0.042341974615476445,173,69330.0,-6.959999999999923
49655.0,172,6219.0,28.26818181818182,1.2519114470023571,171,69332.0,0.03666304669334038,171,69332.0,-0.020000000000095497
49660.0,174,6241.0,28.368181818181817,1.2798674323990828,174,70186.0,0.03299975029773055,174,70186.0,-8.539999999999964
49665.0,177,6433.0,29.108597285067873,1.2461225907141507,177,69565.0,0.030916119781204378,177,69565.0,6.210000000000036
49670.0,178,6632.0,29.873873873873872,1.2982127259971556,178,68231.0,0.03372816461995584,178,68231.0,13.340000000000032
49675.0,175,6818.0,30.71171171171171,1.3190204930828227,175,67629.0,0.03488269700132977,175,67629.0,6.019999999999982
49680.0,172,6783.0,30.554054054054053,1.3498556622984856,172,68062.0,0.036769056192145065,172,68062.0,-4.330000000000041
49685.0,169,6594.0,29.7027027027027,1.434075937513651,169,68074.0,0.04340313303866001,169,68074.0,-0.12000000000000455
49690.0,165,6438.0,29.263636363636362,1.5709156825541533,165,68071.0,0.04887878760668501,165,68071.0,0.029999999999972715
49695.0,167,6454.0,29.470319634703195,1.5385625039699926,167,67674.0,0.04578551402489184,167,67674.0,3.9700000000000273
49700.0,166,6293.0,28.604545454545455,1.5919215727459506,166,67605.0,0.04952013384976667,166,67605.0,0.6900000000000546
49705.0,163,6000.0,27.272727272727273,1.6044043851402379,163,66638.0,0.04578050071246153,163,66638.0,9.669999999999959
49710.0,159,5694.0,26.0,1.7279320217981506,159,65657.0,0.05480581862697675,159,65657.0,9.809999999999945
49715.0,157,5328.0,24.108597285067873,1.7431181343090651,157,66033.0,0.050089919470721285,157,66033.0,-3.759999999999991
49720.0,154,5028.0,22.958904109589042,1.7790029223402637,154,66399.0,0.05150278823195518,154,66399.0,-3.659999999999968
49725.0,153,5056.0,22.98181818181818,1.8413755453663978,153,66735.0,0.05707764861052186,153,66735.0,-3.3600000000000136
49730.0,154,4867.0,22.22374429223744,1.6963249787432966,154,67343.0,0.049725485067267684,154,67343.0,-6.079999999999927
49735.0,155,4535.0,20.898617511520737,1.4891716762015315,155,67969.0,0.04488134747715144,155,67969.0,-6.260000000000105
49740.0,152,4212.0,19.410138248847925,1.546972231659757,152,68477.0,0.04806363679681673,152,68477.0,-5.079999999999927
49745.0,150,3943.0,18.25462962962963,1.5000082667819312,150,68418.0,0.05110071987728917,150,68418.0,0.5900000000000318
49750.0,156,3981.0,18.17808219178082,1.4512527814294376,156,68372.0,0.045779364181400745,156,68372.0,0.4599999999999227
49755.0,164,4069.0,18.41176470588235,1.2797360047656792,164,68361.0,0.03733993880039351,164,68361.0,0.11000000000001364
49760.0,166,4143.0,18.831818181818182,1.2345288856858232,166,69044.0,0.03649643951244817,166,69044.0,-6.830000000000041
49765.0,164,4273.0,19.422727272727272,1.2396233638327367,164,69618.0,0.03805961559258885,164,69618.0,-5.739999999999895
49770.0,166,4620.0,21.095890410958905,1.2404326365746527,166,70220.0,0.04088787998899474,166,70220.0,-6.0200000000000955
49775.0,170,4825.0,21.540178571428573,1.1909943107312488,170,70155.0,0.03189061298086361,170,70155.0,0.650000000000091
49780.0,172,5026.0,22.53811659192825,1.1515978900105597,172,69211.0,0.03322540625718438,172,69211.0,9.43999999999994
49785.0,178,5270.0,23.31858407079646,1.202274656981304,178,68406.0,0.0345306406861772,178,68406.0,8.050000000000068
49790.0,181,5361.0,23.721238938053098,1.135503206971301,181,68849.0,0.029523127062043793,181,68849.0,-4.430000000000064
49795.0,181,5328.0,23.47136563876652,1.1050029790769744,181,69285.0,0.024277742311580666,181,69285.0,-4.360000000000014
49800.0,176,5278.0,23.45777777777778,1.172077503153903,176,69314.0,0.031091167459467123,176,69314.0,-0.2899999999999636
49805.0,171,5130.0,22.8,1.1809254539644118,171,70051.0,0.0333312278777788,171,70051.0,-7.3700000000000045
49810.0,167,4994.0,22.394618834080717,1.2193831073783226,167,70659.0,0.035994337622470625,167,70659.0,-6.080000000000041
49815.0,167,5065.0,22.511111111111113,1.3252385500770327,167,71286.0,0.039800818856430366,167,71286.0,-6.269999999999982
49820.0,167,5185.0,22.942477876106196,1.4228650694091933,167,71947.0,0.04081037319318694,167,71947.0,-6.610000000000014
49825.0,171,5365.0,23.738938053097346,1.3889831645631623,171,72365.0,0.03845101934689004,171,72365.0,-4.17999999999995
49830.0,171,5515.0,24.84234234234234,1.3282831223898461,171,72378.0,0.04084080420506301,171,72378.0,-0.12999999999999545
49835.0,170,5666.0,25.52252252252252,1.3806764587447833,170,72391.0,0.039513127498442206,170,72391.0,-0.12999999999999545
49840.0,167,5645.0,25.542986425339368,1.4403842398989934,167,72355.0,0.03716903100822289,167,72355.0,0.36000000000001364
49845.0,168,5676.0,25.56756756756757,1.4402366290335753,168,71438.0,0.03610932402111427,168,71438.0,9.169999999999959
49850.0,168,5710.0,25.605381165919283,1.5384555707075058,168,70543.0,0.04296742175122593,168,70543.0,8.950000000000045
49855.0,166,5706.0,25.7027027027027,1.4068959726376336,166,71254.0,0.03942422458047287,166,71254.0,-7.110000000000014
49860.0,167,5890.0,26.41255605381166,1.5036941287072456,167,71910.0,0.040074446566065014,167,71910.0,-6.560000000000059
49865.0,169,6088.0,27.178571428571427,1.544679379449811,169,72583.0,0.04266382668871624,169,72583.0,-6.730000000000018
49870.0,170,6310.0,28.169642857142858,1.4947732744951974,170,72967.0,0.039160809907965666,170,72967.0,-3.839999999999918
49875.0,171,6517.0,29.355855855855857,1.4083941721980975,171,72915.0,0.03793506412702363,171,72915.0,0.5199999999999818
49880.0,170,6726.0,30.43438914027149,1.5235145663478455,170,72870.0,0.04267787782556127,170,72870.0,0.4499999999999318
49885.0,166,6917.0,31.15765765765766,1.6505564168283076,166,72375.0,0.044015772291689785,166,72375.0,4.9500000000000455
49890.0,162,7114.0,32.48401826484018,1.8466631160296267,162,71870.0,0.057185666356577104,162,71870.0,5.0499999999999545
49895.0,163,7375.0,33.830275229357795,1.7844325128370524,163,71802.0,0.053780541562346816,163,71802.0,0.6800000000000637
49900.0,163,7640.0,35.2073732718894,1.8202326175613615,162,71331.0,0.058050284987851336,162,71331.0,4.710000000000036
49905.0,161,7625.0,34.817351598173516,1.8342093974729863,160,70798.0,0.054954450798207544,160,70798.0,5.329999999999927
49910.0,161,7702.0,35.00909090909091,1.8915206594088045,161,69787.0,0.05531418463977137,161,69787.0,10.110000000000014
49915.0,164,7792.0,35.41818181818182,1.9026812105411202,164,68788.0,0.056519905891495324,164,68788.0,9.990000000000009
49920.0,160,7872.0,35.78181818181818,2.0695466660720623,160,67000.0,0.05981695612960257,160,67000.0,17.879999999999995
49925.0,158,7774.0,35.6605504587156,1.996887711315957,158,67647.0,0.05872294219778894,158,67647.0,-6.470000000000027
49930.0,154,7552.0,34.80184331797235,2.02637500658552,154,68178.0,0.06404012429331284,154,68178.0,-5.309999999999945
49935.0,151,7373.0,33.821100917431195,2.230948925837118,151,68720.0,0.07168805935974104,151,68720.0,-5.420000000000073
49940.0,151,7434.0,34.416666666666664,2.267109269123458,151,69201.0,0.07235120094048025,151,69201.0,-4.809999999999945
49945.0,157,7629.0,35.31944444444444,2.172272060909196,157,69763.0,0.06978858407067523,157,69763.0,-5.6200000000000045
49950.0,160,7714.0,35.87906976744186,1.849869042041443,160,70093.0,0.05215877556832511,160,70093.0,-3.2999999999999545
49955.0,163,7731.0,35.95813953488372,1.63862861666957,163,69996.0,0.04082253147382986,163,69996.0,0.9699999999999136
49960.0,162,7752.0,35.888888888888886,1.88346774360808,162,69894.0,0.052544204507654506,162,69894.0,1.0199999999999818
49965.0,159,7715.0,35.883720930232556,1.7532998367365022,159,70596.0,0.04198993469489928,159,70596.0,-7.019999999999982
49970.0,157,7776.0,36.33644859813084,1.837955288347742,157,71285.0,0.046484436823452435,157,71285.0,-6.889999999999986
49975.0,162,8330.0,38.925233644859816,1.698016846762039,162,71937.0,0.04419416610187571,162,71937.0,-6.519999999999982
49980.0,169,8776.0,41.201877934272304,1.423702424056472,169,71892.0,0.03797675931380162,169,71892.0,0.4500000000000455
49985.0,171,9132.0,42.67289719626168,1.2948346459252988,171,71051.0,0.03399835056925491,171,71051.0,8.409999999999968
49990.0,169,9485.0,44.116279069767444,1.4407142582929595,169,70353.0,0.0398507994204262,169,70353.0,6.980000000000018
49995.0,168,9827.0,44.87214611872146,1.6027003329114786,168,69096.0,0.04307527139706658,168,69096.0,12.569999999999936
50000.0,167,10177.0,46.68348623853211,1.685734957019723,167,67838.0,0.0490077282562248,167,67838.0,12.580000000000041
50005.0,166,10579.0,48.305936073059364,1.7136368035867937,166,66575.0,0.05507030021173257,166,66575.0,12.629999999999995
