step,system_total_stopped,system_total_waiting_time,system_mean_waiting_time,system_mean_speed,J0_stopped,J0_stopped_cross_check,J0_accumulated_waiting_time,J0_average_speed,J0_average_speed_2,J0_average_speed_cross_check,agents_total_stopped,agents_total_accumulated_waiting_time,reward
5.0,0,0.0,0.0,3.2,0,0,0.0,0.16072049868559674,3.2,3.2,0,0.0,3.2
10.0,0,0.0,0.0,7.199999999999999,0,0,0.0,0.36162112204259267,7.199999999999999,7.199999999999999,0,0.0,7.199999999999999
15.0,0,0.0,0.0,7.085714285714287,0,0,0.0,0.35573712709044303,7.085714285714287,7.085714285714287,0,0.0,7.085714285714287
20.0,0,0.0,0.0,11.085714285714287,0,0,0.0,0.5562778075925647,11.085714285714289,11.085714285714287,0,0.0,11.085714285714289
25.0,3,0.0,0.0,10.323088312805302,3,3,0.0,0.5156969311924255,10.323088312805302,10.323088312805302,3,0.0,10.323088312805302
30.0,0,0.0,0.0,13.325050350723648,0,0,0.0,0.6723212146934068,13.325050350723648,13.325050350723648,0,0.0,13.325050350723648
35.0,0,0.0,0.0,14.611492028433767,0,0,0.0,0.7483040906638923,14.61149202843377,14.611492028433767,0,0.0,14.61149202843377
40.0,2,4.0,0.3076923076923077,8.737680987869625,2,2,4.0,0.47277234432192133,8.977677833150814,8.737680987869625,2,4.0,8.977677833150814
45.0,3,19.0,1.4615384615384615,10.362047497020429,3,3,19.0,0.5567981237556304,10.600682977334051,10.362047497020429,3,19.0,10.600682977334051
50.0,2,22.0,1.375,6.964975513666403,2,2,22.0,0.3730426926027878,6.9672276061003915,6.964975513666403,2,22.0,6.9672276061003915
55.0,4,42.0,2.625,8.400931146182847,4,4,35.0,0.44341127302822364,8.157357738585812,8.400931146182847,4,35.0,8.157357738585812
60.0,4,62.0,3.875,9.888079841811034,4,4,62.0,0.524509964741688,9.743649680589211,9.888079841811034,4,62.0,9.743649680589211
65.0,6,62.0,3.1,7.238837466288421,6,6,62.0,0.3458823851199136,7.003232316601883,7.238837466288421,6,62.0,7.003232316601883
70.0,6,92.0,4.6,8.72404938162735,6,6,72.0,0.42025793767678055,8.170004367378958,8.72404938162735,6,72.0,8.170004367378958
75.0,9,126.0,5.478260869565218,6.563084715602876,9,9,126.0,0.30095772964585044,5.768001753588074,6.563084715602876,9,126.0,5.768001753588074
80.0,9,171.0,7.434782608695652,8.054190711327575,9,9,171.0,0.38004660985070393,7.372393314391026,8.054190711327575,9,171.0,7.372393314391026
85.0,11,216.0,8.64,6.281328635516518,11,11,216.0,0.2885676464002123,5.3249246743656755,6.281328635516518,11,216.0,5.3249246743656755
90.0,9,229.0,9.16,6.68280852383638,9,9,229.0,0.338854211362391,6.262616553800671,6.68280852383638,9,229.0,6.262616553800671
95.0,9,274.0,10.96,6.997370451081142,9,9,253.0,0.37096200632591236,6.522809324330153,6.997370451081142,9,253.0,6.522809324330153
100.0,12,326.0,11.642857142857142,5.912731537113747,12,12,326.0,0.30214033523730416,5.171050732212055,5.912731537113747,12,326.0,5.171050732212055
105.0,9,258.0,9.555555555555555,6.428996125937,9,9,258.0,0.32213498760104203,5.940972391552462,6.428996125937,9,258.0,5.940972391552462
110.0,7,266.0,9.172413793103448,6.635940638179087,7,7,216.0,0.3351201361998606,6.090086795167524,6.635940638179087,7,216.0,6.090086795167524
115.0,9,306.0,10.551724137931034,7.232313044320079,9,9,306.0,0.3578134099120105,6.657269310085257,7.232313044320079,9,306.0,6.657269310085257
120.0,9,351.0,12.10344827586207,7.164579848368265,9,9,351.0,0.33638504925278867,6.445627933461208,7.164579848368265,9,351.0,6.445627933461208
125.0,10,376.0,11.393939393939394,6.404014684101028,10,10,376.0,0.2637154088093687,5.108407426282145,6.404014684101028,10,376.0,5.108407426282145
130.0,10,426.0,13.3125,7.429431691050972,10,10,404.0,0.33266651579219597,6.362890490987252,7.429431691050972,10,404.0,6.362890490987252
135.0,13,481.0,13.742857142857142,6.428579956358164,13,13,481.0,0.24628953007499668,4.822873786973322,6.428579956358164,13,481.0,4.822873786973322
140.0,13,546.0,15.6,7.4627246558134015,13,13,546.0,0.30266051448352255,6.002235146604461,7.4627246558134015,13,546.0,6.002235146604461
145.0,14,328.0,8.631578947368421,6.296482378479744,14,14,328.0,0.22132493188375335,4.413310634187093,6.296482378479744,14,328.0,4.413310634187093
150.0,8,129.0,3.4864864864864864,7.485232819351493,8,8,27.0,0.31863115122333613,6.215921697597994,7.485232819351493,8,27.0,6.215921697597994
155.0,6,135.0,3.857142857142857,8.065767985550515,6,6,135.0,0.3780736200838315,7.06681704749656,8.065767985550515,6,135.0,7.06681704749656
160.0,8,68.0,1.837837837837838,6.928273812316676,8,8,68.0,0.29095286327392866,5.650939864145646,6.928273812316676,8,68.0,5.650939864145646
165.0,10,95.0,2.7142857142857144,7.4074607179145815,10,10,53.0,0.31471720040686746,6.005230202784711,7.4074607179145815,10,53.0,6.005230202784711
170.0,12,148.0,4.228571428571429,6.6862864324360585,12,12,148.0,0.27652367693275787,4.94786412321234,6.6862864324360585,12,148.0,4.94786412321234
175.0,10,123.0,3.727272727272727,6.756784950547381,10,10,123.0,0.29816224703482463,5.552563433939423,6.756784950547381,10,123.0,5.552563433939423
180.0,9,162.0,5.0625,7.113729597317126,9,9,126.0,0.3217618815920935,5.8652054051969325,7.113729597317126,9,126.0,5.8652054051969325
185.0,11,213.0,5.916666666666667,6.838012369001267,11,11,213.0,0.2987141690166742,5.338891865961404,6.838012369001267,11,213.0,5.338891865961404
190.0,11,268.0,7.444444444444445,7.505078138009302,11,11,268.0,0.3281634737931914,6.033923432617001,7.505078138009302,11,268.0,6.033923432617001
195.0,12,326.0,8.35897435897436,7.0056797472648515,12,12,326.0,0.2775063440387745,5.008043199105413,7.0056797472648515,12,326.0,5.008043199105413
200.0,13,390.0,10.263157894736842,7.557271785033008,13,13,390.0,0.31559449188158584,5.749960432298466,7.557271785033008,13,390.0,5.749960432298466
205.0,17,457.0,11.425,6.937342778418028,17,17,457.0,0.29221582354707015,5.041467615950728,6.937342778418028,17,457.0,5.041467615950728
210.0,13,478.0,12.578947368421053,6.9693858998735045,13,13,478.0,0.3105792524016076,5.450469715103339,6.9693858998735045,13,478.0,5.450469715103339
215.0,14,548.0,14.81081081081081,7.20712161894248,14,14,504.0,0.31782990378204584,5.568947926104012,7.20712161894248,14,504.0,5.568947926104012
220.0,15,622.0,15.55,6.1043407741300015,15,15,622.0,0.23234531591047158,4.001900224724261,6.1043407741300015,15,622.0,4.001900224724261
225.0,16,702.0,18.972972972972972,6.254297211288637,16,16,702.0,0.2604189000580456,4.689424672272997,6.254297211288637,16,702.0,4.689424672272997
230.0,17,784.0,22.4,5.287444551483493,17,17,784.0,0.19607740379321595,3.5180918304064166,5.287444551483493,17,784.0,3.5180918304064166
235.0,18,874.0,25.705882352941178,5.252102999008801,18,18,874.0,0.24315095750297094,4.279164801241038,5.252102999008801,18,874.0,4.279164801241038
240.0,16,797.0,24.151515151515152,4.915227370501714,16,16,797.0,0.21307838733012166,3.9220472541154474,4.915227370501714,16,797.0,3.9220472541154474
245.0,14,804.0,22.333333333333332,5.054968653051091,14,14,741.0,0.23667844620508813,4.242484585055512,5.054968653051091,14,741.0,4.242484585055512
250.0,14,874.0,24.27777777777778,6.088368621867165,14,14,874.0,0.29900925341462564,5.304423968027509,6.088368621867165,14,874.0,5.304423968027509
255.0,17,942.0,24.789473684210527,4.83694135727034,17,17,942.0,0.2169061964548479,3.8995581556567074,4.83694135727034,17,942.0,3.8995581556567074
260.0,17,1027.0,27.026315789473685,5.766924166657643,17,17,1020.0,0.2406036843222218,4.575387775555744,5.766924166657643,17,1020.0,4.575387775555744
265.0,21,1115.0,27.195121951219512,5.924577138142771,21,21,1115.0,0.2494644169369678,4.804570733743294,5.924577138142771,21,1115.0,4.804570733743294
270.0,16,1156.0,28.195121951219512,5.908739624847059,16,16,1156.0,0.21581700428774975,4.567817970842281,5.908739624847059,16,1156.0,4.567817970842281
275.0,17,1238.0,30.195121951219512,6.275927198078049,17,17,1225.0,0.24774846033901957,4.902727298292074,6.275927198078049,17,1225.0,4.902727298292074
280.0,19,1328.0,31.61904761904762,5.6748025377539895,19,19,1328.0,0.21841818690284576,4.16067245832003,5.6748025377539895,19,1328.0,4.16067245832003
285.0,17,1398.0,34.09756097560975,5.670147740084924,17,17,1398.0,0.2061768549184193,4.171028267693352,5.670147740084924,17,1398.0,4.171028267693352
290.0,18,1488.0,35.42857142857143,5.603295848141814,18,18,1476.0,0.1997451661013446,3.9409507537214497,5.603295848141814,18,1476.0,3.9409507537214497
295.0,19,1582.0,37.666666666666664,5.696489353272462,19,19,1582.0,0.20820194548498908,4.025752343348215,5.696489353272462,19,1582.0,4.025752343348215
300.0,17,1255.0,29.88095238095238,5.6966890035491415,17,17,1255.0,0.19674633787646828,3.8571707839545,5.6966890035491415,17,1255.0,3.8571707839545
305.0,14,652.0,14.818181818181818,5.807857130634656,14,14,514.0,0.22815991101036523,4.244841936283775,5.807857130634656,14,514.0,4.244841936283775
310.0,10,251.0,5.837209302325581,6.851646767350254,10,10,251.0,0.30679043370839565,5.5411062300713985,6.851646767350254,10,251.0,5.5411062300713985
315.0,7,63.0,1.4651162790697674,6.224048546385106,7,7,63.0,0.2653263961690366,5.035854650472909,6.224048546385106,7,63.0,5.035854650472909
320.0,11,102.0,2.372093023255814,6.719529235601304,11,11,83.0,0.2889895620717984,5.493643712058191,6.719529235601304,11,83.0,5.493643712058191
325.0,19,172.0,3.739130434782609,6.281151675634924,19,19,172.0,0.2382376963608237,4.400454330774747,6.281151675634924,19,172.0,4.400454330774747
330.0,19,263.0,5.9772727272727275,5.912226818933724,19,19,263.0,0.24318772780304163,4.463743993700151,5.912226818933724,19,263.0,4.463743993700151
335.0,20,360.0,8.372093023255815,5.911424412965922,20,20,360.0,0.2275774905311124,4.215368894492794,5.911424412965922,20,360.0,4.215368894492794
340.0,18,382.0,8.681818181818182,5.239828463466179,18,18,382.0,0.1905882909068776,3.5222183548163173,5.239828463466179,18,382.0,3.5222183548163173
345.0,15,341.0,7.75,5.80712758456398,15,15,318.0,0.23578060105246207,4.231600685786044,5.80712758456398,15,318.0,4.231600685786044
350.0,11,281.0,6.386363636363637,5.732404551208581,11,11,281.0,0.25212539503492426,4.433689224993285,5.732404551208581,11,281.0,4.433689224993285
355.0,10,140.0,3.255813953488372,5.974133804682933,9,10,139.0,0.2601264710628485,4.844752737524886,5.974133804682933,9,139.0,4.844752737524886
360.0,13,171.0,3.9767441860465116,5.99651530177847,13,13,123.0,0.2384508754994029,4.362698870744439,5.99651530177847,13,123.0,4.362698870744439
365.0,17,244.0,5.191489361702128,5.715249147591992,17,17,244.0,0.22512331481581987,4.08796882518025,5.715249147591992,17,244.0,4.08796882518025
370.0,19,218.0,4.844444444444444,5.626019143991539,19,19,218.0,0.23059915003562423,4.303831583474226,5.626019143991539,19,218.0,4.303831583474226
375.0,22,319.0,7.25,4.660276876977473,22,22,232.0,0.1754905594959653,3.2490118509858124,4.660276876977473,22,232.0,3.2490118509858124
380.0,22,429.0,10.214285714285714,5.104697182281845,22,22,429.0,0.20293322464131439,3.7976166391886594,5.104697182281845,22,429.0,3.7976166391886594
385.0,23,447.0,9.933333333333334,4.982336800369343,23,23,447.0,0.19416230625656236,3.7225756813682542,4.982336800369343,23,447.0,3.7225756813682542
390.0,17,388.0,8.622222222222222,5.849833098188358,17,17,360.0,0.2351022974223704,4.516766101088461,5.849833098188358,17,360.0,4.516766101088461
395.0,13,310.0,6.888888888888889,6.375868810289926,13,13,310.0,0.2682342236332813,4.990932128719522,6.375868810289926,13,310.0,4.990932128719522
400.0,13,234.0,4.875,6.028722804258725,12,13,233.0,0.23775349434015453,4.569596924585017,6.028722804258725,12,233.0,4.569596924585017
405.0,17,262.0,5.822222222222222,5.715145253103332,17,17,233.0,0.20262606416576853,3.935363616815786,5.715145253103332,17,233.0,3.935363616815786
410.0,20,350.0,7.777777777777778,5.165715101092796,20,20,350.0,0.19294736813062394,3.479368834933466,5.165715101092796,20,350.0,3.479368834933466
415.0,21,409.0,9.295454545454545,4.956006064530244,21,21,409.0,0.20226339519215056,3.665797395042359,4.956006064530244,21,409.0,3.665797395042359
420.0,17,426.0,9.906976744186046,4.955894196535359,17,17,413.0,0.1937502088463048,3.425549983193647,4.955894196535359,17,413.0,3.425549983193647
425.0,14,439.0,9.340425531914894,5.7725459203393665,14,14,439.0,0.24929332490582026,4.354682555993338,5.7725459203393665,14,439.0,4.354682555993338
430.0,15,462.0,10.266666666666667,5.893802303215856,14,15,461.0,0.26620649735977325,4.773898065964441,5.893802303215856,14,461.0,4.773898065964441
435.0,20,517.0,10.770833333333334,5.239904205614812,20,20,503.0,0.17786513418739747,3.28947831060684,5.239904205614812,20,503.0,3.28947831060684
440.0,19,609.0,12.6875,6.292210335899388,19,19,609.0,0.25165910094583477,4.552386126420844,6.292210335899388,19,609.0,4.552386126420844
445.0,23,705.0,14.1,5.757565279490222,23,23,705.0,0.21963996561076343,3.979999723309505,5.757565279490222,23,705.0,3.979999723309505
450.0,21,810.0,16.875,6.136634421477331,21,21,810.0,0.24399236343667977,4.447776418563281,6.136634421477331,21,810.0,4.447776418563281
455.0,21,915.0,19.891304347826086,5.828424736311377,21,21,915.0,0.2182251098374559,3.999380490250366,5.828424736311377,21,915.0,3.999380490250366
460.0,24,1032.0,21.06122448979592,5.33613234955479,24,24,1032.0,0.16314447834167278,3.111156162073258,5.33613234955479,24,1032.0,3.111156162073258
465.0,21,1041.0,22.630434782608695,5.191440871175966,21,21,1041.0,0.18273459587090768,3.524268709144487,5.191440871175966,21,1041.0,3.524268709144487
470.0,18,962.0,20.91304347826087,4.8537472968203925,18,18,929.0,0.18446101588044342,3.456650452605593,4.8537472968203925,18,929.0,3.456650452605593
475.0,15,957.0,20.804347826086957,6.115915632478586,15,15,957.0,0.2738679786829515,4.9041501733531065,6.115915632478586,15,957.0,4.9041501733531065
480.0,17,935.0,21.25,5.276449042232596,17,17,935.0,0.21621373009787945,3.867641980415261,5.276449042232596,17,935.0,3.867641980415261
485.0,23,1039.0,22.106382978723403,4.942648115634693,23,23,962.0,0.19532942596993497,3.4373898771100144,4.942648115634693,23,962.0,3.4373898771100144
490.0,23,1154.0,24.5531914893617,5.111213375310997,23,23,1154.0,0.20365997210117937,3.549466885111256,5.111213375310997,23,1154.0,3.549466885111256
495.0,23,1239.0,24.78,4.7445651671586635,23,23,1239.0,0.16294954591319402,2.865444988520824,4.7445651671586635,23,1239.0,2.865444988520824
500.0,23,1354.0,27.632653061224488,5.556126397320953,23,23,1335.0,0.22475193712732192,3.9397307028065396,5.556126397320953,23,1335.0,3.9397307028065396
505.0,27,1470.0,28.26923076923077,5.29792304361547,27,27,1470.0,0.2047347997496483,3.6871596940815623,5.29792304361547,27,1470.0,3.6871596940815623
510.0,23,1123.0,22.918367346938776,5.399270643985152,23,23,1123.0,0.19987464513325612,3.823613509887228,5.399270643985152,23,1123.0,3.823613509887228
515.0,19,649.0,13.808510638297872,5.3884364900696315,19,19,485.0,0.20536818232656284,3.6531956966617654,5.3884364900696315,19,485.0,3.6531956966617654
520.0,16,430.0,8.775510204081632,5.844858079075653,16,16,430.0,0.24500788221945918,4.3484896239417505,5.844858079075653,16,430.0,4.3484896239417505
525.0,15,430.0,9.347826086956522,5.704353623412943,15,15,430.0,0.2483582850295186,4.458933603735019,5.704353623412943,15,430.0,4.458933603735019
530.0,21,523.0,10.895833333333334,4.868230365106759,21,21,511.0,0.1904279515825606,3.403265036041672,4.868230365106759,21,511.0,3.403265036041672
535.0,25,642.0,14.266666666666667,4.737634114919388,25,25,642.0,0.191669237160688,3.5067871849496233,4.737634114919388,25,642.0,3.5067871849496233
540.0,24,719.0,15.977777777777778,4.5776401801321915,24,24,719.0,0.1657930623493091,3.1194707557397483,4.5776401801321915,24,719.0,3.1194707557397483
545.0,20,750.0,15.306122448979592,5.065547345060228,20,20,737.0,0.19493251311620124,3.67514149363949,5.065547345060228,20,737.0,3.67514149363949
550.0,15,765.0,15.9375,5.610928852998879,15,15,765.0,0.2395395500064209,4.279378374851202,5.610928852998879,15,765.0,4.279378374851202
555.0,17,846.0,17.26530612244898,5.6069516236047585,17,17,846.0,0.2601043427977896,4.441872132024171,5.6069516236047585,17,846.0,4.441872132024171
560.0,19,899.0,18.346938775510203,5.904203185576183,19,19,899.0,0.25685563208068585,4.6350470343529535,5.904203185576183,19,899.0,4.6350470343529535
565.0,26,1008.0,19.384615384615383,5.110265897352584,26,26,975.0,0.18403275368011665,3.3022064675686322,5.110265897352584,26,975.0,3.3022064675686322
570.0,25,1131.0,21.75,5.536946583143342,25,25,1131.0,0.20176972787166034,3.7201604050431576,5.536946583143342,25,1131.0,3.7201604050431576
575.0,26,1257.0,25.14,5.348282326152742,26,26,1257.0,0.17498563748849308,3.3093322288015585,5.348282326152742,26,1257.0,3.3093322288015585
580.0,28,1393.0,26.78846153846154,4.880721318470392,28,28,1393.0,0.1595697480280006,2.912762032220874,4.880721318470392,28,1393.0,2.912762032220874
585.0,25,1442.0,28.84,4.844955878578469,25,25,1442.0,0.16773922205780864,3.0877503849180705,4.844955878578469,25,1442.0,3.0877503849180705
590.0,26,1562.0,31.24,4.4364669037535,26,26,1526.0,0.15696724707902898,2.8502403808145025,4.4364669037535,26,1526.0,2.8502403808145025
595.0,26,1692.0,35.25,4.659304184889241,26,26,1692.0,0.18772882282677927,3.3148464700446696,4.659304184889241,26,1692.0,3.3148464700446696
600.0,27,1826.0,38.851063829787236,4.484170237207266,27,27,1826.0,0.1715529127889133,3.073208048610778,4.484170237207266,27,1826.0,3.073208048610778
605.0,28,1966.0,39.32,4.401409401413979,28,28,1966.0,0.1453886030768934,2.7477680939764157,4.401409401413979,28,1966.0,2.7477680939764157
610.0,29,2108.0,43.916666666666664,4.210561248352504,29,29,2108.0,0.1457668422404257,2.7128140188660312,4.210561248352504,29,2108.0,2.7128140188660312
615.0,30,2257.0,44.254901960784316,4.30491396249968,30,30,2257.0,0.14085393009153174,2.6526374121782483,4.30491396249968,30,2257.0,2.6526374121782483
620.0,30,2407.0,49.12244897959184,4.20028473310851,30,30,2407.0,0.17057540289426518,3.071850524537872,4.20028473310851,30,2407.0,3.071850524537872
625.0,35,2564.0,50.27450980392157,3.917574968675273,35,35,2564.0,0.1301730434737674,2.4372423490148485,3.917574968675273,35,2564.0,2.4372423490148485
630.0,32,2724.0,53.411764705882355,4.09623106912101,32,32,2724.0,0.1647236819195449,2.981002657071886,4.09623106912101,32,2724.0,2.981002657071886
635.0,33,2888.0,57.76,3.9148093746874286,33,33,2888.0,0.14687098114916125,2.7463931056523396,3.9148093746874286,33,2888.0,2.7463931056523396
640.0,35,3060.0,57.735849056603776,3.435522163963011,35,35,3060.0,0.12410010909950056,2.2513893682243107,3.435522163963011,35,3060.0,2.2513893682243107
645.0,36,3237.0,62.25,3.375275467180768,36,36,3237.0,0.1154023703693973,2.1784438974696565,3.375275467180768,36,3237.0,2.1784438974696565
650.0,34,3144.0,61.64705882352941,3.115146402157084,34,34,3144.0,0.11949466938236653,2.3108118448668953,3.115146402157084,34,3144.0,2.3108118448668953
655.0,30,2867.0,57.34,3.0118197957168666,30,30,2779.0,0.13740460215809885,2.4863423891397374,3.0118197957168666,30,2779.0,2.4863423891397374
660.0,27,2781.0,55.62,3.7493878403862904,27,27,2781.0,0.17953528119591095,3.1234256029755336,3.7493878403862904,27,2781.0,3.1234256029755336
665.0,26,2857.0,52.907407407407405,3.745617300611051,26,26,2857.0,0.16400495199887966,3.0536459713176813,3.745617300611051,26,2857.0,3.0536459713176813
670.0,32,3006.0,55.666666666666664,3.668317911979807,32,32,2984.0,0.14296434272416647,2.7330230995769926,3.668317911979807,32,2984.0,2.7330230995769926
675.0,35,3178.0,57.78181818181818,3.5084561017192635,35,35,3178.0,0.1499214711397586,2.745665397627819,3.5084561017192635,35,3178.0,2.745665397627819
680.0,33,3304.0,60.07272727272727,3.843148420776519,33,33,3304.0,0.14857781762741593,2.9429543504095736,3.843148420776519,33,3304.0,2.9429543504095736
685.0,31,3379.0,58.258620689655174,4.015107991988598,31,31,3366.0,0.1530085812954408,2.8752372843995784,4.015107991988598,31,3366.0,2.8752372843995784
690.0,26,3466.0,59.758620689655174,4.646267326288065,26,26,3466.0,0.19590392648576807,3.524122015480535,4.646267326288065,26,3466.0,3.524122015480535
695.0,29,3598.0,63.12280701754386,4.56436835715576,29,29,3598.0,0.17729474288413288,3.3871389866867756,4.56436835715576,29,3598.0,3.3871389866867756
700.0,35,3760.0,62.666666666666664,3.948771163299757,35,35,3756.0,0.13138236896497849,2.424718750382593,3.948771163299757,35,3756.0,2.424718750382593
705.0,36,3939.0,65.65,4.07970455445908,36,36,3939.0,0.13152256144331276,2.4355829072160033,4.07970455445908,36,3939.0,2.4355829072160033
710.0,34,3426.0,55.25806451612903,3.8621088191158024,34,34,3426.0,0.10560860863274546,1.9388993355345732,3.8621088191158024,34,3426.0,1.9388993355345732
715.0,31,2438.0,39.32258064516129,4.284079418175109,31,31,2210.0,0.141433681275802,2.4734272056650313,4.284079418175109,31,2210.0,2.4734272056650313
720.0,26,1568.0,25.704918032786885,4.86137993410715,26,26,1568.0,0.18676741904885097,3.2539430679785193,4.86137993410715,26,1568.0,3.2539430679785193
725.0,24,937.0,14.415384615384616,4.627349632762148,24,24,937.0,0.15988030941437897,2.847638741341607,4.627349632762148,24,937.0,2.847638741341607
730.0,25,584.0,9.898305084745763,4.832858043943727,25,25,574.0,0.18395390863565744,3.3541484887960284,4.832858043943727,25,574.0,3.3541484887960284
735.0,26,498.0,8.163934426229508,4.597277728391101,26,26,498.0,0.16719928256257166,3.0708499296353717,4.597277728391101,26,498.0,3.0708499296353717
740.0,30,628.0,10.466666666666667,4.508749451715888,30,30,628.0,0.16903223237821682,3.087042513255153,4.508749451715888,30,628.0,3.087042513255153
745.0,38,796.0,13.491525423728813,3.983868635523289,38,38,796.0,0.13981775110681838,2.593344755407361,3.983868635523289,38,796.0,2.593344755407361
750.0,37,933.0,16.086206896551722,3.628515903940813,37,37,933.0,0.12999238887832942,2.4412024598151336,3.628515903940813,37,933.0,2.4412024598151336
755.0,39,1127.0,19.771929824561404,3.4127559325024,39,39,1080.0,0.12476505086732013,2.337056434525513,3.4127559325024,39,1080.0,2.337056434525513
760.0,41,1330.0,22.166666666666668,3.070880524685744,41,41,1330.0,0.11231644264455726,2.004649845535359,3.070880524685744,41,1330.0,2.004649845535359
765.0,40,1517.0,25.283333333333335,3.2551732447531148,40,40,1517.0,0.11289707785271907,2.06638781831171,3.2551732447531148,40,1517.0,2.06638781831171
770.0,41,1721.0,28.683333333333334,2.891412011859882,41,41,1712.0,0.10973168897888383,1.9923181341787608,2.891412011859882,41,1712.0,1.9923181341787608
775.0,42,1928.0,32.13333333333333,3.062650025944878,42,42,1928.0,0.11313651435149145,2.0620070982820526,3.062650025944878,42,1928.0,2.0620070982820526
780.0,43,2140.0,36.271186440677965,3.083091008150311,43,43,2140.0,0.11011630137294613,2.0829491719542506,3.083091008150311,43,2140.0,2.0829491719542506
785.0,43,2355.0,38.60655737704918,2.7814600128603457,43,43,2355.0,0.10257868668638148,1.8713563100989963,2.7814600128603457,43,2355.0,1.8713563100989963
790.0,44,2575.0,42.21311475409836,2.8742554054497376,44,44,2575.0,0.10338688287095811,1.9435275616597083,2.8742554054497376,44,2575.0,1.9435275616597083
795.0,45,2800.0,45.16129032258065,2.9117336168389993,45,45,2800.0,0.1061707159761066,1.9841003668613453,2.9117336168389993,45,2800.0,1.9841003668613453
800.0,46,3029.0,48.854838709677416,2.788168096946413,46,46,3029.0,0.10252005991586134,1.9931096849485923,2.788168096946413,46,3029.0,1.9931096849485923
805.0,47,2927.0,45.734375,2.5730585497160745,47,47,2927.0,0.09244723506013397,1.8232533217207374,2.5730585497160745,47,2927.0,1.8232533217207374
810.0,41,2588.0,40.4375,2.9516019800823012,41,41,2480.0,0.1173471267537765,2.194506348437293,2.9516019800823012,41,2480.0,2.194506348437293
815.0,37,2378.0,37.74603174603175,3.525138219076345,37,37,2378.0,0.15532362711565537,2.816118017023969,3.525138219076345,37,2378.0,2.816118017023969
820.0,34,2129.0,32.25757575757576,3.2978939306981667,34,34,2129.0,0.1353817415041272,2.4611337737739962,3.2978939306981667,34,2129.0,2.4611337737739962
825.0,36,1829.0,27.71212121212121,3.5583492344333276,36,36,1736.0,0.12799752315451257,2.480082821347779,3.5583492344333276,36,1736.0,2.480082821347779
830.0,38,1530.0,22.83582089552239,2.950749685166127,38,38,1530.0,0.10322260136942533,1.9007080050442176,2.950749685166127,38,1530.0,1.9007080050442176
835.0,37,1225.0,18.846153846153847,3.069581867042603,37,37,1225.0,0.11396419625908674,2.1385788451450662,3.069581867042603,37,1225.0,2.1385788451450662
840.0,38,931.0,14.323076923076924,3.1196448339599074,38,38,922.0,0.10768777098638951,2.065360421694528,3.1196448339599074,38,922.0,2.065360421694528
845.0,40,686.0,9.942028985507246,3.073671905114268,40,40,686.0,0.1018035833598558,1.965911857412941,3.073671905114268,40,686.0,1.965911857412941
850.0,38,589.0,8.661764705882353,3.1458283643271687,38,38,589.0,0.10175787695458048,2.0325180833140695,3.1458283643271687,38,589.0,2.0325180833140695
855.0,40,763.0,10.746478873239436,3.178571546620443,40,40,724.0,0.10832546533444362,2.08618407673331,3.178571546620443,40,724.0,2.08618407673331
860.0,45,978.0,13.971428571428572,3.3887693188529604,45,45,978.0,0.12802807717705944,2.3231647372714717,3.3887693188529604,45,978.0,2.3231647372714717
865.0,52,1218.0,16.916666666666668,3.022921254617154,52,52,1218.0,0.10817195982562997,1.9308522803376287,3.022921254617154,52,1218.0,1.9308522803376287
870.0,51,1470.0,20.704225352112676,3.088230958919116,51,51,1470.0,0.0930986577290891,1.7370223736473018,3.088230958919116,51,1470.0,1.7370223736473018
875.0,52,1727.0,25.028985507246375,3.0402756990736512,52,52,1727.0,0.09737379119736239,1.8195340056248306,3.0402756990736512,52,1727.0,1.8195340056248306
880.0,51,1846.0,26.0,2.455195259220084,51,51,1846.0,0.06862724789492598,1.317902759031914,2.455195259220084,51,1846.0,1.317902759031914
885.0,48,1862.0,26.985507246376812,2.6114048753975787,48,48,1818.0,0.09278693907025252,1.7234826016678018,2.6114048753975787,48,1818.0,1.7234826016678018
890.0,43,1857.0,25.791666666666668,3.1206488853652257,43,43,1857.0,0.12819931229930553,2.2813282224697096,3.1206488853652257,43,1857.0,2.2813282224697096
895.0,40,1792.0,24.88888888888889,3.152941879421596,40,40,1792.0,0.11194563858160943,2.1325364538990885,3.152941879421596,40,1792.0,2.1325364538990885
900.0,42,1767.0,25.242857142857144,2.991471194314016,42,42,1743.0,0.10775254600055816,2.037063681324796,2.991471194314016,42,1743.0,2.037063681324796
905.0,42,1744.0,23.89041095890411,3.13479344641014,42,42,1743.0,0.1134869359172336,2.099255323345944,3.13479344641014,42,1743.0,2.099255323345944
910.0,43,1730.0,24.02777777777778,3.343962131623006,43,43,1730.0,0.1222420892018932,2.3119652991430226,3.343962131623006,43,1730.0,2.3119652991430226
915.0,43,1596.0,21.863013698630137,2.981309988068516,43,43,1596.0,0.10755214615374793,2.051169572405393,2.981309988068516,43,1596.0,2.051169572405393
920.0,44,1337.0,18.315068493150687,3.283501765846563,44,44,1244.0,0.11477073291563684,2.2002960641665115,3.283501765846563,44,1244.0,2.2002960641665115
925.0,46,1081.0,14.223684210526315,3.5305697897436943,46,46,1081.0,0.12903481399541195,2.410782874837009,3.5305697897436943,46,1081.0,2.410782874837009
930.0,41,892.0,11.736842105263158,3.5954244975197,41,41,892.0,0.12366227161070018,2.3752461099409525,3.5954244975197,41,892.0,2.3752461099409525
935.0,42,979.0,13.053333333333333,3.876552836016505,42,42,968.0,0.13068142142891842,2.555495716223417,3.876552836016505,42,968.0,2.555495716223417
940.0,49,1207.0,15.675324675324676,3.2682051957137768,49,49,1207.0,0.09928598712409052,1.8479857359717629,3.2682051957137768,49,1207.0,1.8479857359717629
945.0,51,1416.0,18.88,3.0120711617864044,51,51,1416.0,0.07750450943117271,1.5297151844645924,3.0120711617864044,51,1416.0,1.5297151844645924
950.0,47,1586.0,20.5974025974026,3.0745864540481977,47,47,1573.0,0.08791802395635204,1.6236222017664261,3.0745864540481977,47,1573.0,1.6236222017664261
955.0,44,1741.0,22.907894736842106,3.522861267441663,44,44,1741.0,0.11959118909339797,2.157715395420455,3.522861267441663,44,1741.0,2.157715395420455
960.0,41,1681.0,22.413333333333334,3.4714767202438854,40,41,1680.0,0.11163916500036347,2.1079087577292666,3.4714767202438854,40,1680.0,2.1079087577292666
965.0,42,1535.0,19.430379746835442,3.3907995918229945,42,42,1472.0,0.1035497565780615,1.954536267125166,3.3907995918229945,42,1472.0,1.954536267125166
970.0,42,1410.0,18.8,3.41318483251563,42,42,1410.0,0.11918279396435859,2.234707896264859,3.41318483251563,42,1410.0,2.234707896264859
975.0,42,1242.0,15.923076923076923,3.086533661883362,42,42,1242.0,0.09798777403558367,1.8848562677818474,3.086533661883362,42,1242.0,1.8848562677818474
980.0,38,1032.0,13.23076923076923,3.6782040076492777,38,38,1019.0,0.1234714014548921,2.3996381134402487,3.6782040076492777,38,1019.0,2.3996381134402487
985.0,36,801.0,10.539473684210526,3.6379605287635512,36,36,801.0,0.13543140076627228,2.581562234882512,3.6379605287635512,36,801.0,2.581562234882512
990.0,32,506.0,6.746666666666667,3.6708053977947355,32,32,506.0,0.13650395259510908,2.7231052193864618,3.6708053977947355,32,506.0,2.7231052193864618
995.0,36,511.0,6.8133333333333335,3.7008399116147452,36,36,476.0,0.12646293946334444,2.5156618558404045,3.7008399116147452,36,476.0,2.5156618558404045
1000.0,45,711.0,9.115384615384615,3.4228974585607865,45,45,711.0,0.1026984340714484,1.9804227606822629,3.4228974585607865,45,711.0,1.9804227606822629
1005.0,50,951.0,12.192307692307692,3.3782697803008626,50,50,951.0,0.08687394069233013,1.7278971253088522,3.3782697803008626,50,951.0,1.7278971253088522
1010.0,50,999.0,12.333333333333334,3.15618974200157,50,50,999.0,0.06316941624292667,1.2023287019087807,3.15618974200157,50,999.0,1.2023287019087807
1015.0,52,1259.0,15.936708860759493,3.5032084370711547,52,52,1134.0,0.09617110964441929,1.7433033899973858,3.5032084370711547,52,1134.0,1.7433033899973858
1020.0,52,1519.0,20.253333333333334,3.1656428001072454,52,52,1519.0,0.09241005831027464,1.6647960172377112,3.1656428001072454,52,1519.0,1.6647960172377112
1025.0,53,1772.0,22.430379746835442,3.097378265309513,53,53,1772.0,0.07403017137270981,1.434392965360538,3.097378265309513,53,1772.0,1.434392965360538
1030.0,54,2038.0,26.467532467532468,3.169895638884353,54,54,2028.0,0.08868701370986326,1.6670140193582121,3.169895638884353,54,2028.0,1.6670140193582121
1035.0,55,2310.0,30.394736842105264,2.892052989118374,55,55,2310.0,0.0975434944514133,1.7385468624390619,2.892052989118374,55,2310.0,1.7385468624390619
1040.0,55,2585.0,34.01315789473684,2.8571646507992474,55,55,2585.0,0.08670066530376563,1.6178281650016844,2.8571646507992474,55,2585.0,1.6178281650016844
1045.0,57,2646.0,34.81578947368421,2.5647162598829083,57,57,2646.0,0.07908086027689183,1.498472123379284,2.5647162598829083,57,2646.0,1.498472123379284
1050.0,50,2548.0,33.526315789473685,2.95681922223572,50,50,2479.0,0.10341963681700748,1.8987698479287565,2.95681922223572,50,2479.0,1.8987698479287565
1055.0,46,2430.0,32.83783783783784,3.2295368797033666,46,46,2430.0,0.12790354049186917,2.2758660256978476,3.2295368797033666,46,2430.0,2.2758660256978476
1060.0,45,2289.0,30.11842105263158,2.90597624614538,45,45,2289.0,0.10144239943235206,1.8573285951268885,2.90597624614538,45,2289.0,1.8573285951268885
1065.0,45,2159.0,28.407894736842106,3.1905103496812357,45,45,2152.0,0.10455224342152218,1.9609504460608997,3.1905103496812357,45,2152.0,1.9609504460608997
1070.0,48,2037.0,26.454545454545453,3.0862030958938083,48,48,2037.0,0.10483331631614072,1.9874558790600636,3.0862030958938083,48,2037.0,1.9874558790600636
1075.0,44,1866.0,24.88,2.831693840174257,44,44,1866.0,0.0993374284179525,1.8989314995451554,2.831693840174257,44,1866.0,1.8989314995451554
1080.0,42,1667.0,22.226666666666667,3.15084792916908,42,42,1654.0,0.11001776425874621,2.096249499000083,3.15084792916908,42,1654.0,2.096249499000083
1085.0,38,1658.0,21.256410256410255,3.488745125342428,38,38,1658.0,0.13607641688273564,2.513787646838769,3.488745125342428,38,1658.0,2.513787646838769
1090.0,41,1761.0,22.87012987012987,3.4598130241379037,40,41,1760.0,0.13114215336698706,2.444639085166669,3.4598130241379037,40,1760.0,2.444639085166669
1095.0,45,1900.0,23.75,3.237231539318576,45,45,1890.0,0.10442554460306741,1.927315420548028,3.237231539318576,45,1890.0,1.927315420548028
1100.0,46,2055.0,25.6875,3.556362209591916,46,46,2055.0,0.12241496147985004,2.214855700443465,3.556362209591916,46,2055.0,2.214855700443465
1105.0,51,2216.0,27.7,3.0085366538402503,51,51,2216.0,0.10514165511615396,1.9161958253652147,3.0085366538402503,51,2216.0,1.9161958253652147
1110.0,45,2315.0,29.67948717948718,3.118479694593423,45,45,2315.0,0.11739231700942329,2.1865876430568236,3.118479694593423,45,2315.0,2.1865876430568236
1115.0,44,2412.0,30.923076923076923,3.5404260406808024,44,44,2394.0,0.13118637596825367,2.379574552770387,3.5404260406808024,44,2394.0,2.379574552770387
1120.0,46,2534.0,31.675,3.286492169362048,46,46,2534.0,0.11682357693566026,2.018734136246973,3.286492169362048,46,2534.0,2.018734136246973
1125.0,48,2665.0,33.734177215189874,3.262745700685884,47,48,2664.0,0.10746751294984636,1.9228844875353004,3.262745700685884,47,2664.0,1.9228844875353004
1130.0,47,2799.0,34.55555555555556,3.2269626911520244,47,47,2798.0,0.09995800500844276,1.834873316118616,3.2269626911520244,47,2798.0,1.834873316118616
1135.0,49,2940.0,37.21518987341772,3.038947572141259,49,49,2940.0,0.09151435245524242,1.6936001339401807,3.038947572141259,49,2940.0,1.6936001339401807
1140.0,46,3034.0,39.4025974025974,2.9378192875436637,46,46,3034.0,0.10514447366480746,1.8912809685423202,2.9378192875436637,46,3034.0,1.8912809685423202
1145.0,43,3104.0,38.32098765432099,3.09078137910621,43,43,3091.0,0.10978249545242572,1.9486517821963927,3.09078137910621,43,3091.0,1.9486517821963927
1150.0,44,3248.0,40.6,3.5798364227975723,44,44,3248.0,0.1407843996024065,2.4775910274962007,3.5798364227975723,44,3248.0,2.4775910274962007
1155.0,44,2898.0,35.77777777777778,3.257159876685238,44,44,2898.0,0.10882449949265831,2.0407814053243487,3.257159876685238,44,2898.0,2.0407814053243487
1160.0,42,2214.0,27.675,3.481598194296746,42,42,2051.0,0.1147016638830781,2.274849592963825,3.481598194296746,42,2051.0,2.274849592963825
1165.0,40,1509.0,18.180722891566266,3.85856579899931,40,40,1509.0,0.13781431986152057,2.6505474439750087,3.85856579899931,40,1509.0,2.6505474439750087
1170.0,35,889.0,10.841463414634147,3.878862625871796,35,35,889.0,0.13980629916903176,2.6431408911981613,3.878862625871796,35,889.0,2.6431408911981613
1175.0,38,630.0,7.875,4.044476737153664,38,38,608.0,0.14910917796388115,2.7288053460349673,4.044476737153664,38,608.0,2.7288053460349673
1180.0,44,681.0,8.407407407407407,3.55640600418056,44,44,681.0,0.12955090069711567,2.2536790041635606,3.55640600418056,44,681.0,2.2536790041635606
1185.0,49,832.0,10.271604938271604,3.519785889805335,49,49,832.0,0.10981508650424969,1.980094982631866,3.519785889805335,49,832.0,1.980094982631866
1190.0,49,927.0,11.168674698795181,3.2992479214257826,49,49,899.0,0.09128829996484755,1.6568309549038243,3.2992479214257826,49,899.0,1.6568309549038243
1195.0,48,1020.0,12.439024390243903,3.5216935311630366,48,48,1020.0,0.10622088767109832,1.9068856089918975,3.5216935311630366,48,1020.0,1.9068856089918975
1200.0,46,1093.0,13.6625,3.709034670463757,45,46,1092.0,0.11603782371091112,2.1739443845098583,3.709034670463757,45,1092.0,2.1739443845098583
1205.0,46,1169.0,14.25609756097561,3.3758885336648063,46,46,1165.0,0.09098312314582804,1.713248000802538,3.3758885336648063,46,1165.0,1.713248000802538
1210.0,47,1253.0,15.6625,3.5545778500072003,47,47,1253.0,0.11405334252871387,2.068020988470517,3.5545778500072003,47,1253.0,2.068020988470517
1215.0,47,1366.0,17.075,3.1402226648654925,47,47,1366.0,0.1131037539236336,1.99884382876736,3.1402226648654925,47,1366.0,1.99884382876736
1220.0,53,1619.0,20.49367088607595,3.123146624690318,53,53,1619.0,0.10391028009880073,1.9375845097667233,3.123146624690318,53,1619.0,1.9375845097667233
1225.0,60,1899.0,23.444444444444443,2.9928713762996146,60,60,1899.0,0.09134001472088026,1.6794964988787369,2.9928713762996146,60,1899.0,1.6794964988787369
1230.0,61,2197.0,27.123456790123456,2.6121397366882686,61,61,2197.0,0.07285469573393122,1.3648764746867024,2.6121397366882686,61,2197.0,1.3648764746867024
1235.0,58,2153.0,27.253164556962027,2.8232143929652715,58,58,2153.0,0.08763578125597106,1.6802131312765867,2.8232143929652715,58,2153.0,1.6802131312765867
1240.0,58,2443.0,30.924050632911392,2.13074020776863,58,58,2272.0,0.06995420364463564,1.2490603162613625,2.13074020776863,58,2272.0,1.2490603162613625
1245.0,61,2747.0,35.217948717948715,2.316927849259463,61,61,2747.0,0.08903910333921788,1.5297399822521136,2.316927849259463,61,2747.0,1.5297399822521136
1250.0,58,2806.0,35.075,2.0992450830265756,58,58,2806.0,0.0704358475064666,1.2197018264679949,2.0992450830265756,58,2806.0,1.2197018264679949
1255.0,56,2692.0,34.075949367088604,2.3690567450636677,56,56,2614.0,0.08300012781919,1.4067477265560033,2.3690567450636677,56,2614.0,1.4067477265560033
1260.0,51,2557.0,32.782051282051285,3.005413075960169,51,51,2557.0,0.12386691837306697,2.1126795145335464,3.005413075960169,51,2557.0,2.1126795145335464
1265.0,52,2407.0,29.353658536585368,2.6797103147595696,52,52,2407.0,0.09056429620672111,1.674214328446266,2.6797103147595696,52,2407.0,1.674214328446266
1270.0,52,2267.0,28.3375,2.868930947668301,52,52,2267.0,0.099768691085822,1.869551533971548,2.868930947668301,52,2267.0,1.869551533971548
1275.0,53,2205.0,26.890243902439025,2.4246677642892713,53,53,2205.0,0.0797947280776974,1.4886094742086393,2.4246677642892713,53,2205.0,1.4886094742086393
1280.0,53,2322.0,28.317073170731707,2.767853675648963,53,53,2322.0,0.09608929365767661,1.8411596007550364,2.767853675648963,53,2322.0,1.8411596007550364
1285.0,60,2590.0,30.470588235294116,2.6128610153204606,60,60,2555.0,0.09324854172063289,1.6994888386812192,2.6128610153204606,60,2555.0,1.6994888386812192
1290.0,63,2894.0,34.04705882352941,2.5147944951881507,63,63,2894.0,0.08376913708820184,1.4709540008039987,2.5147944951881507,63,2894.0,1.4709540008039987
1295.0,60,2918.0,35.1566265060241,2.6616596467263562,60,60,2918.0,0.08831899121155605,1.6396223979854188,2.6616596467263562,60,2918.0,1.6396223979854188
1300.0,56,2730.0,32.5,2.4431218679215263,56,56,2637.0,0.07833816857730413,1.4511702850655788,2.4431218679215263,56,2637.0,1.4511702850655788
1305.0,54,2532.0,30.142857142857142,3.021657399554447,54,54,2532.0,0.10401057284202489,1.9465674066327685,3.021657399554447,54,2532.0,1.9465674066327685
1310.0,49,2312.0,26.57471264367816,3.109575553958353,49,49,2312.0,0.09647344325053071,1.807935316010251,3.109575553958353,49,2312.0,1.807935316010251
1315.0,47,2080.0,24.761904761904763,3.705578980296278,47,47,2080.0,0.13638221092209615,2.5093759470634547,3.705578980296278,47,2080.0,2.5093759470634547
1320.0,42,1825.0,22.25609756097561,3.92591672884835,42,42,1825.0,0.147929679787007,2.7674243068931568,3.92591672884835,42,1825.0,2.7674243068931568
1325.0,42,1590.0,18.488372093023255,3.597840139962184,41,42,1589.0,0.13173143825107506,2.458059966349968,3.597840139962184,41,1589.0,2.458059966349968
1330.0,43,1655.0,19.24418604651163,3.9746860699488664,43,43,1655.0,0.1487090341789767,2.839601085963016,3.9746860699488664,43,1655.0,2.839601085963016
1335.0,49,1881.0,21.134831460674157,3.6677300510028323,49,49,1881.0,0.12283351996208919,2.3344530856772914,3.6677300510028323,49,1881.0,2.3344530856772914
1340.0,51,2092.0,24.04597701149425,3.7288410662762868,51,51,2092.0,0.12323407357988056,2.356613359066093,3.7288410662762868,51,2092.0,2.356613359066093
1345.0,53,2277.0,25.875,3.4902230237139147,53,53,2265.0,0.10650053119707777,1.9910983819262944,3.4902230237139147,53,2265.0,1.9910983819262944
1350.0,51,2467.0,28.35632183908046,3.5641482873723604,51,51,2467.0,0.11030118348037497,2.0197597917086134,3.5641482873723604,51,2467.0,2.0197597917086134
1355.0,47,2555.0,30.058823529411764,3.670992263133268,47,47,2555.0,0.11402879165006721,2.180330965779984,3.670992263133268,47,2555.0,2.180330965779984
1360.0,49,2684.0,31.576470588235296,3.145195400766885,48,49,2655.0,0.09569173833942872,1.750276895208618,3.145195400766885,48,2655.0,1.750276895208618
1365.0,49,2879.0,34.273809523809526,3.2748522617353135,49,49,2879.0,0.10219876784375674,1.9093554294396642,3.2748522617353135,49,2879.0,1.9093554294396642
1370.0,54,3139.0,36.92941176470588,3.138904774196477,54,54,3139.0,0.09243110251731236,1.7245092765014234,3.138904774196477,54,3139.0,1.7245092765014234
1375.0,58,3366.0,40.55421686746988,2.5898390470121777,58,58,3365.0,0.06831527413495075,1.2674841334851574,2.5898390470121777,58,3365.0,1.2674841334851574
1380.0,54,3546.0,43.77777777777778,2.889631802299791,54,54,3528.0,0.09167150832540155,1.668192155307666,2.889631802299791,54,3528.0,1.668192155307666
1385.0,51,3706.0,43.6,3.159599736938278,51,51,3706.0,0.10285897909589235,1.8191381804320197,3.159599736938278,51,3706.0,1.8191381804320197
1390.0,48,3815.0,45.416666666666664,3.4217281056376176,47,48,3814.0,0.1118793479286177,2.0678889216883785,3.4217281056376176,47,3814.0,2.0678889216883785
1395.0,48,3951.0,47.035714285714285,3.0633142399719766,48,48,3938.0,0.09399812490374415,1.8084573868023368,3.0633142399719766,48,3938.0,1.8084573868023368
1400.0,52,4192.0,49.904761904761905,3.3164974579054056,52,52,4192.0,0.11008383457361107,2.0552736699284053,3.3164974579054056,52,4192.0,2.0552736699284053
1405.0,60,4467.0,52.55294117647059,2.8087506061700602,60,60,4467.0,0.07993918682464385,1.4524066465448964,2.8087506061700602,60,4467.0,1.4524066465448964
1410.0,60,4766.0,56.07058823529412,2.9106120146074392,60,60,4766.0,0.08858326398677796,1.598710160246646,2.9106120146074392,60,4766.0,1.598710160246646
1415.0,59,4898.0,58.30952380952381,2.9819402308168304,59,59,4898.0,0.08435257437008124,1.5754630629741218,2.9819402308168304,59,4898.0,1.5754630629741218
1420.0,60,5196.0,61.129411764705885,2.6465994260997174,60,60,5086.0,0.07208159125138447,1.2946748100038985,2.6465994260997174,60,5086.0,1.2946748100038985
1425.0,62,5503.0,66.3012048192771,2.634127495123216,62,62,5503.0,0.08116920533560808,1.4262244333664051,2.634127495123216,62,5503.0,1.4262244333664051
1430.0,60,5689.0,66.92941176470588,2.3729253922493876,60,60,5689.0,0.0582290266599749,1.0659351609533507,2.3729253922493876,60,5689.0,1.0659351609533507
1435.0,56,5779.0,67.98823529411764,2.763571771464276,56,56,5741.0,0.08170211636146393,1.4235540101610766,2.763571771464276,56,5741.0,1.4235540101610766
1440.0,52,5849.0,69.63095238095238,3.196252414066751,52,52,5849.0,0.11010090082920813,1.90598059879854,3.196252414066751,52,5849.0,1.90598059879854
1445.0,52,5907.0,69.49411764705883,2.925650889882419,52,52,5907.0,0.09511399270475823,1.6991138423894345,2.925650889882419,52,5907.0,1.6991138423894345
1450.0,53,6016.0,72.48192771084338,2.9261006179803104,53,53,6016.0,0.0940100804955238,1.7144655745947799,2.9261006179803104,53,6016.0,1.7144655745947799
1455.0,59,6294.0,74.04705882352941,2.608160296094096,59,59,6294.0,0.08104004386342654,1.4779600060743656,2.608160296094096,59,6294.0,1.4779600060743656
1460.0,61,6516.0,78.50602409638554,2.4122422513082555,61,61,6516.0,0.07905921510722985,1.452422991973046,2.4122422513082555,61,6516.0,1.452422991973046
1465.0,66,6820.0,80.23529411764706,2.3361580660881263,66,66,6785.0,0.08258512459035122,1.4765566758002786,2.3361580660881263,66,6785.0,1.4765566758002786
1470.0,63,7135.0,83.94117647058823,2.557027240046974,63,63,7135.0,0.0921464630796035,1.5930332291864617,2.557027240046974,63,7135.0,1.5930332291864617
1475.0,65,7455.0,89.81927710843374,2.321867295413582,65,65,7455.0,0.0779803606469304,1.3540760012947637,2.321867295413582,65,7455.0,1.3540760012947637
1480.0,66,7781.0,92.63095238095238,2.1181772713396105,66,66,7781.0,0.05873345327019395,1.0310003704648163,2.1181772713396105,66,7781.0,1.0310003704648163
1485.0,67,8113.0,96.58333333333333,2.01143988865442,67,67,8113.0,0.058227208108700905,0.9984282183323099,2.01143988865442,67,8113.0,0.9984282183323099
1490.0,67,8441.0,98.15116279069767,1.967297889245891,67,67,8441.0,0.0633805076734081,1.0834534834464746,1.967297889245891,67,8441.0,1.0834534834464746
1495.0,67,8776.0,102.04651162790698,2.0215324275049387,67,67,8770.0,0.0685480565902011,1.1451257411141071,2.0215324275049387,67,8770.0,1.1451257411141071
1500.0,69,9119.0,108.55952380952381,1.905278360040972,69,69,9119.0,0.07274127098551003,1.198100057127697,1.905278360040972,69,9119.0,1.198100057127697
1505.0,69,9464.0,108.7816091954023,1.8615764642605168,69,69,9464.0,0.06467719864434125,1.0989096208903282,1.8615764642605168,69,9464.0,1.0989096208903282
1510.0,68,9613.0,110.49425287356321,1.973915772395593,68,68,9613.0,0.0662513190894359,1.156704448710804,1.973915772395593,68,9613.0,1.156704448710804
1515.0,63,9613.0,106.81111111111112,2.3714754539602083,63,63,9550.0,0.08314409589101178,1.518167711003809,2.3714754539602083,63,9550.0,1.518167711003809
1520.0,60,9593.0,107.78651685393258,2.603600359264715,60,60,9593.0,0.09550975479081811,1.7316800486648247,2.603600359264715,60,9593.0,1.7316800486648247
1525.0,62,9564.0,107.46067415730337,2.435388837348358,62,62,9564.0,0.08938736362988976,1.691283205162182,2.435388837348358,62,9564.0,1.691283205162182
1530.0,60,9597.0,109.05681818181819,2.372186489914753,60,60,9597.0,0.0810311739710124,1.5497242694679036,2.372186489914753,60,9597.0,1.5497242694679036
1535.0,64,9869.0,112.14772727272727,2.481964378886775,64,64,9869.0,0.0839274119512703,1.6222500078645248,2.481964378886775,64,9869.0,1.6222500078645248
1540.0,69,10204.0,112.13186813186813,2.104877695545181,69,69,10204.0,0.055889307529269225,1.132569527724484,2.104877695545181,69,10204.0,1.132569527724484
1545.0,72,10518.0,118.17977528089888,1.7483670752359135,72,72,10518.0,0.04457277726911252,0.9287371681307551,1.7483670752359135,72,10518.0,0.9287371681307551
1550.0,72,10878.0,118.23913043478261,1.9124600521398514,72,72,10855.0,0.056995295064833015,1.093369999176817,1.9124600521398514,72,10855.0,1.093369999176817
1555.0,72,11238.0,122.15217391304348,1.937142057209677,72,72,11238.0,0.059591171806309455,1.0790093963992125,1.937142057209677,72,11238.0,1.0790093963992125
1560.0,74,11608.0,127.56043956043956,2.057810955069779,74,74,11608.0,0.056314448242081434,1.1168316490829548,2.057810955069779,74,11608.0,1.1168316490829548
1565.0,74,11978.0,127.42553191489361,1.9655180009248703,74,74,11978.0,0.05218969427022343,1.0191874605483326,1.9655180009248703,74,11978.0,1.0191874605483326
1570.0,76,12356.0,134.30434782608697,1.8415545673342113,76,76,12356.0,0.05148243270771755,1.0333657869316337,1.8415545673342113,76,12356.0,1.0333657869316337
1575.0,76,12736.0,135.48936170212767,1.7700618130947265,76,76,12736.0,0.0502439912512638,0.9713985993463978,1.7700618130947265,76,12736.0,0.9713985993463978
1580.0,78,13120.0,142.6086956521739,1.5673117813957014,78,78,13120.0,0.04798310019780691,0.9243108347055835,1.5673117813957014,78,13120.0,0.9243108347055835
1585.0,80,13510.0,143.72340425531914,1.8318103400757118,80,80,13510.0,0.06064679376756943,1.17892437873534,1.8318103400757118,80,13510.0,1.17892437873534
1590.0,80,13902.0,147.89361702127658,1.5104192186611054,80,80,13902.0,0.0443993878142797,0.9073646235639092,1.5104192186611054,80,13902.0,0.9073646235639092
1595.0,81,14307.0,152.20212765957447,1.6877593310822392,81,81,14307.0,0.053601714097612094,1.0967966022928266,1.6877593310822392,81,14307.0,1.0967966022928266
1600.0,79,14483.0,149.30927835051546,1.3992581333269911,79,79,14483.0,0.04248213836625315,0.8119094383860029,1.3992581333269911,79,14483.0,0.8119094383860029
1605.0,76,14497.0,149.4536082474227,1.721382855620326,76,76,14424.0,0.05555393627448965,1.03580016252952,1.721382855620326,76,14424.0,1.03580016252952
1610.0,72,14487.0,147.8265306122449,1.9933519677073839,72,72,14487.0,0.07459490938168922,1.3800833623868973,1.9933519677073839,72,14487.0,1.3800833623868973
1615.0,68,14418.0,151.76842105263157,1.7752469427979798,68,68,14418.0,0.0642953651019421,1.2159527424715535,1.7752469427979798,68,14418.0,1.2159527424715535
1620.0,69,14400.0,153.19148936170214,1.938716091297576,69,69,14379.0,0.07040345609583872,1.337118223401732,1.938716091297576,69,14379.0,1.337118223401732
1625.0,70,14586.0,148.83673469387756,1.9001000186154449,70,70,14586.0,0.06494879470625892,1.1812458749887005,1.9001000186154449,70,14586.0,1.1812458749887005
1630.0,75,14951.0,152.5612244897959,2.0166983984189617,75,75,14951.0,0.06732511677264742,1.2857673979189639,2.0166983984189617,75,14951.0,1.2857673979189639
1635.0,81,15342.0,151.9009900990099,1.8191986866604009,81,81,15342.0,0.05501097628553227,0.993361664328014,1.8191986866604009,81,15342.0,0.993361664328014
1640.0,83,15754.0,155.98019801980197,1.9289577590494855,83,83,15754.0,0.05302834087356181,0.9927016769037815,1.9289577590494855,83,15754.0,0.9927016769037815
1645.0,86,16169.0,156.98058252427185,1.9247754966059087,86,86,16169.0,0.055282372801483015,1.0169333361039194,1.9247754966059087,86,16169.0,1.0169333361039194
1650.0,81,16477.0,159.97087378640776,1.8797185269842565,81,81,16477.0,0.051987142395967204,0.9501825691272563,1.8797185269842565,81,16477.0,0.9501825691272563
1655.0,77,16697.0,165.31683168316832,2.09786528958113,77,77,16664.0,0.0720965738702439,1.3153775731981499,2.09786528958113,77,16664.0,1.3153775731981499
1660.0,74,16896.0,162.46153846153845,2.0777090241493585,74,74,16896.0,0.06513078017495433,1.1870990597448168,2.0777090241493585,74,16896.0,1.1870990597448168
1665.0,71,15885.0,155.73529411764707,2.150693463516893,71,71,15885.0,0.06592168748978011,1.2626303666531034,2.150693463516893,71,15885.0,1.2626303666531034
1670.0,67,14052.0,135.1153846153846,2.2782068959227524,67,67,13654.0,0.07029229575361608,1.3343631057686074,2.2782068959227524,67,13654.0,1.3343631057686074
1675.0,64,12275.0,118.02884615384616,2.6792153587548793,64,64,12275.0,0.08960200086675028,1.6465687188876843,2.6792153587548793,64,12275.0,1.6465687188876843
1680.0,65,10596.0,102.87378640776699,2.8651524338537038,65,65,10596.0,0.09318178874025165,1.7202087461037001,2.8651524338537038,65,10596.0,1.7202087461037001
1685.0,66,8924.0,85.8076923076923,2.7931163298946227,66,66,8924.0,0.09767648810781572,1.7197357856579312,2.7931163298946227,66,8924.0,1.7197357856579312
1690.0,62,7243.0,70.32038834951456,3.1381392791388083,62,62,7243.0,0.12085658781077332,2.1325974902075844,3.1381392791388083,62,7243.0,2.1325974902075844
1695.0,58,5634.0,53.65714285714286,3.0081358332534323,58,58,5634.0,0.10338866157839778,2.0189632339320163,3.0081358332534323,58,5634.0,2.0189632339320163
1700.0,58,4346.0,41.39047619047619,3.4092755873282528,58,58,4315.0,0.12588764572103278,2.3437608137999386,3.4092755873282528,58,4315.0,2.3437608137999386
1705.0,63,3332.0,30.85185185185185,3.6140171676239325,63,63,3332.0,0.12000291656949796,2.250769874648321,3.6140171676239325,63,3332.0,2.250769874648321
1710.0,56,2435.0,23.19047619047619,3.526942317917373,56,56,2435.0,0.11935573062320552,2.2275134494888817,3.526942317917373,56,2435.0,2.2275134494888817
1715.0,53,1698.0,16.485436893203882,3.8295044873352637,53,53,1655.0,0.13429653583347498,2.492544865489151,3.8295044873352637,53,1655.0,2.492544865489151
1720.0,50,1200.0,11.320754716981131,3.8257291523067245,50,50,1200.0,0.12577452099006944,2.375059349387629,3.8257291523067245,50,1200.0,2.375059349387629
1725.0,48,864.0,8.307692307692308,3.8523012020740857,48,48,864.0,0.12506016862511893,2.438366835162185,3.8523012020740857,48,864.0,2.438366835162185
1730.0,46,679.0,6.528846153846154,3.8542087728913113,46,46,652.0,0.12694046033080117,2.4094809736896643,3.8542087728913113,46,652.0,2.4094809736896643
1735.0,47,654.0,6.411764705882353,3.866899802495149,47,47,654.0,0.13848323539178395,2.5436036035273495,3.866899802495149,47,654.0,2.5436036035273495
1740.0,53,732.0,7.247524752475248,3.5641827774156996,53,53,732.0,0.11074923339719643,2.149074393816715,3.5641827774156996,53,732.0,2.149074393816715
1745.0,63,882.0,8.48076923076923,2.9650100339347656,63,63,865.0,0.07166636180044778,1.402335043155601,2.9650100339347656,63,865.0,1.402335043155601
1750.0,65,1060.0,10.192307692307692,3.1833872265855456,65,65,1060.0,0.08240351610763767,1.5678505344167213,3.1833872265855456,65,1060.0,1.5678505344167213
1755.0,66,1240.0,12.156862745098039,2.7878989436319004,66,66,1240.0,0.08229947987204203,1.4830368896783026,2.7878989436319004,66,1240.0,1.4830368896783026
1760.0,67,1425.0,14.25,2.704062859480309,67,67,1425.0,0.07522899387228553,1.417447321744772,2.704062859480309,67,1425.0,1.417447321744772
1765.0,70,1615.0,15.990099009900991,2.7155004685288375,70,70,1615.0,0.08001276998189219,1.5489549216253722,2.7155004685288375,70,1615.0,1.5489549216253722
1770.0,67,1646.0,16.626262626262626,2.4263380712099463,67,67,1646.0,0.06970396655555351,1.3341653545377417,2.4263380712099463,67,1646.0,1.3341653545377417
1775.0,68,1842.0,18.989690721649485,2.493348653664621,68,68,1737.0,0.09047549958192541,1.6165121129147004,2.493348653664621,68,1737.0,1.6165121129147004
1780.0,71,2164.0,22.081632653061224,2.0292840886031023,71,71,2164.0,0.07838793544942593,1.3529299859454733,2.0292840886031023,71,2164.0,1.3529299859454733
1785.0,78,2543.0,25.948979591836736,1.9249160245893555,78,78,2543.0,0.059584961814005404,1.0644994155028795,1.9249160245893555,78,2543.0,1.0644994155028795
1790.0,79,2914.0,29.14,1.6587771011782106,79,79,2914.0,0.04199081176578935,0.7599766436952303,1.6587771011782106,79,2914.0,0.7599766436952303
1795.0,81,3312.0,33.795918367346935,1.5389283434929915,81,81,3296.0,0.045398333059187695,0.8011061739752052,1.5389283434929915,81,3296.0,0.8011061739752052
1800.0,81,3717.0,39.126315789473686,1.6014621799527808,81,81,3717.0,0.059873430078416626,1.061555612177452,1.6014621799527808,81,3717.0,1.061555612177452
1805.0,82,4123.0,41.64646464646464,1.5021057782805163,82,82,4123.0,0.04551715449335498,0.8049855932937682,1.5021057782805163,82,4123.0,0.8049855932937682
1810.0,80,4273.0,44.05154639175258,1.6042974297364745,80,80,4273.0,0.05711929509718284,1.0254416686080885,1.6042974297364745,80,4273.0,1.0254416686080885
1815.0,75,4228.0,42.28,1.8007932760978291,75,75,4144.0,0.06292034131594065,1.1409743689085523,1.8007932760978291,75,4144.0,1.1409743689085523
1820.0,73,4170.0,41.7,2.192110195856486,73,73,4170.0,0.07929992939654769,1.4663905111533526,2.192110195856486,73,4170.0,1.4663905111533526
1825.0,71,3835.0,37.23300970873787,2.3049196117224477,71,71,3835.0,0.07451271358272908,1.4534799857745584,2.3049196117224477,71,3835.0,1.4534799857745584
1830.0,66,3314.0,32.81188118811881,2.367083811123639,66,66,3231.0,0.08104064591751005,1.5621625318578256,2.367083811123639,66,3231.0,1.5621625318578256
1835.0,61,2842.0,28.138613861386137,2.844338570415942,61,61,2842.0,0.10557928545267023,1.9593866440255956,2.844338570415942,61,2842.0,1.9593866440255956
1840.0,59,2571.0,24.961165048543688,2.4622940691245776,59,59,2571.0,0.07991967299845663,1.5285127709324007,2.4622940691245776,59,2571.0,1.5285127709324007
1845.0,65,2461.0,23.893203883495147,2.730010627220363,65,65,2441.0,0.08462883061494485,1.5934300778762862,2.730010627220363,65,2441.0,1.5934300778762862
1850.0,70,2376.0,22.62857142857143,2.509462675712886,70,70,2376.0,0.07812804215043495,1.3767512580021404,2.509462675712886,70,2376.0,1.3767512580021404
1855.0,72,2307.0,22.398058252427184,2.3415210153402866,72,72,2307.0,0.06279362705323734,1.164953804120104,2.3415210153402866,72,2307.0,1.164953804120104
1860.0,69,2176.0,21.12621359223301,2.6563633875101846,69,69,2176.0,0.0702972793967785,1.3530181901674212,2.6563633875101846,69,2176.0,1.3530181901674212
1865.0,67,1986.0,18.735849056603772,2.5123752351809636,67,67,1968.0,0.06950349693201031,1.2646559087828604,2.5123752351809636,67,1968.0,1.2646559087828604
1870.0,62,1781.0,16.80188679245283,3.1028374089328508,62,62,1781.0,0.1047347604889396,1.8562631966582173,3.1028374089328508,62,1781.0,1.8562631966582173
1875.0,59,1543.0,14.42056074766355,2.828940832305499,59,59,1543.0,0.0841469117284184,1.5716709708780037,2.828940832305499,59,1543.0,1.5716709708780037
1880.0,62,1565.0,15.194174757281553,2.8079773093340146,62,62,1533.0,0.09531029985088454,1.7497431535054053,2.8079773093340146,62,1533.0,1.7497431535054053
1885.0,68,1780.0,17.281553398058254,2.597647759059446,68,68,1780.0,0.08667259095478601,1.6345615148405974,2.597647759059446,68,1780.0,1.6345615148405974
1890.0,70,1981.0,19.42156862745098,2.225097253631437,70,70,1981.0,0.06789167049837094,1.3100910712875529,2.225097253631437,70,1981.0,1.3100910712875529
1895.0,67,2150.0,21.287128712871286,2.4286604364003512,67,67,2137.0,0.0851372765906248,1.6077578517428657,2.4286604364003512,67,2137.0,1.6077578517428657
1900.0,64,2299.0,22.53921568627451,2.2298300901980115,64,64,2299.0,0.08460275354132783,1.5194061668260954,2.2298300901980115,64,2299.0,1.5194061668260954
1905.0,61,2354.0,23.306930693069308,2.3698767084379244,61,61,2354.0,0.08772842453247845,1.6277464194651299,2.3698767084379244,61,2354.0,1.6277464194651299
1910.0,60,2471.0,23.759615384615383,2.521101973341084,60,60,2435.0,0.0870625620472548,1.6170407726761373,2.521101973341084,60,2435.0,1.6170407726761373
1915.0,63,2651.0,25.490384615384617,2.766059777804027,63,63,2651.0,0.09370128834608474,1.7116919279139695,2.766059777804027,63,2651.0,1.7116919279139695
1920.0,67,2887.0,28.02912621359223,2.6428133859948075,67,67,2887.0,0.08246442398174592,1.542718479538219,2.6428133859948075,67,2887.0,1.542718479538219
1925.0,73,3166.0,29.867924528301888,2.2639781416238502,73,73,3152.0,0.059215316991519155,1.0524475223332812,2.2639781416238502,73,3152.0,1.0524475223332812
1930.0,74,3460.0,33.92156862745098,2.2089071769980855,74,74,3460.0,0.06651216875061963,1.2328517075603858,2.2089071769980855,74,3460.0,1.2328517075603858
1935.0,74,3744.0,35.65714285714286,2.2560752734874434,74,74,3744.0,0.06940643343144401,1.2824574903669061,2.2560752734874434,74,3744.0,1.2824574903669061
1940.0,75,4044.0,38.51428571428571,2.3854300144256273,75,75,4037.0,0.08025953367094617,1.4204008610938077,2.3854300144256273,75,4037.0,1.4204008610938077
1945.0,81,4426.0,42.15238095238095,2.0641543993610245,81,81,4426.0,0.07409391416582807,1.2798642298656817,2.0641543993610245,81,4426.0,1.2798642298656817
1950.0,85,4840.0,46.095238095238095,1.8234808791403507,85,85,4840.0,0.055404803739114515,0.9887437843742664,1.8234808791403507,85,4840.0,0.9887437843742664
1955.0,87,5273.0,51.19417475728155,1.71591312615025,87,87,5273.0,0.05168128236401983,0.9326902312529443,1.71591312615025,87,5273.0,0.9326902312529443
1960.0,89,5712.0,53.886792452830186,1.5264422086496947,89,89,5712.0,0.04577653373551592,0.7676443385680423,1.5264422086496947,89,5712.0,0.7676443385680423
1965.0,89,6153.0,58.6,1.5033602517550502,89,89,6153.0,0.04613478409448533,0.8132482957928112,1.5033602517550502,89,6153.0,0.8132482957928112
1970.0,91,6599.0,62.84761904761905,1.2123983656701494,91,91,6598.0,0.041983568172572476,0.7038931322231263,1.2123983656701494,91,6598.0,0.7038931322231263
1975.0,91,7050.0,67.78846153846153,1.1514780946160064,91,91,7050.0,0.04202685523880489,0.7259133342433282,1.1514780946160064,91,7050.0,0.7259133342433282
1980.0,91,7505.0,72.16346153846153,1.2517985557208353,91,91,7505.0,0.036270649689388694,0.6578503643461049,1.2517985557208353,91,7505.0,0.6578503643461049
1985.0,92,7965.0,74.4392523364486,1.2949755329498858,92,92,7965.0,0.04559838218691403,0.7835108779994991,1.2949755329498858,92,7965.0,0.7835108779994991
1990.0,93,8428.0,79.50943396226415,1.2403069863825869,93,93,8428.0,0.04741415808899125,0.8303914166497354,1.2403069863825869,93,8428.0,0.8303914166497354
1995.0,91,8380.0,76.88073394495413,1.1764055774788278,91,91,8380.0,0.03799337650933674,0.6971352988390964,1.1764055774788278,91,8380.0,0.6971352988390964
2000.0,88,7978.0,73.19266055045871,1.5176416731872653,88,88,7810.0,0.05743924713094744,1.0153865818156058,1.5176416731872653,88,7810.0,1.0153865818156058
2005.0,86,7555.0,68.06306306306307,1.8341150137611637,86,86,7555.0,0.07183551362394952,1.2722065253527874,1.8341150137611637,86,7555.0,1.2722065253527874
2010.0,81,6799.0,61.80909090909091,1.7575182536041691,81,81,6799.0,0.061979528995312935,1.1671526503331333,1.7575182536041691,81,6799.0,1.1671526503331333
2015.0,76,5814.0,52.85454545454545,2.086475043383262,76,76,5711.0,0.0735775786299409,1.3713967239385552,2.086475043383262,76,5711.0,1.3713967239385552
2020.0,73,4810.0,42.94642857142857,2.1208468711286526,73,73,4810.0,0.0757091107629232,1.3721830412686098,2.1208468711286526,73,4810.0,1.3721830412686098
2025.0,70,3868.0,35.163636363636364,2.1630285149021047,70,70,3868.0,0.07883475258158824,1.4679894310514792,2.1630285149021047,70,3868.0,1.4679894310514792
2030.0,67,3143.0,27.8141592920354,2.1905942828787084,67,67,3130.0,0.06854620115815808,1.3286742085770087,2.1905942828787084,67,3130.0,1.3286742085770087
2035.0,64,2665.0,23.58407079646018,2.501914133166392,64,64,2665.0,0.08309881072501556,1.6104720488405875,2.501914133166392,64,2665.0,1.6104720488405875
2040.0,64,2279.0,20.168141592920353,2.5067424386500297,64,64,2279.0,0.08092414686058003,1.5229566763466549,2.5067424386500297,64,2279.0,1.5229566763466549
2045.0,69,1998.0,17.224137931034484,2.236908962824455,69,69,1958.0,0.06571248009451136,1.2505910480931104,2.236908962824455,69,1958.0,1.2505910480931104
2050.0,71,1747.0,15.060344827586206,2.5170362449301744,71,71,1747.0,0.07819967787298061,1.431119903391781,2.5170362449301744,71,1747.0,1.431119903391781
2055.0,73,1501.0,12.82905982905983,2.3729406588395814,73,73,1501.0,0.07197325822859336,1.312226003357404,2.3729406588395814,73,1501.0,1.312226003357404
2060.0,70,1258.0,11.035087719298245,2.3800088624779465,70,70,1258.0,0.07930387340581212,1.5065344740168483,2.3800088624779465,70,1258.0,1.5065344740168483
2065.0,70,1235.0,10.73913043478261,2.301995693067282,70,70,1216.0,0.08174418341504411,1.5073947105460788,2.301995693067282,70,1216.0,1.5073947105460788
2070.0,71,1462.0,12.71304347826087,2.6582256542527243,71,71,1462.0,0.09121012247864392,1.7540010967539559,2.6582256542527243,71,1462.0,1.7540010967539559
2075.0,78,1724.0,15.392857142857142,2.241953136900378,78,78,1724.0,0.06973709795156452,1.3451402411222486,2.241953136900378,78,1724.0,1.3451402411222486
2080.0,82,2024.0,17.6,1.9883180177673585,82,82,2020.0,0.048568823739445495,0.9146098336482721,1.9883180177673585,82,2020.0,0.9146098336482721
2085.0,83,2334.0,20.295652173913044,2.242517760257809,83,83,2334.0,0.05475157707123485,1.0601373139243813,2.242517760257809,83,2334.0,1.0601373139243813
2090.0,82,2563.0,22.286956521739132,1.9777831133917008,82,82,2563.0,0.0460286719455757,0.904666433101054,1.9777831133917008,82,2563.0,0.904666433101054
2095.0,84,2876.0,25.008695652173913,2.129180365965654,84,84,2810.0,0.05486889268744522,1.0393522445353505,2.129180365965654,84,2810.0,1.0393522445353505
2100.0,86,3249.0,28.5,2.0412762521248387,86,86,3249.0,0.050421370231885365,0.9673436125994361,2.0412762521248387,86,3249.0,0.9673436125994361
2105.0,91,3683.0,31.21186440677966,1.8990973651055036,91,91,3683.0,0.04111342606349166,0.8013354034773053,1.8990973651055036,91,3683.0,0.8013354034773053
2110.0,95,4152.0,35.793103448275865,1.9171095160933644,95,95,4143.0,0.048613513948346745,0.9066522231215348,1.9171095160933644,95,4143.0,0.9066522231215348
2115.0,97,4630.0,40.26086956521739,1.4404672590413716,97,97,4630.0,0.04213653975303845,0.7187656716969754,1.4404672590413716,97,4630.0,0.7187656716969754
2120.0,97,5115.0,44.86842105263158,1.6141246210769231,97,97,5115.0,0.045926214164511356,0.8328435997737509,1.6141246210769231,97,5115.0,0.8328435997737509
2125.0,97,5294.0,46.43859649122807,1.342312741075989,97,97,5294.0,0.037931871759811255,0.6876477747017473,1.342312741075989,97,5294.0,0.6876477747017473
2130.0,92,5262.0,46.1578947368421,1.6084912848294524,92,92,5164.0,0.053524155501780725,0.9379926986671177,1.6084912848294524,92,5164.0,0.9379926986671177
2135.0,87,5207.0,46.07964601769911,1.918980743060116,87,87,5207.0,0.07350930075699186,1.2881010707291078,1.918980743060116,87,5207.0,1.2881010707291078
2140.0,86,5128.0,44.206896551724135,1.6963209347024755,86,86,5128.0,0.05014333730013068,0.9754923884205664,1.6963209347024755,86,5128.0,0.9754923884205664
2145.0,87,5063.0,44.02608695652174,1.8582006146906083,87,87,5055.0,0.05638836154635635,1.1096948608337054,1.8582006146906083,87,5055.0,1.1096948608337054
2150.0,89,5003.0,43.12931034482759,1.5948439969405568,89,89,5003.0,0.05547888176561869,0.9805297981875497,1.5948439969405568,89,5003.0,0.9805297981875497
2155.0,89,4948.0,42.6551724137931,1.7409525508202859,89,89,4948.0,0.05225626669731563,1.0240830175918552,1.7409525508202859,89,4948.0,1.0240830175918552
2160.0,90,4876.0,42.4,1.5583587858698524,90,90,4876.0,0.040176706925415716,0.7768830312859799,1.5583587858698524,90,4876.0,0.7768830312859799
2165.0,91,4829.0,41.27350427350427,1.4842783925894205,91,91,4814.0,0.04848461728163689,0.8952217340073363,1.4842783925894205,91,4814.0,0.8952217340073363
2170.0,91,4784.0,40.888888888888886,1.5857040719431739,91,91,4784.0,0.05380447418773677,1.0041494547904921,1.5857040719431739,91,4784.0,1.0041494547904921
2175.0,92,4733.0,39.44166666666667,1.4935264771424595,92,92,4733.0,0.044022582824806554,0.8288079233214897,1.4935264771424595,92,4733.0,0.8288079233214897
2180.0,93,4733.0,39.44166666666667,1.7009610901170793,93,93,4725.0,0.05658519644076708,1.0640318759642404,1.7009610901170793,93,4725.0,1.0640318759642404
2185.0,97,4971.0,40.74590163934426,1.6355690552489022,97,97,4971.0,0.059309471361314085,1.086537286633714,1.6355690552489022,97,4971.0,1.086537286633714
2190.0,95,5272.0,43.21311475409836,1.70695038853465,95,95,5272.0,0.05230073360739695,1.0081376133553763,1.70695038853465,95,5272.0,1.0081376133553763
2195.0,96,5498.0,45.43801652892562,1.6478742235199444,96,96,5450.0,0.05047971069373936,0.9330380349790313,1.6478742235199444,96,5450.0,0.9330380349790313
2200.0,96,5729.0,48.142857142857146,1.3950097738964504,96,96,5729.0,0.047515726617600854,0.8600522791992045,1.3950097738964504,96,5729.0,0.8600522791992045
2205.0,91,5944.0,50.3728813559322,1.6158990507486206,91,91,5944.0,0.05725650228657081,1.0575650709192097,1.6158990507486206,91,5944.0,1.0575650709192097
2210.0,87,6139.0,50.735537190082646,2.0044945965754684,87,87,6139.0,0.07491224631059211,1.3354853375252662,2.0044945965754684,87,6139.0,1.3354853375252662
2215.0,84,6315.0,52.1900826446281,2.3003537704754766,84,84,6315.0,0.09054554472858035,1.591558461504096,2.3003537704754766,84,6315.0,1.591558461504096
2220.0,82,6456.0,53.8,2.092091207064097,82,82,6456.0,0.07221885228083406,1.3405149145450779,2.092091207064097,82,6456.0,1.3405149145450779
2225.0,83,6620.0,53.82113821138211,2.2173532739517463,83,83,6603.0,0.0823583780526272,1.5225716341957778,2.2173532739517463,83,6603.0,1.5225716341957778
2230.0,86,6790.0,55.65573770491803,2.2470739053895405,86,86,6790.0,0.07940692028003171,1.4757448073689514,2.2470739053895405,86,6790.0,1.4757448073689514
2235.0,82,6915.0,55.32,2.4590177846965795,82,82,6915.0,0.07934930697760781,1.535177037105055,2.4590177846965795,82,6915.0,1.535177037105055
2240.0,79,6995.0,55.96,2.7338264433975716,79,79,6983.0,0.09030022517198685,1.7042263810107452,2.7338264433975716,79,6983.0,1.7042263810107452
2245.0,78,7060.0,55.59055118110236,2.994331998824247,78,78,7060.0,0.10324220049764683,1.9395730660247137,2.994331998824247,78,7060.0,1.9395730660247137
2250.0,74,7143.0,56.69047619047619,3.070421418962838,74,74,7143.0,0.09858446989676083,1.9609501724826452,3.070421418962838,74,7143.0,1.9609501724826452
2255.0,78,7420.0,59.83870967741935,2.8515307750845253,78,78,7420.0,0.08907650823882973,1.7696194621219627,2.8515307750845253,78,7420.0,1.7696194621219627
2260.0,84,7759.0,61.57936507936508,2.601657281233973,84,84,7759.0,0.07496380133660138,1.4783545454545501,2.601657281233973,84,7759.0,1.4783545454545501
2265.0,87,7550.0,61.38211382113821,2.1004074372564734,87,87,7550.0,0.0573375274314271,1.1125998744550936,2.1004074372564734,87,7550.0,1.1125998744550936
2270.0,89,6967.0,55.736,1.9205662226696494,89,89,6779.0,0.05153913162292112,0.9831132886905561,1.9205662226696494,89,6779.0,0.9831132886905561
2275.0,85,6374.0,52.24590163934426,1.9695180942140587,85,85,6374.0,0.06298835576689059,1.1962584534535317,1.9695180942140587,85,6374.0,1.1962584534535317
2280.0,80,5529.0,46.46218487394958,1.8089924225492442,80,80,5529.0,0.05871391540249655,1.1449352703467572,1.8089924225492442,80,5529.0,1.1449352703467572
2285.0,76,4720.0,38.3739837398374,2.0313549866550167,76,76,4634.0,0.06511645720008738,1.2490249627155494,2.0313549866550167,76,4634.0,1.2490249627155494
2290.0,81,4159.0,33.8130081300813,2.2667236628513767,81,81,4159.0,0.07599204541897497,1.3821422976733353,2.2667236628513767,81,4159.0,1.3821422976733353
2295.0,86,3629.0,29.032,2.153334113216084,86,86,3629.0,0.07299190625167803,1.2960890471996562,2.153334113216084,86,3629.0,1.2960890471996562
2300.0,89,3122.0,24.976,2.2319591980716984,89,89,3122.0,0.07136027725621456,1.2961722492886436,2.2319591980716984,89,3122.0,1.2961722492886436
2305.0,88,2625.0,21.0,2.0923222652954547,88,88,2625.0,0.05812358163476026,1.1233383433214785,2.0923222652954547,88,2625.0,1.1233383433214785
2310.0,83,2261.0,18.382113821138212,2.094538063404873,83,83,2208.0,0.06593338542022416,1.240815424553768,2.094538063404873,83,2208.0,1.240815424553768
2315.0,79,2144.0,17.43089430894309,2.5238193448975053,79,79,2144.0,0.08242150048093465,1.528228811621227,2.5238193448975053,79,2144.0,1.528228811621227
2320.0,80,2224.0,17.792,2.4337189456457913,80,80,2224.0,0.07222125077886639,1.3432586688592143,2.4337189456457913,80,2224.0,1.3432586688592143
2325.0,86,2367.0,19.401639344262296,2.2347694126118887,86,86,2359.0,0.05695799738576882,1.090271226015913,2.2347694126118887,86,2359.0,1.090271226015913
2330.0,89,2534.0,20.272,2.236750230631107,89,89,2534.0,0.0606492779469743,1.0808004587155933,2.236750230631107,89,2534.0,1.0808004587155933
2335.0,90,2689.0,21.68548387096774,2.091115701376206,90,90,2689.0,0.04471670438507941,0.8791122969623939,2.091115701376206,90,2689.0,0.8791122969623939
2340.0,90,2864.0,23.096774193548388,2.2194382609189076,90,90,2852.0,0.04670558187641447,0.9036454323243662,2.2194382609189076,90,2852.0,0.9036454323243662
2345.0,91,3042.0,23.95275590551181,2.148640741714773,91,91,3042.0,0.04725542484896566,0.8875303113422834,2.148640741714773,91,3042.0,0.8875303113422834
2350.0,90,3015.0,24.12,2.1414173418056768,90,90,3015.0,0.049591559801778325,0.954361716542801,2.1414173418056768,90,3015.0,0.954361716542801
2355.0,86,2902.0,22.8503937007874,2.2314381816192355,86,86,2834.0,0.060374586009397165,1.11118870312283,2.2314381816192355,86,2834.0,1.11118870312283
2360.0,86,2970.0,23.76,2.3896178248808626,86,86,2970.0,0.0728210511105356,1.325602539817881,2.3896178248808626,86,2970.0,1.325602539817881
2365.0,87,3050.0,25.206611570247933,2.3272986693535582,87,87,3050.0,0.07433547174398282,1.3926026108766254,2.3272986693535582,87,3050.0,1.3926026108766254
2370.0,85,3128.0,25.85123966942149,2.485761819075108,85,85,3128.0,0.08943722127156203,1.5792341862994839,2.485761819075108,85,3128.0,1.5792341862994839
2375.0,80,3024.0,25.627118644067796,2.2681153170317643,80,80,3024.0,0.07651502483662813,1.4723659451956168,2.2681153170317643,80,3024.0,1.4723659451956168
2380.0,77,2787.0,23.42016806722689,2.1618688999977063,77,77,2734.0,0.07895822339444912,1.4663960735475714,2.1618688999977063,77,2734.0,1.4663960735475714
2385.0,74,2539.0,21.33613445378151,2.591041525737677,74,74,2539.0,0.09405275883431216,1.7687116133665173,2.591041525737677,74,2539.0,1.7687116133665173
2390.0,71,2170.0,17.93388429752066,2.61090679293977,71,71,2170.0,0.08763563386950629,1.6700673194729823,2.61090679293977,71,2170.0,1.6700673194729823
2395.0,70,1878.0,15.520661157024794,2.8456604574320132,70,70,1835.0,0.08809389517386966,1.7302369555579458,2.8456604574320132,70,1835.0,1.7302369555579458
2400.0,70,1626.0,13.438016528925619,3.078461594267465,70,70,1626.0,0.09830596665669093,1.8887640705899191,3.078461594267465,70,1626.0,1.8887640705899191
2405.0,69,1501.0,12.008,2.9278983058459906,69,69,1501.0,0.0887517271751439,1.6761318091753423,2.9278983058459906,69,1501.0,1.6761318091753423
2410.0,70,1431.0,11.634146341463415,3.1325345455448823,70,70,1404.0,0.09814481954450995,1.838652466983244,3.1325345455448823,70,1404.0,1.838652466983244
2415.0,71,1362.0,11.073170731707316,2.9743824601172673,71,71,1362.0,0.0978642894398916,1.787558730158742,2.9743824601172673,71,1362.0,1.787558730158742
2420.0,72,1211.0,9.845528455284553,2.843229706302755,72,72,1211.0,0.08041954490639473,1.4831045969341645,2.843229706302755,72,1211.0,1.4831045969341645
2425.0,71,1035.0,8.346774193548388,2.9295209010308647,71,71,1007.0,0.08769588914316183,1.564405677591632,2.9295209010308647,71,1007.0,1.564405677591632
2430.0,67,1046.0,8.504065040650406,3.194381563816378,67,67,1046.0,0.10485798840549465,1.866676278358432,3.194381563816378,67,1046.0,1.866676278358432
2435.0,70,1038.0,8.722689075630251,2.877942643802832,70,70,1038.0,0.08644490737190004,1.6217329188064926,2.877942643802832,70,1038.0,1.6217329188064926
2440.0,74,1107.0,9.302521008403362,2.5829021409444506,74,74,1055.0,0.07664855830912101,1.4297545534522829,2.5829021409444506,74,1055.0,1.4297545534522829
2445.0,76,1187.0,10.145299145299145,2.3619429585851073,76,76,1187.0,0.06899433432308699,1.288502740164047,2.3619429585851073,76,1187.0,1.288502740164047
2450.0,73,1164.0,9.781512605042018,2.4531143344988737,73,73,1164.0,0.06829100535665547,1.30974153640935,2.4531143344988737,73,1164.0,1.30974153640935
2455.0,76,1343.0,11.478632478632479,2.372918778320325,76,76,1301.0,0.07284348576119308,1.3548474941770305,2.372918778320325,76,1301.0,1.3548474941770305
2460.0,81,1588.0,13.808695652173913,2.208522704518658,81,81,1588.0,0.06931406244072887,1.2310102384301556,2.208522704518658,81,1588.0,1.2310102384301556
2465.0,84,1855.0,15.588235294117647,2.1193709345488503,84,84,1855.0,0.06248086933553451,1.079285194746424,2.1193709345488503,84,1855.0,1.079285194746424
2470.0,86,2150.0,18.53448275862069,2.0552142983503,86,86,2150.0,0.053478472118270295,1.0123447367340204,2.0552142983503,86,2150.0,1.0123447367340204
2475.0,90,2585.0,22.094017094017094,1.990179686741238,90,90,2585.0,0.0468692345602225,0.9060635053955861,1.990179686741238,90,2585.0,0.9060635053955861
2480.0,92,2909.0,24.863247863247864,1.8334777498228416,92,92,2909.0,0.046571918296221156,0.849670476549443,1.8334777498228416,92,2909.0,0.849670476549443
2485.0,92,3143.0,26.863247863247864,1.9112102787528902,92,92,3100.0,0.05470162905989164,1.0110146207265935,1.9112102787528902,92,3100.0,1.0110146207265935
2490.0,86,3355.0,29.17391304347826,2.012499156542236,86,86,3355.0,0.06944926958210337,1.2595095097796576,2.012499156542236,86,3355.0,1.2595095097796576
2495.0,83,3552.0,30.88695652173913,2.285186222810579,83,83,3552.0,0.07502219004091736,1.3643938835906786,2.285186222810579,83,3552.0,1.3643938835906786
2500.0,81,3491.0,29.837606837606838,2.1617282011342858,81,81,3491.0,0.06753939491988539,1.2571459186684435,2.1617282011342858,81,3491.0,1.2571459186684435
2505.0,79,3257.0,28.07758620689655,2.0893579720110584,79,79,3257.0,0.0620446053181432,1.1664596898709163,2.0893579720110584,79,3257.0,1.1664596898709163
2510.0,74,3002.0,25.65811965811966,2.19867870685346,74,74,2924.0,0.06811526062147162,1.299880644591909,2.19867870685346,74,2924.0,1.299880644591909
2515.0,71,2683.0,23.129310344827587,2.307283788878073,71,71,2682.0,0.07466341973964054,1.4009641965513335,2.307283788878073,71,2682.0,1.4009641965513335
2520.0,67,2318.0,19.982758620689655,2.5928297689424387,67,67,2305.0,0.0890033069839569,1.6366957998233778,2.5928297689424387,67,2305.0,1.6366957998233778
2525.0,63,1930.0,16.35593220338983,2.7500014500218275,63,63,1930.0,0.09472165818978688,1.7661678765838988,2.7500014500218275,63,1930.0,1.7661678765838988
2530.0,60,1587.0,13.564102564102564,3.108071778881083,60,60,1587.0,0.10789353020926859,2.033756951725904,3.108071778881083,60,1587.0,2.033756951725904
2535.0,60,1393.0,11.608333333333333,3.401963691140179,60,60,1393.0,0.11943339591607696,2.223241386939337,3.401963691140179,60,1393.0,2.223241386939337
2540.0,62,1135.0,9.61864406779661,3.06402376424484,62,62,1135.0,0.10300613920958751,1.9506902739764747,3.06402376424484,62,1135.0,1.9506902739764747
2545.0,68,871.0,7.444444444444445,2.794532664325274,68,68,871.0,0.09333321989935829,1.7291058851721863,2.794532664325274,68,871.0,1.7291058851721863
2550.0,64,794.0,6.786324786324786,2.968859037734077,64,64,787.0,0.09874645068423753,1.8630947512960347,2.968859037734077,64,787.0,1.8630947512960347
2555.0,64,701.0,6.043103448275862,2.933369528764531,64,64,701.0,0.08824694191363198,1.73254806852345,2.933369528764531,64,701.0,1.73254806852345
2560.0,66,721.0,6.162393162393163,2.7680566723013746,66,66,659.0,0.09208857306244397,1.743197198172204,2.7680566723013746,66,659.0,1.743197198172204
2565.0,75,914.0,7.879310344827586,2.4677803919105674,75,75,914.0,0.08318184909596672,1.522212845332334,2.4677803919105674,75,914.0,1.522212845332334
2570.0,80,1139.0,9.652542372881356,2.30213303621984,80,80,1139.0,0.0643386389476912,1.2043223991456053,2.30213303621984,80,1139.0,1.2043223991456053
2575.0,86,1390.0,11.982758620689655,2.054214660503973,86,86,1390.0,0.04780081987412695,0.882413828224459,2.054214660503973,86,1390.0,0.882413828224459
2580.0,84,1576.0,13.946902654867257,1.93311304814035,84,84,1576.0,0.045427807958778536,0.873605581646538,1.93311304814035,84,1576.0,0.873605581646538
2585.0,80,1690.0,14.568965517241379,1.9721160491813767,80,80,1666.0,0.052975093342127376,0.9827265059512594,1.9721160491813767,80,1666.0,0.9827265059512594
2590.0,77,1801.0,15.798245614035087,2.3757934968525594,77,77,1801.0,0.07304393182128627,1.3539472747493073,2.3757934968525594,77,1801.0,1.3539472747493073
2595.0,76,1999.0,17.232758620689655,2.307443405732358,76,76,1999.0,0.06145725035889904,1.1661899677810121,2.307443405732358,76,1999.0,1.1661899677810121
2600.0,77,2212.0,19.403508771929825,2.4097701410529573,77,77,2207.0,0.06814050539915446,1.2892101551354505,2.4097701410529573,77,2207.0,1.2892101551354505
2605.0,85,2475.0,21.153846153846153,2.3703903149069574,85,85,2475.0,0.05682235258168282,1.0647574393659327,2.3703903149069574,85,2475.0,1.0647574393659327
2610.0,83,2598.0,22.205128205128204,2.418379852714554,83,83,2598.0,0.06533491228859253,1.2382979437730197,2.418379852714554,83,2598.0,1.2382979437730197
2615.0,81,2870.0,24.956521739130434,2.3825522348338515,81,81,2868.0,0.06209928922711826,1.1594989769962645,2.3825522348338515,81,2868.0,1.1594989769962645
2620.0,83,3152.0,26.94017094017094,2.259457666796471,83,83,3151.0,0.06113197803416817,1.0434945105126896,2.259457666796471,83,3151.0,1.0434945105126896
2625.0,83,3435.0,30.13157894736842,2.0946445698803107,83,83,3435.0,0.06252818479572206,1.110375769479097,2.0946445698803107,83,3435.0,1.110375769479097
2630.0,84,3723.0,32.0948275862069,2.1169442417562667,84,84,3721.0,0.05750514082163657,1.006306929954413,2.1169442417562667,84,3721.0,1.006306929954413
2635.0,86,4085.0,35.833333333333336,1.9155871212858033,86,86,4085.0,0.05555019872213112,1.0099204549063086,1.9155871212858033,86,4085.0,1.0099204549063086
2640.0,89,4391.0,39.205357142857146,1.7301773864676924,89,89,4391.0,0.04368242533634938,0.7920243934866257,1.7301773864676924,89,4391.0,0.7920243934866257
2645.0,90,4611.0,40.80530973451327,1.519429338411554,90,90,4568.0,0.042509306963390496,0.7703606952419957,1.519429338411554,90,4568.0,0.7703606952419957
2650.0,85,4820.0,42.65486725663717,2.0214954495056277,85,85,4820.0,0.06884125416351902,1.2248334528009732,2.0214954495056277,85,4820.0,1.2248334528009732
2655.0,81,5006.0,43.530434782608694,2.1577735227253996,81,81,5006.0,0.07064789820441177,1.2614204793980262,2.1577735227253996,81,5006.0,1.2614204793980262
2660.0,81,5166.0,45.716814159292035,2.2595106431658833,81,81,5166.0,0.07941488303254508,1.431508126378898,2.2595106431658833,81,5166.0,1.431508126378898
2665.0,83,5337.0,46.008620689655174,2.3330716422629445,83,83,5335.0,0.07382064176691654,1.3636326841358168,2.3330716422629445,83,5335.0,1.3636326841358168
2670.0,81,5514.0,47.947826086956525,2.384878123509519,81,81,5512.0,0.0789031668909334,1.4051947831696991,2.384878123509519,81,5512.0,1.4051947831696991
2675.0,82,5696.0,50.4070796460177,2.320882145621411,82,82,5696.0,0.0825091909670357,1.4556891821620228,2.320882145621411,82,5696.0,1.4556891821620228
2680.0,82,5881.0,51.58771929824562,2.042115949392206,82,82,5881.0,0.06822837323581418,1.21431577547023,2.042115949392206,82,5881.0,1.21431577547023
2685.0,84,6072.0,53.26315789473684,2.04575335063393,84,84,6072.0,0.058660922565235175,1.0889139430726953,2.04575335063393,84,6072.0,1.0889139430726953
2690.0,85,6274.0,53.623931623931625,2.1312391099848433,85,85,6274.0,0.0631885187858491,1.1647945844506382,2.1312391099848433,85,6274.0,1.1647945844506382
2695.0,87,6634.0,56.7008547008547,2.0759986591591693,87,87,6634.0,0.06038427764151229,1.1106833865231367,2.0759986591591693,87,6634.0,1.1106833865231367
2700.0,93,7088.0,61.63478260869565,1.847402509979337,93,93,7088.0,0.05381824859863375,1.0309069200873582,1.847402509979337,93,7088.0,1.0309069200873582
2705.0,98,7568.0,65.24137931034483,1.4193315926925643,98,98,7568.0,0.04052040556839609,0.7610119423962577,1.4193315926925643,98,7568.0,0.7610119423962577
2710.0,98,7913.0,69.41228070175438,1.2273408354549291,98,98,7913.0,0.03142324206658836,0.6247742341878049,1.2273408354549291,98,7913.0,0.6247742341878049
2715.0,93,8138.0,70.15517241379311,1.3605061001747436,93,93,8090.0,0.04595481564364868,0.8508552349241849,1.3605061001747436,93,8090.0,0.8508552349241849
2720.0,91,8345.0,71.9396551724138,1.6672433999460494,91,91,8345.0,0.060559155076702606,1.0892068934237868,1.6672433999460494,91,8345.0,1.0892068934237868
2725.0,89,8535.0,72.94871794871794,1.8601875771916134,89,89,8535.0,0.06914574487144216,1.261469273964847,1.8601875771916134,89,8535.0,1.261469273964847
2730.0,82,8704.0,74.3931623931624,2.325651969939503,82,82,8704.0,0.09144017806770405,1.6259678407722766,2.325651969939503,82,8704.0,1.6259678407722766
2735.0,78,8274.0,71.94782608695652,2.2305598829088447,78,78,8274.0,0.08392395412923534,1.5690471770638708,2.2305598829088447,78,8274.0,1.5690471770638708
2740.0,74,7431.0,62.97457627118644,2.274594779346796,74,74,7239.0,0.08656672828105086,1.563599832417334,2.274594779346796,74,7239.0,1.563599832417334
2745.0,72,6577.0,55.73728813559322,2.6747220228538864,72,72,6577.0,0.10131968763248379,1.8046936905741393,2.6747220228538864,72,6577.0,1.8046936905741393
2750.0,68,5633.0,46.553719008264466,2.7955727805104003,68,68,5633.0,0.09508640548673278,1.7174444826107644,2.7955727805104003,68,5633.0,1.7174444826107644
2755.0,71,4762.0,39.68333333333333,2.8522035976791256,71,71,4702.0,0.09399509945742948,1.6360113707166466,2.8522035976791256,71,4702.0,1.6360113707166466
2760.0,71,3965.0,33.319327731092436,2.9678053500633146,71,71,3965.0,0.09985324952745922,1.8021952735810416,2.9678053500633146,71,3965.0,1.8021952735810416
2765.0,74,3304.0,26.86178861788618,2.7860225214340106,74,74,3304.0,0.0756300174089693,1.4731292499522366,2.7860225214340106,74,3304.0,1.4731292499522366
2770.0,74,2629.0,21.549180327868854,2.840572056939725,74,74,2616.0,0.08767661601832902,1.6264705961060868,2.840572056939725,74,2616.0,1.6264705961060868
2775.0,74,2083.0,17.07377049180328,2.581987354895204,74,74,2083.0,0.080075916691731,1.4799679417331026,2.581987354895204,74,2083.0,1.4799679417331026
2780.0,73,1652.0,13.882352941176471,2.5376358257683713,73,73,1652.0,0.07997844738474469,1.5128292306842817,2.5376358257683713,73,1652.0,1.5128292306842817
2785.0,73,1563.0,13.025,2.6084378436720193,73,73,1503.0,0.08256792989112911,1.5318378628064513,2.6084378436720193,73,1503.0,1.5318378628064513
2790.0,73,1781.0,15.09322033898305,2.672625035535732,73,73,1781.0,0.0924232556395464,1.7096772057120666,2.672625035535732,73,1781.0,1.7096772057120666
2795.0,79,2088.0,18.0,2.4569782357672456,79,79,2088.0,0.07944573481962561,1.4719744959953445,2.4569782357672456,79,2088.0,1.4719744959953445
2800.0,81,2357.0,19.97457627118644,2.2151974109667893,81,81,2357.0,0.0564430170776052,1.1030207720343426,2.2151974109667893,81,2357.0,1.1030207720343426
2805.0,78,2580.0,22.24137931034483,2.2884057575645764,78,78,2562.0,0.05988107226209223,1.1534104540641594,2.2884057575645764,78,2562.0,1.1534104540641594
2810.0,75,2786.0,23.41176470588235,2.5246866821318363,75,75,2786.0,0.07540307213575811,1.3493689320388225,2.5246866821318363,75,2786.0,1.3493689320388225
2815.0,72,2740.0,23.418803418803417,2.5067106045150553,71,72,2739.0,0.06970528240311054,1.373888049190187,2.5067106045150553,71,2739.0,1.373888049190187
2820.0,73,2599.0,22.405172413793103,2.5227082333881383,73,73,2522.0,0.06647400712233807,1.3433606055271061,2.5227082333881383,73,2522.0,1.3433606055271061
2825.0,74,2461.0,20.680672268907564,2.5012086572094656,74,74,2461.0,0.06830199932607657,1.339763734872073,2.5012086572094656,74,2461.0,1.339763734872073
2830.0,73,2273.0,19.427350427350426,2.348761536835835,73,73,2273.0,0.06372226150860699,1.260969918706017,2.348761536835835,73,2273.0,1.260969918706017
2835.0,73,2133.0,18.23076923076923,2.3434266283554,73,73,2108.0,0.06699473300577263,1.3093860407057976,2.3434266283554,73,2108.0,1.3093860407057976
2840.0,75,1995.0,17.198275862068964,2.3163310290503727,75,75,1995.0,0.07026301866177169,1.3268992241136293,2.3163310290503727,75,1995.0,1.3268992241136293
2845.0,78,1865.0,15.805084745762711,2.2765084350897618,78,78,1865.0,0.07503017165945249,1.3499953500466697,2.2765084350897618,78,1865.0,1.3499953500466697
2850.0,77,1791.0,15.177966101694915,2.378396250839777,77,77,1791.0,0.07238770906087787,1.344724770736592,2.378396250839777,77,1791.0,1.344724770736592
2855.0,82,1734.0,14.948275862068966,2.2294889396798854,82,82,1734.0,0.061623024169901675,1.1564124276243966,2.2294889396798854,82,1734.0,1.1564124276243966
2860.0,86,1835.0,15.818965517241379,1.8741188205421722,86,86,1784.0,0.05817530065220609,0.9825362787166488,1.8741188205421722,86,1784.0,0.9825362787166488
2865.0,90,2199.0,19.121739130434783,1.6827173975682872,90,90,2199.0,0.045611385606231215,0.8215630681751477,1.6827173975682872,90,2199.0,0.8215630681751477
2870.0,93,2641.0,22.767241379310345,1.5541957501544634,93,93,2641.0,0.03675113819126826,0.6951600593760099,1.5541957501544634,93,2641.0,0.6951600593760099
2875.0,97,3116.0,27.095652173913045,1.4305762159457676,97,97,3111.0,0.03741862781881943,0.6621668673720799,1.4305762159457676,97,3111.0,0.6621668673720799
2880.0,99,3609.0,31.938053097345133,1.3272564171636583,99,99,3609.0,0.04093529606251749,0.7332234711456592,1.3272564171636583,99,3609.0,0.7332234711456592
2885.0,99,4104.0,35.07692307692308,1.4164853124674468,99,99,4104.0,0.033863985279748175,0.6523644859813105,1.4164853124674468,99,4104.0,0.6523644859813105
2890.0,98,4374.0,37.38461538461539,1.4686011721612924,98,98,4374.0,0.034918303251822595,0.6504083574863749,1.4686011721612924,98,4374.0,0.6504083574863749
2895.0,93,4474.0,38.56896551724138,1.4534681983952784,93,93,4401.0,0.04892805239934236,0.8304413773116268,1.4534681983952784,93,4401.0,0.8304413773116268
2900.0,91,4557.0,39.62608695652174,1.5552363740813595,91,91,4557.0,0.061308933679588555,1.0325477281778803,1.5552363740813595,91,4557.0,1.0325477281778803
2905.0,91,4618.0,39.13559322033898,1.755508712180157,91,91,4618.0,0.06510090089593776,1.1634707953854306,1.755508712180157,91,4618.0,1.1634707953854306
2910.0,88,4683.0,39.686440677966104,1.9126464034903867,88,88,4678.0,0.06622575583742697,1.186229775147651,1.9126464034903867,88,4678.0,1.186229775147651
2915.0,90,4754.0,40.63247863247863,1.8281832462147436,90,90,4754.0,0.06198993571290675,1.1413812347165608,1.8281832462147436,90,4754.0,1.1413812347165608
2920.0,88,4552.0,38.252100840336134,1.6432614245345913,88,88,4552.0,0.047126736298975964,0.8846292050329074,1.6432614245345913,88,4552.0,0.8846292050329074
2925.0,86,4159.0,34.94957983193277,1.8551613405188945,86,86,4070.0,0.05975115914100194,1.0484942513028699,1.8551613405188945,86,4070.0,1.0484942513028699
2930.0,81,3744.0,30.94214876033058,2.0691257083786505,81,81,3744.0,0.0751161128771097,1.2980528742109043,2.0691257083786505,81,3744.0,1.2980528742109043
2935.0,80,3305.0,27.77310924369748,1.9305998125031272,80,80,3305.0,0.062065901674641336,1.163370189801469,1.9305998125031272,80,3305.0,1.163370189801469
2940.0,80,3063.0,25.73949579831933,2.1589953520376692,80,80,3053.0,0.06827361225560347,1.2827015929877774,2.1589953520376692,80,3053.0,1.2827015929877774
2945.0,85,3012.0,24.48780487804878,2.0597435113525684,85,85,3012.0,0.06607241796637035,1.1486178206986917,2.0597435113525684,85,3012.0,1.1486178206986917
2950.0,90,2997.0,24.565573770491802,1.87027359126655,90,90,2997.0,0.05553922762604906,0.9986848068581872,1.87027359126655,90,2997.0,0.9986848068581872
2955.0,89,2845.0,23.130081300813007,1.7814513339961815,89,89,2845.0,0.049953232263609086,0.9472827351846409,1.7814513339961815,89,2845.0,0.9472827351846409
2960.0,87,2580.0,21.5,1.8057319346113918,87,87,2532.0,0.06009829886049486,1.1456688302090343,1.8057319346113918,87,2532.0,1.1456688302090343
2965.0,85,2295.0,18.658536585365855,2.147798378510204,85,85,2295.0,0.07515954202841059,1.4209170610583437,2.147798378510204,85,2295.0,1.4209170610583437
2970.0,79,2058.0,16.73170731707317,2.412551053960786,79,79,2058.0,0.08281415178474992,1.5345673849241395,2.412551053960786,79,2058.0,1.5345673849241395
2975.0,76,2029.0,16.768595041322314,2.4947583233330475,76,76,2029.0,0.08711670293424423,1.670859564900675,2.4947583233330475,76,2029.0,1.670859564900675
2980.0,82,2175.0,17.54032258064516,2.300554473498082,82,82,2161.0,0.07256961852699433,1.3746234770038064,2.300554473498082,82,2161.0,1.3746234770038064
2985.0,88,2353.0,19.28688524590164,2.1950722447051896,88,88,2353.0,0.0630081523966233,1.182852576376826,2.1950722447051896,88,2353.0,1.182852576376826
2990.0,87,2465.0,19.879032258064516,2.1542613837641404,87,87,2465.0,0.05385084849077363,1.0604869768759786,2.1542613837641404,87,2465.0,1.0604869768759786
2995.0,90,2660.0,21.6260162601626,2.1793252435941475,90,90,2593.0,0.05595688939367012,1.0901914402159527,2.1793252435941475,90,2593.0,1.0901914402159527
3000.0,90,2860.0,23.636363636363637,2.07677787638765,90,90,2860.0,0.061272986386391975,1.1463203327575788,2.07677787638765,90,2860.0,1.1463203327575788
3005.0,93,3118.0,25.14516129032258,1.890346133538925,93,93,3118.0,0.048954488713801675,0.9161337836184562,1.890346133538925,93,3118.0,0.9161337836184562
3010.0,96,3575.0,29.30327868852459,1.858404850740266,96,96,3575.0,0.05412920805278974,1.0254547299777261,1.858404850740266,96,3575.0,1.0254547299777261
3015.0,99,4031.0,32.248,1.6270375868342453,99,99,4031.0,0.041633922888694046,0.779624024496021,1.6270375868342453,99,4031.0,0.779624024496021
3020.0,104,4545.0,36.951219512195124,1.5023482813305027,104,104,4525.0,0.042423315226183395,0.7630561778883403,1.5023482813305027,104,4525.0,0.7630561778883403
3025.0,108,5069.0,40.87903225806452,1.4385636974051288,108,108,5069.0,0.046643247142545766,0.8420358864255252,1.4385636974051288,108,5069.0,0.8420358864255252
3030.0,106,5598.0,45.145161290322584,1.4901377558822448,106,106,5598.0,0.041634123791907056,0.7568073487008458,1.4901377558822448,106,5598.0,0.7568073487008458
3035.0,107,6131.0,50.66942148760331,1.395416563489223,107,107,6131.0,0.037024034944815244,0.7092360573334364,1.395416563489223,107,6131.0,0.7092360573334364
3040.0,108,6668.0,54.65573770491803,1.0687626515181308,108,108,6668.0,0.030363680225553344,0.5351503543512373,1.0687626515181308,108,6668.0,0.5351503543512373
3045.0,107,6999.0,57.84297520661157,1.0394102135145304,107,107,6999.0,0.027885748716734403,0.49787970011451715,1.0394102135145304,107,6999.0,0.49787970011451715
3050.0,103,7170.0,58.292682926829265,1.062447477850234,103,103,7102.0,0.03361045541470763,0.5779384892682327,1.062447477850234,103,7102.0,0.5779384892682327
3055.0,99,7325.0,59.552845528455286,1.394992723629793,99,99,7325.0,0.04719884458155077,0.8435997974803415,1.394992723629793,99,7325.0,0.8435997974803415
3060.0,98,7466.0,60.699186991869915,1.5204098683909117,98,98,7466.0,0.04892805139626553,0.8929801075813633,1.5204098683909117,98,7466.0,0.8929801075813633
3065.0,100,7612.0,59.93700787401575,1.5353895765407062,100,100,7612.0,0.038731575066020235,0.7500641598676271,1.5353895765407062,100,7612.0,0.7500641598676271
3070.0,101,7766.0,62.128,1.4970773049242976,101,101,7766.0,0.043529327762601405,0.8442528997673511,1.4970773049242976,101,7766.0,0.8442528997673511
3075.0,100,7855.0,61.8503937007874,1.3671047004093502,100,100,7855.0,0.04016299704776812,0.7919313012226186,1.3671047004093502,100,7855.0,0.7919313012226186
3080.0,100,8001.0,63.5,1.491949298893515,100,100,7971.0,0.053166650111935505,0.9801665953402662,1.491949298893515,100,7971.0,0.9801665953402662
3085.0,104,8154.0,63.703125,1.5288737510011883,104,104,8154.0,0.061651151274893096,1.0945120697733275,1.5288737510011883,104,8154.0,1.0945120697733275
3090.0,102,8312.0,64.9375,1.5153737021823868,102,102,8312.0,0.04696278571646817,0.8989198628782143,1.5153737021823868,102,8312.0,0.8989198628782143
3095.0,103,8638.0,67.484375,1.620748711214507,103,103,8638.0,0.045671565341613374,0.8906884312282022,1.620748711214507,103,8638.0,0.8906884312282022
3100.0,108,9159.0,70.45384615384616,1.32732834223678,108,108,9159.0,0.031477335474300865,0.6167060918715864,1.32732834223678,108,9159.0,0.6167060918715864
3105.0,113,9709.0,75.26356589147287,1.1260274111078619,113,113,9709.0,0.023300350873247604,0.46376043227947766,1.1260274111078619,113,9709.0,0.46376043227947766
3110.0,116,10283.0,79.71317829457364,0.9360355742544847,116,116,10281.0,0.02873201013380034,0.5055327531392655,0.9360355742544847,116,10281.0,0.5055327531392655
3115.0,116,10859.0,84.17829457364341,0.8971074762583304,116,116,10859.0,0.025681871856853857,0.4647441352530881,0.8971074762583304,116,10859.0,0.4647441352530881
3120.0,117,11444.0,88.71317829457364,1.0213315815215638,117,117,11444.0,0.02319510774824571,0.4520476397072082,1.0213315815215638,117,11444.0,0.4520476397072082
3125.0,118,12031.0,90.45864661654136,1.059209154423355,118,118,12031.0,0.02611712741652403,0.4727341170670843,1.059209154423355,118,12031.0,0.4727341170670843
3130.0,116,12409.0,93.30075187969925,1.1529805635616932,116,116,12409.0,0.025099464859000345,0.4831956807790095,1.1529805635616932,116,12409.0,0.4831956807790095
3135.0,111,12624.0,94.9172932330827,1.2621812670246975,111,111,12556.0,0.03518384116441443,0.6459054538348936,1.2621812670246975,111,12556.0,0.6459054538348936
3140.0,108,12821.0,96.3984962406015,1.502807882985445,108,108,12821.0,0.04894969986956294,0.897966429982815,1.502807882985445,108,12821.0,0.897966429982815
3145.0,106,12992.0,98.42424242424242,1.4997537854984488,106,106,12992.0,0.04944320779480442,0.921189982393002,1.4997537854984488,106,12992.0,0.921189982393002
3150.0,105,13167.0,100.5114503816794,1.498492672991157,105,105,13162.0,0.050223113377991305,0.9249410995791318,1.498492672991157,105,13162.0,0.9249410995791318
3155.0,106,13345.0,101.87022900763358,1.5652733976786708,106,106,13345.0,0.04778196486365685,0.9016939752143792,1.5652733976786708,106,13345.0,0.9016939752143792
3160.0,106,13525.0,103.2442748091603,1.366849369471,106,106,13525.0,0.04396320036538778,0.7850026002767548,1.366849369471,106,13525.0,0.7850026002767548
3165.0,107,13709.0,104.64885496183206,1.42194024816753,107,107,13709.0,0.046072495021072545,0.7996234716482628,1.42194024816753,107,13709.0,0.7996234716482628
3170.0,107,13894.0,104.46616541353383,1.4060471874069267,107,107,13894.0,0.034192129697457704,0.643485138185926,1.4060471874069267,107,13894.0,0.643485138185926
3175.0,108,14081.0,106.67424242424242,1.3293937509781264,108,108,14081.0,0.03364410011016218,0.6292915881147839,1.3293937509781264,108,14081.0,0.6292915881147839
3180.0,108,14326.0,108.53030303030303,1.4502006445328608,108,108,14326.0,0.04123706069683924,0.7737688922764525,1.4502006445328608,108,14326.0,0.7737688922764525
3185.0,110,14812.0,109.71851851851852,1.3591838522997646,110,110,14812.0,0.0377596028902071,0.6924123229320476,1.3591838522997646,110,14812.0,0.6924123229320476
3190.0,115,15377.0,115.61654135338345,1.2506012819583179,115,115,15377.0,0.03412094048360102,0.6491541729090585,1.2506012819583179,115,15377.0,0.6491541729090585
3195.0,116,15810.0,119.77272727272727,0.9456885096940162,116,116,15810.0,0.024288728707597226,0.468566887484535,0.9456885096940162,116,15810.0,0.468566887484535
3200.0,113,16132.0,123.14503816793894,1.082077434814112,113,113,16084.0,0.03490032502046409,0.6676646531850722,1.082077434814112,113,16084.0,0.6676646531850722
3205.0,110,16432.0,124.48484848484848,1.330150170853133,110,110,16432.0,0.05027761297375344,0.934108696100608,1.330150170853133,110,16432.0,0.934108696100608
3210.0,105,15886.0,121.26717557251908,1.3248103240697735,105,105,15886.0,0.05019707848250977,0.9173915814934145,1.3248103240697735,105,15886.0,0.9173915814934145
3215.0,101,14772.0,113.63076923076923,1.3991661664907464,101,101,14499.0,0.047269219116090506,0.8709340973278205,1.3991661664907464,101,14499.0,0.8709340973278205
3220.0,98,13636.0,103.3030303030303,1.4174621293527057,98,98,13636.0,0.04834646291831203,0.8369244837160883,1.4174621293527057,98,13636.0,0.8369244837160883
3225.0,94,12486.0,94.5909090909091,1.763173052191957,94,94,12486.0,0.06568894928980935,1.0835870713746742,1.763173052191957,94,12486.0,1.0835870713746742
3230.0,89,11251.0,84.59398496240601,1.8479543937379395,89,89,11251.0,0.07004690232689313,1.202409997488811,1.8479543937379395,89,11251.0,1.202409997488811
3235.0,86,9955.0,74.84962406015038,2.001527318769705,86,86,9937.0,0.07030483440712669,1.2239053780707136,2.001527318769705,86,9937.0,1.2239053780707136
3240.0,81,8640.0,65.45454545454545,2.3353078501973905,81,81,8640.0,0.08511550780085841,1.4883528051947152,2.3353078501973905,81,8640.0,1.4883528051947152
3245.0,78,7199.0,53.723880597014926,2.2114375716928696,78,78,7199.0,0.07107995044868172,1.3434495873735077,2.2114375716928696,78,7199.0,1.3434495873735077
3250.0,77,6004.0,45.142857142857146,2.4419607925977482,77,77,5959.0,0.08544416879522071,1.575179284830123,2.4419607925977482,77,5959.0,1.575179284830123
3255.0,82,4924.0,36.474074074074075,2.4621551716475794,82,82,4924.0,0.08497417472208976,1.4903806914375746,2.4621551716475794,82,4924.0,1.4903806914375746
3260.0,87,3831.0,28.804511278195488,2.232060238138769,87,87,3831.0,0.07253807354822381,1.2762226649917252,2.232060238138769,87,3831.0,1.2762226649917252
3265.0,89,2873.0,21.440298507462686,2.2952112420446285,89,89,2837.0,0.07013331823798201,1.281772126605561,2.2952112420446285,89,2837.0,1.281772126605561
3270.0,89,2171.0,16.20149253731343,2.2421800984531095,89,89,2171.0,0.060810094074502254,1.1569745405187253,2.2421800984531095,89,2171.0,1.1569745405187253
3275.0,88,1834.0,13.893939393939394,2.2219809198767493,88,88,1834.0,0.0647442462598272,1.235234823366649,2.2219809198767493,88,1834.0,1.235234823366649
3280.0,92,2183.0,16.291044776119403,2.0303061699370546,92,92,2170.0,0.05791213238630397,1.0767433592800504,2.0303061699370546,92,2170.0,1.0767433592800504
3285.0,102,2662.0,19.865671641791046,1.8740266823423724,102,102,2662.0,0.054078832368958524,0.9681024449981802,1.8740266823423724,102,2662.0,0.9681024449981802
3290.0,109,3060.0,22.666666666666668,1.4414878940023608,109,109,3060.0,0.028496883594267497,0.5478900260380495,1.4414878940023608,109,3060.0,0.5478900260380495
3295.0,108,3378.0,25.208955223880597,1.4166134028098283,108,108,3335.0,0.03484627534286503,0.6185233636096013,1.4166134028098283,108,3335.0,0.6185233636096013
3300.0,106,3688.0,27.729323308270676,1.516022825915211,106,106,3688.0,0.04598988624745112,0.7917406249215834,1.516022825915211,106,3688.0,0.7917406249215834
3305.0,104,3975.0,29.887218045112782,1.3716509233402943,104,104,3975.0,0.043463586880044314,0.7861675816017554,1.3716509233402943,104,3975.0,0.7861675816017554
3310.0,105,4274.0,32.13533834586466,1.5442737703190599,105,105,4265.0,0.046575833137283126,0.8310243989580254,1.5442737703190599,105,4265.0,0.8310243989580254
3315.0,105,4574.0,33.88148148148148,1.7161643027264888,105,105,4574.0,0.054439172878643576,0.9981046505877338,1.7161643027264888,105,4574.0,0.9981046505877338
3320.0,105,4836.0,36.63636363636363,1.5567583904159903,105,105,4836.0,0.04073862282168793,0.8170923224368125,1.5567583904159903,105,4836.0,0.8170923224368125
3325.0,107,5136.0,38.32835820895522,1.5704273678382459,107,107,5101.0,0.044002442343223154,0.8575732160089303,1.5704273678382459,107,5101.0,0.8575732160089303
3330.0,107,5441.0,40.6044776119403,1.5780455671825335,107,107,5441.0,0.04612139916327548,0.884715033891231,1.5780455671825335,107,5441.0,0.884715033891231
3335.0,104,5655.0,42.201492537313435,1.6733094593134594,104,104,5655.0,0.04025943668324626,0.8431903320444163,1.6733094593134594,104,5655.0,0.8431903320444163
3340.0,101,5829.0,43.82706766917293,1.472388033033358,101,101,5801.0,0.04222302890110022,0.8155013550135486,1.472388033033358,101,5801.0,0.8155013550135486
3345.0,100,6168.0,46.37593984962406,1.777925098515219,100,100,6168.0,0.0564119887752059,1.0676941870051042,1.777925098515219,100,6168.0,1.0676941870051042
3350.0,101,6488.0,48.417910447761194,1.5221196163637878,101,101,6488.0,0.0388114323832692,0.7471846717974676,1.5221196163637878,101,6488.0,0.7471846717974676
3355.0,103,6852.0,52.30534351145038,1.5841762351355273,103,103,6833.0,0.04383053378467451,0.8575148803397212,1.5841762351355273,103,6833.0,0.8575148803397212
3360.0,104,7220.0,55.53846153846154,1.5977554597918164,104,104,7220.0,0.03810647738811219,0.7192016806722662,1.5977554597918164,104,7220.0,0.7192016806722662
3365.0,101,7179.0,54.80152671755725,1.468965758038494,101,101,7179.0,0.03895095768753329,0.7763437979010821,1.468965758038494,101,7179.0,0.7763437979010821
3370.0,97,6848.0,52.274809160305345,1.806242732212983,97,97,6715.0,0.051103899067766974,0.9824014953842725,1.806242732212983,97,6715.0,0.9824014953842725
3375.0,93,6494.0,48.82706766917293,2.1234175519411127,93,93,6494.0,0.06472804186461742,1.1940083333333256,2.1234175519411127,93,6494.0,1.1940083333333256
3380.0,91,6120.0,46.015037593984964,2.2547007260823246,91,91,6120.0,0.06424249670537614,1.2113622655767213,2.2547007260823246,91,6120.0,1.2113622655767213
3385.0,93,5793.0,43.556390977443606,2.1916741821590375,93,93,5792.0,0.059352335979724766,1.0992623679356683,2.1916741821590375,93,5792.0,1.0992623679356683
3390.0,96,5588.0,42.333333333333336,2.065711761589299,96,96,5588.0,0.057598503649625925,1.0954572831899083,2.065711761589299,96,5588.0,1.0954572831899083
3395.0,101,5408.0,41.6,1.8431750641308642,101,101,5408.0,0.05144778269121283,0.9520138267978878,1.8431750641308642,101,5408.0,0.9520138267978878
3400.0,102,5182.0,39.55725190839695,1.6285449339168645,102,102,5182.0,0.036396087246711346,0.7065921461373225,1.6285449339168645,102,5182.0,0.7065921461373225
3405.0,103,5019.0,38.906976744186046,1.5584903123963185,103,103,4962.0,0.04320810068159442,0.7773126627559959,1.5584903123963185,103,4962.0,0.7773126627559959
3410.0,104,4859.0,37.9609375,1.3580178095320634,104,104,4859.0,0.046354739585418005,0.8243616303972287,1.3580178095320634,104,4859.0,0.8243616303972287
3415.0,102,4683.0,36.5859375,1.3660120191755585,102,102,4683.0,0.03500697138395527,0.6797837399655722,1.3660120191755585,102,4683.0,0.6797837399655722
3420.0,103,4523.0,35.61417322834646,1.4237377470840376,103,103,4512.0,0.044235576607598096,0.8097456607673353,1.4237377470840376,103,4512.0,0.8097456607673353
3425.0,103,4365.0,33.57692307692308,1.5008598553459112,103,103,4365.0,0.04680479708007767,0.8534505272336486,1.5008598553459112,103,4365.0,0.8534505272336486
3430.0,105,4367.0,33.85271317829457,1.4656221533608824,105,105,4367.0,0.043576575822803366,0.8030049780487319,1.4656221533608824,105,4367.0,0.8030049780487319
3435.0,108,4646.0,36.58267716535433,1.0857944393020704,108,108,4646.0,0.03719514105957754,0.6898360021374759,1.0857944393020704,108,4646.0,0.6898360021374759
3440.0,109,4761.0,36.906976744186046,1.1620047873828847,109,109,4678.0,0.04204423817059262,0.7393562536229906,1.1620047873828847,109,4678.0,0.7393562536229906
3445.0,107,4866.0,36.86363636363637,1.452232872607861,107,107,4866.0,0.05561248349757757,0.9763275264597859,1.452232872607861,107,4866.0,0.9763275264597859
3450.0,104,4948.0,37.203007518796994,1.4932940104909398,104,104,4948.0,0.053284442432842256,0.9380405988588818,1.4932940104909398,104,4948.0,0.9380405988588818
3455.0,106,5052.0,38.27272727272727,1.5533185082182328,106,106,5043.0,0.05302183287726532,0.9344744422962191,1.5533185082182328,106,5043.0,0.9344744422962191
3460.0,106,5157.0,38.485074626865675,1.4206574545582664,106,106,5157.0,0.04541156713705186,0.7728906806209239,1.4206574545582664,106,5157.0,0.7728906806209239
3465.0,108,5272.0,39.6390977443609,1.3996211461733181,108,108,5272.0,0.03879143225543605,0.7119538143344373,1.3996211461733181,108,5272.0,0.7119538143344373
3470.0,108,5387.0,40.201492537313435,1.5387827523596045,108,108,5387.0,0.03883465556538029,0.7509644282498997,1.5387827523596045,108,5387.0,0.7509644282498997
3475.0,109,5505.0,41.082089552238806,1.4009337888235274,109,109,5505.0,0.036055749968573914,0.6828358225297851,1.4009337888235274,109,5505.0,0.6828358225297851
3480.0,109,5625.0,42.61363636363637,1.3307835463051951,109,109,5625.0,0.034081387628746795,0.6188690432372204,1.3307835463051951,109,5625.0,0.6188690432372204
3485.0,106,5727.0,42.422222222222224,1.3869485460019324,106,106,5727.0,0.03881873873163459,0.7409880237736476,1.3869485460019324,106,5727.0,0.7409880237736476
3490.0,103,5995.0,44.407407407407405,1.6641149413382508,103,103,5962.0,0.05135890679631311,0.9390242175137513,1.6641149413382508,103,5962.0,0.9390242175137513
3495.0,103,6335.0,47.63157894736842,1.5655606542245346,103,103,6335.0,0.05573598371872381,0.9607609034876305,1.5655606542245346,103,6335.0,0.9607609034876305
3500.0,106,6681.0,50.233082706766915,1.4561165755615633,106,106,6681.0,0.04879560563550073,0.8549818645178596,1.4561165755615633,106,6681.0,0.8549818645178596
3505.0,107,7036.0,52.507462686567166,1.6042494161251901,107,107,7036.0,0.05022298486957364,0.9222836907834837,1.6042494161251901,107,7036.0,0.9222836907834837
3510.0,107,7392.0,55.578947368421055,1.4659075003220323,107,107,7392.0,0.04276885665497895,0.7942469840665785,1.4659075003220323,107,7392.0,0.7942469840665785
3515.0,104,7341.0,56.038167938931295,1.463948706902265,104,104,7341.0,0.04516359382913378,0.8441453877654587,1.463948706902265,104,7341.0,0.8441453877654587
3520.0,101,6999.0,52.62406015037594,1.4717787229339747,101,101,6866.0,0.047322699596002916,0.8266503195841051,1.4717787229339747,101,6866.0,0.8266503195841051
3525.0,97,6642.0,49.93984962406015,1.7682771149052054,97,97,6642.0,0.061957185603293614,1.0689966838843783,1.7682771149052054,97,6642.0,1.0689966838843783
3530.0,92,6172.0,45.71851851851852,1.8988950627542382,92,92,6172.0,0.059639176934765274,1.0892057683032852,1.8988950627542382,92,6172.0,1.0892057683032852
3535.0,88,5620.0,42.255639097744364,2.015552034362019,88,88,5592.0,0.06397187740370526,1.1885139189331275,2.015552034362019,88,5592.0,1.1885139189331275
3540.0,86,5182.0,38.962406015037594,2.334668745958352,86,86,5182.0,0.08009461743704939,1.4391059338239316,2.334668745958352,86,5182.0,1.4391059338239316
3545.0,87,4757.0,34.97794117647059,2.1868792339423573,87,87,4757.0,0.06097029337123894,1.1805993744121446,2.1868792339423573,87,4757.0,1.1805993744121446
3550.0,91,4381.0,32.93984962406015,2.1421108759899763,91,91,4359.0,0.0643428908839318,1.1842600110085775,2.1421108759899763,91,4359.0,1.1842600110085775
3555.0,91,4011.0,30.386363636363637,2.0893971219262584,91,91,4011.0,0.07249442690016936,1.273170755547846,2.0893971219262584,91,4011.0,1.273170755547846
3560.0,91,3503.0,26.53787878787879,2.126622097808101,91,91,3503.0,0.06380645860759065,1.182880767470761,2.126622097808101,91,3503.0,1.182880767470761
3565.0,92,3127.0,23.51127819548872,2.1221647939919137,92,92,3032.0,0.062402947247317576,1.1519332659204824,2.1221647939919137,92,3032.0,1.1519332659204824
3570.0,91,2756.0,21.0381679389313,2.020792252578936,91,91,2756.0,0.06326177563377486,1.1702633212840745,2.020792252578936,91,2756.0,1.1702633212840745
3575.0,91,2384.0,18.198473282442748,2.0787290854630163,91,91,2384.0,0.06339553337589032,1.1964919992372451,2.0787290854630163,91,2384.0,1.1964919992372451
3580.0,93,2183.0,16.413533834586467,1.984738929143587,93,93,2179.0,0.053249656989030766,0.9714562248098948,1.984738929143587,93,2179.0,0.9714562248098948
3585.0,102,2663.0,20.328244274809162,1.6653081111810462,102,102,2663.0,0.04766282341227575,0.8655644358058978,1.6653081111810462,102,2663.0,0.8655644358058978
3590.0,109,3061.0,23.015037593984964,1.3118566233822069,109,109,3061.0,0.030124135986784113,0.5484664521213855,1.3118566233822069,109,3061.0,0.5484664521213855
3595.0,108,3378.0,25.208955223880597,1.3716994177479762,108,108,3335.0,0.035538205334481265,0.578547018480453,1.3716994177479762,108,3335.0,0.578547018480453
3600.0,106,3688.0,28.15267175572519,1.4296474355829802,106,106,3688.0,0.05197766857134676,0.8500139554213465,1.4296474355829802,106,3688.0,0.8500139554213465
3605.0,104,3976.0,29.671641791044777,1.4591016072246816,104,104,3976.0,0.04681985327047198,0.8044077817273472,1.4591016072246816,104,3976.0,0.8044077817273472
3610.0,105,4275.0,31.902985074626866,1.6009437358859868,105,105,4267.0,0.048411466350718045,0.8243994387150904,1.6009437358859868,105,4267.0,0.8243994387150904
3615.0,105,4575.0,34.3984962406015,1.6239643019847225,105,105,4575.0,0.04960096792126867,0.8229816821020646,1.6239643019847225,105,4575.0,0.8229816821020646
3620.0,103,4826.0,36.285714285714285,1.577791398278443,103,103,4826.0,0.041929193366012245,0.7635313768037665,1.577791398278443,103,4826.0,0.7635313768037665
3625.0,100,5026.0,37.78947368421053,1.7347756007311406,100,100,5013.0,0.05790501588973569,1.041686484727417,1.7347756007311406,100,5013.0,1.041686484727417
3630.0,93,5201.0,39.40151515151515,1.9997075458575324,93,93,5201.0,0.07298976482862526,1.3272141308928138,1.9997075458575324,93,5201.0,1.3272141308928138
3635.0,92,5360.0,40.60606060606061,2.0211299820206823,92,92,5360.0,0.06475467411097106,1.2353560552705494,2.0211299820206823,92,5360.0,1.2353560552705494
3640.0,93,5561.0,41.81203007518797,1.8898937468246144,93,93,5561.0,0.060956370736186156,1.0914496647633727,1.8898937468246144,93,5561.0,1.0914496647633727
3645.0,97,5953.0,44.7593984962406,1.914433738775813,97,97,5953.0,0.05764118829799953,1.0599663116869305,1.914433738775813,97,5953.0,1.0599663116869305
3650.0,99,6327.0,47.21641791044776,1.762797979236903,99,99,6327.0,0.038025980781284024,0.7442453394936754,1.762797979236903,99,6327.0,0.7442453394936754
3655.0,97,6671.0,50.53787878787879,1.6948755926153665,97,97,6658.0,0.045665335473139106,0.857568277339901,1.6948755926153665,97,6658.0,0.857568277339901
3660.0,93,6996.0,53.815384615384616,1.849404952015611,93,93,6996.0,0.06170284473835343,1.109451853663871,1.849404952015611,93,6996.0,1.109451853663871
3665.0,90,7287.0,55.20454545454545,1.8115509964369314,90,90,7287.0,0.05548297076934419,1.0364412735389013,1.8115509964369314,90,7287.0,1.0364412735389013
3670.0,92,7623.0,58.19083969465649,1.9407959495895313,92,92,7613.0,0.061650081222561805,1.1355654660177736,1.9407959495895313,92,7613.0,1.1355654660177736
3675.0,97,8023.0,60.78030303030303,1.9406932237234318,97,97,8023.0,0.05575559214856985,1.03857142857143,1.9406932237234318,97,8023.0,1.03857142857143
3680.0,101,8447.0,63.99242424242424,1.8596069673395526,101,101,8447.0,0.04415461074986687,0.8528071022213526,1.8596069673395526,101,8447.0,0.8528071022213526
3685.0,103,8882.0,68.32307692307693,1.7960626030461273,103,103,8882.0,0.04969676770216666,0.9362078820894386,1.7960626030461273,103,8882.0,0.9362078820894386
3690.0,100,9155.0,70.96899224806202,1.6626585424791993,100,100,9155.0,0.04768804045304129,0.9122381938278328,1.6626585424791993,100,9155.0,0.9122381938278328
3695.0,102,9589.0,74.33333333333333,1.6665716743243628,102,102,9483.0,0.05105539604758977,0.9415050063417979,1.6665716743243628,102,9483.0,0.9415050063417979
3700.0,107,10108.0,77.16030534351145,1.5024201962679362,107,107,10108.0,0.04505033679570814,0.7773936787789005,1.5024201962679362,107,10108.0,0.7773936787789005
3705.0,112,10658.0,83.265625,1.1639244589848636,112,112,10658.0,0.027375558845810045,0.49898642968275386,1.1639244589848636,112,10658.0,0.49898642968275386
3710.0,114,11227.0,87.03100775193798,1.0745186900625014,114,114,11227.0,0.01984582216802757,0.3762445383604994,1.0745186900625014,114,11227.0,0.3762445383604994
3715.0,115,11801.0,93.65873015873017,0.9582684422050238,115,115,11801.0,0.024639114247885573,0.4662866316554659,0.9582684422050238,115,11801.0,0.4662866316554659
3720.0,113,11803.0,94.424,0.8975199469975401,113,113,11803.0,0.026044825572755233,0.4780089282800197,0.8975199469975401,113,11803.0,0.4780089282800197
3725.0,108,11403.0,89.78740157480316,1.0003202480912092,108,108,11215.0,0.03896861672135414,0.6612609968535318,1.0003202480912092,108,11215.0,0.6612609968535318
3730.0,105,10984.0,86.48818897637796,1.30097113298004,105,105,10984.0,0.053964170758359,0.8938884627852255,1.30097113298004,105,10984.0,0.8938884627852255
3735.0,104,10551.0,82.4296875,1.2561984842374527,104,104,10551.0,0.042673464192239045,0.7928130204836328,1.2561984842374527,104,10551.0,0.7928130204836328
3740.0,104,10121.0,79.0703125,1.3630920972928804,104,104,10121.0,0.040995146242810844,0.8246256078976428,1.3630920972928804,104,10121.0,0.8246256078976428
3745.0,107,9696.0,74.58461538461539,1.3395841063576872,107,107,9696.0,0.03592799897235022,0.7775806218658675,1.3395841063576872,107,9696.0,0.7775806218658675
3750.0,103,9125.0,71.2890625,1.371204969300111,103,103,9125.0,0.04664101967580893,0.9702171005979343,1.371204969300111,103,9125.0,0.9702171005979343
3755.0,101,8631.0,67.96062992125984,1.2706397447948048,101,101,8576.0,0.04906226941115603,0.9212704209127405,1.2706397447948048,101,8576.0,0.9212704209127405
3760.0,102,8188.0,63.47286821705426,1.3915953709679414,102,102,8188.0,0.054012086665571446,0.9748276978922085,1.3915953709679414,102,8188.0,0.9748276978922085
3765.0,104,7748.0,60.06201550387597,1.3305776959461373,104,104,7748.0,0.04561681830454892,0.8171884583915511,1.3305776959461373,104,7748.0,0.8171884583915511
3770.0,104,7318.0,55.86259541984733,1.309510906834514,104,104,7316.0,0.034465478615048416,0.6467014824680588,1.309510906834514,104,7316.0,0.6467014824680588
3775.0,105,6893.0,52.61832061068702,1.3830617665634946,105,105,6893.0,0.034700784021591,0.6484137514885397,1.3830617665634946,105,6893.0,0.6484137514885397
3780.0,103,6430.0,49.46153846153846,1.4343985323018087,103,103,6430.0,0.03970777888054889,0.7405738408910458,1.4343985323018087,103,6430.0,0.7405738408910458
3785.0,104,6209.0,47.03787878787879,1.4724027976034728,104,104,6196.0,0.04429384723920082,0.8044971323488881,1.4724027976034728,104,6196.0,0.8044971323488881
3790.0,110,6748.0,51.121212121212125,1.4434951734217838,110,110,6748.0,0.04702114365914807,0.812330488996464,1.4434951734217838,110,6748.0,0.812330488996464
3795.0,115,7312.0,53.76470588235294,1.4183035003743385,115,115,7312.0,0.04012256634295082,0.6757974317226759,1.4183035003743385,115,7312.0,0.6757974317226759
3800.0,117,7889.0,58.43703703703704,1.3417018636353037,117,117,7889.0,0.03427207519967215,0.6010905209806217,1.3417018636353037,117,7889.0,0.6010905209806217
3805.0,117,8053.0,58.78102189781022,1.348017255980806,117,117,8053.0,0.029461485946998316,0.535343436086457,1.348017255980806,117,8053.0,0.535343436086457
3810.0,114,7928.0,58.294117647058826,1.3322411953228233,114,114,7790.0,0.035218395239432744,0.6338695955047178,1.3322411953228233,114,7790.0,0.6338695955047178
3815.0,109,7783.0,58.082089552238806,1.5712282483354623,109,109,7783.0,0.05266742957870225,0.9547485522687517,1.5712282483354623,109,7783.0,0.9547485522687517
3820.0,107,7606.0,56.76119402985075,1.33696001131446,107,107,7606.0,0.04265968740568671,0.7879567987074854,1.33696001131446,107,7606.0,0.7879567987074854
3825.0,108,7445.0,55.559701492537314,1.4725912328023791,108,108,7436.0,0.04113369825358469,0.7699092307597262,1.4725912328023791,108,7436.0,0.7699092307597262
3830.0,108,7285.0,53.56617647058823,1.5329568486493528,108,108,7285.0,0.046332068576187616,0.8151321913952776,1.5329568486493528,108,7285.0,0.8151321913952776
3835.0,108,7112.0,52.294117647058826,1.5388626254198259,108,108,7112.0,0.036966321042048216,0.6953474805074831,1.5388626254198259,108,7112.0,0.6953474805074831
3840.0,108,6952.0,52.27067669172932,1.4743376218201842,108,108,6941.0,0.039818789823759956,0.7636334820526354,1.4743376218201842,108,6941.0,0.7636334820526354
3845.0,110,6796.0,49.970588235294116,1.4024498325735735,110,110,6796.0,0.034630620217352096,0.6742294349875654,1.4024498325735735,110,6796.0,0.6742294349875654
3850.0,109,6701.0,49.63703703703704,1.4765850334438575,109,109,6701.0,0.03785853325412017,0.7411991225126352,1.4765850334438575,109,6701.0,0.7411991225126352
3855.0,110,6862.0,50.455882352941174,1.4105235006220076,110,110,6860.0,0.04204202620758028,0.7639236883266097,1.4105235006220076,110,6860.0,0.7639236883266097
3860.0,110,7286.0,54.37313432835821,1.3367765622619652,110,110,7286.0,0.046026013850350704,0.8494245178889444,1.3367765622619652,110,7286.0,0.8494245178889444
3865.0,114,7710.0,56.69117647058823,1.3456199399385769,114,114,7710.0,0.03889641932492792,0.7288580903688004,1.3456199399385769,114,7710.0,0.7288580903688004
3870.0,113,8048.0,60.059701492537314,1.2211983598444724,113,113,8005.0,0.03872823569973599,0.6733566896278698,1.2211983598444724,113,8005.0,0.6733566896278698
3875.0,109,8378.0,63.46969696969697,1.4283486743707914,109,109,8378.0,0.05488582642679928,0.9706199318085843,1.4283486743707914,109,8378.0,0.9706199318085843
3880.0,107,8677.0,64.75373134328358,1.2420691015858736,107,107,8677.0,0.039618274902528304,0.7013693089101258,1.2420691015858736,107,8677.0,0.7013693089101258
3885.0,108,8992.0,67.60902255639098,1.3290047818371271,108,108,8984.0,0.04202135010988435,0.739998879701309,1.3290047818371271,108,8984.0,0.739998879701309
3890.0,108,9307.0,69.45522388059702,1.3756509389461724,108,108,9307.0,0.050129906181080146,0.8530639258658064,1.3756509389461724,108,9307.0,0.8530639258658064
3895.0,109,9625.0,72.36842105263158,1.2556625130877022,109,109,9625.0,0.03807041810569417,0.6651728064224405,1.2556625130877022,109,9625.0,0.6651728064224405
3900.0,106,9444.0,71.00751879699249,1.350000843339141,106,106,9444.0,0.04151480158826658,0.7228012071342534,1.350000843339141,106,9444.0,0.7228012071342534
3905.0,103,8913.0,65.53676470588235,1.4437846011201576,103,103,8750.0,0.04413873359313439,0.7562030956209574,1.4437846011201576,103,8750.0,0.7562030956209574
3910.0,98,8363.0,62.41044776119403,1.7065810319429118,98,98,8363.0,0.06485860372806662,1.11291441090822,1.7065810319429118,98,8363.0,1.11291441090822
3915.0,94,7684.0,56.5,1.8189874475270245,94,94,7684.0,0.06130990219017833,1.1134442734743675,1.8189874475270245,94,7684.0,1.1134442734743675
3920.0,89,7013.0,51.56617647058823,2.1205374097797822,89,89,6980.0,0.06871369497076416,1.3292628269023725,2.1205374097797822,89,6980.0,1.3292628269023725
3925.0,92,6462.0,46.82608695652174,2.2773740589473213,92,92,6462.0,0.0737648095368798,1.4115805161548978,2.2773740589473213,92,6462.0,1.4115805161548978
3930.0,91,5882.0,42.6231884057971,2.180505031860153,91,91,5882.0,0.06092486757552237,1.204286438565133,2.180505031860153,91,5882.0,1.204286438565133
3935.0,92,5342.0,39.865671641791046,2.1076368446385403,92,92,5320.0,0.06427120531178133,1.2044873542867602,2.1076368446385403,92,5320.0,1.2044873542867602
3940.0,93,4805.0,36.12781954887218,1.9116075216646826,93,93,4805.0,0.06311175953512818,1.1136314500231423,1.9116075216646826,93,4805.0,1.1136314500231423
3945.0,91,4179.0,31.42105263157895,2.0148573347737084,91,91,4179.0,0.05589465021114065,1.083227699925176,2.0148573347737084,91,4179.0,1.083227699925176
3950.0,86,3469.0,25.696296296296296,2.156139519828181,86,86,3441.0,0.06270397970694404,1.1746117705583634,2.156139519828181,86,3441.0,1.1746117705583634
3955.0,83,2741.0,20.60902255639098,2.297809262436027,83,83,2741.0,0.07641443337662472,1.4034912347337172,2.297809262436027,83,2741.0,1.4034912347337172
3960.0,78,1903.0,14.308270676691729,2.3894926022791316,78,78,1903.0,0.07201511794123372,1.3906188001388773,2.3894926022791316,78,1903.0,1.3906188001388773
3965.0,76,1172.0,8.746268656716419,2.4661532543396,76,76,1144.0,0.07693616705442842,1.4365039106751576,2.4661532543396,76,1144.0,1.4365039106751576
3970.0,77,1173.0,8.753731343283581,2.7053643815427635,77,77,1173.0,0.09015921124103318,1.6901107482819973,2.7053643815427635,77,1173.0,1.6901107482819973
3975.0,83,1240.0,9.05109489051095,2.410978436609301,83,83,1240.0,0.07018008410100073,1.3490836190937348,2.410978436609301,83,1240.0,1.3490836190937348
3980.0,89,1370.0,10.223880597014926,2.256640579383807,89,89,1350.0,0.06487776036802338,1.2367144107327748,2.256640579383807,89,1350.0,1.2367144107327748
3985.0,92,1520.0,11.25925925925926,2.3554978142453336,92,92,1520.0,0.07073708822309642,1.3471352413479265,2.3554978142453336,92,1520.0,1.3471352413479265
3990.0,91,1517.0,11.237037037037037,2.291406222735123,91,91,1517.0,0.06304767352146157,1.2147790550447692,2.291406222735123,91,1517.0,1.2147790550447692
3995.0,91,1672.0,12.385185185185184,2.425433892618256,91,91,1566.0,0.0655366196772259,1.2421251002425102,2.425433892618256,91,1566.0,1.2421251002425102
4000.0,92,1830.0,13.555555555555555,2.1679428183026648,92,92,1830.0,0.061495676272343154,1.1227513298132712,2.1679428183026648,92,1830.0,1.1227513298132712
4005.0,92,1988.0,14.947368421052632,2.075690123186552,92,92,1988.0,0.056313687189984966,1.051910279422105,2.075690123186552,92,1988.0,1.051910279422105
4010.0,95,2202.0,16.93846153846154,1.9447723528218381,95,95,2199.0,0.05817151235643803,1.128044218652186,1.9447723528218381,95,2199.0,1.128044218652186
4015.0,101,2657.0,20.43846153846154,1.6717540878592718,101,101,2657.0,0.04318996651737673,0.8506016463953352,1.6717540878592718,101,2657.0,0.8506016463953352
4020.0,111,3191.0,24.358778625954198,1.464640686018522,111,111,3191.0,0.03160692725379765,0.6265626699565007,1.464640686018522,111,3191.0,0.6265626699565007
4025.0,112,3557.0,26.544776119402986,1.3722375229765016,112,112,3557.0,0.030735003413282686,0.5749138450523187,1.3722375229765016,112,3557.0,0.5749138450523187
4030.0,110,3785.0,28.458646616541355,1.4119435471180803,110,110,3722.0,0.03617900249971233,0.6790601865157349,1.4119435471180803,110,3722.0,0.6790601865157349
4035.0,107,4001.0,29.85820895522388,1.5871047416109263,107,107,4001.0,0.04861368513830363,0.8731935483870897,1.5871047416109263,107,4001.0,0.8731935483870897
4040.0,105,4198.0,31.803030303030305,1.5934905217929614,105,105,4198.0,0.04666108100575932,0.8790965110258935,1.5934905217929614,105,4198.0,0.8790965110258935
4045.0,107,4398.0,32.82089552238806,1.6701803467442964,107,107,4397.0,0.04391100383549631,0.7755239343442837,1.6701803467442964,107,4397.0,0.7755239343442837
4050.0,106,4599.0,34.84090909090909,1.4933422637424774,106,106,4599.0,0.04742102298156271,0.8288951481097024,1.4933422637424774,106,4599.0,0.8288951481097024
4055.0,103,4753.0,36.56153846153846,1.4345632775924317,103,103,4753.0,0.04986347351918445,0.8847570996311916,1.4345632775924317,103,4753.0,0.8847570996311916
4060.0,99,4855.0,36.78030303030303,1.4302498364462193,99,99,4842.0,0.04550356335563049,0.7890246466790665,1.4302498364462193,99,4842.0,0.7890246466790665
4065.0,96,4945.0,37.46212121212121,1.7835301960497667,96,96,4945.0,0.06272650134823883,1.059767944663638,1.7835301960497667,96,4945.0,1.059767944663638
4070.0,92,4725.0,35.79545454545455,1.7798597181858795,92,92,4725.0,0.06209931876958858,1.0756668699693965,1.7798597181858795,92,4725.0,1.0756668699693965
4075.0,87,4293.0,32.52272727272727,2.095279427524857,87,87,4200.0,0.0678495685572369,1.228936608056419,2.095279427524857,87,4200.0,1.228936608056419
4080.0,83,3841.0,29.3206106870229,2.3378502404654573,83,83,3841.0,0.07869855205807066,1.4657440725527353,2.3378502404654573,83,3841.0,1.4657440725527353
4085.0,80,3342.0,24.940298507462686,2.3153014969188144,80,80,3342.0,0.07154861583732455,1.3883302571393437,2.3153014969188144,80,3342.0,1.3883302571393437
4090.0,81,2956.0,22.059701492537314,2.5669062817802937,81,81,2936.0,0.08040721608171938,1.475509642834551,2.5669062817802937,81,2936.0,1.475509642834551
4095.0,87,2827.0,21.097014925373134,2.3713078201965887,87,87,2827.0,0.07734227554464963,1.3258630162323968,2.3713078201965887,87,2827.0,1.3258630162323968
4100.0,89,2630.0,19.774436090225564,2.142721756443897,89,89,2630.0,0.06796089157850081,1.248797373326138,2.142721756443897,89,2630.0,1.248797373326138
4105.0,87,2360.0,17.352941176470587,2.3141982136622157,87,87,2332.0,0.07192272261419835,1.3312893272827409,2.3141982136622157,87,2332.0,1.3312893272827409
4110.0,84,2079.0,15.286764705882353,2.4470973430972576,84,84,2079.0,0.08309594151757257,1.4889951208620165,2.4470973430972576,84,2079.0,1.4889951208620165
4115.0,82,1789.0,13.451127819548873,2.370974060277762,82,82,1789.0,0.07993144074717443,1.5103286469902542,2.370974060277762,82,1789.0,1.5103286469902542
4120.0,84,1559.0,11.634328358208956,2.211999201771523,84,84,1556.0,0.07048243128619863,1.317704644604536,2.211999201771523,84,1556.0,1.317704644604536
4125.0,90,1597.0,12.007518796992482,2.0445403240566846,90,90,1597.0,0.0680959230939344,1.2725041378091253,2.0445403240566846,90,1597.0,1.2725041378091253
4130.0,95,1841.0,13.738805970149254,1.6750976312610475,95,95,1841.0,0.05064674555415581,0.9461967390519112,1.6750976312610475,95,1841.0,0.9461967390519112
4135.0,97,2096.0,15.525925925925925,1.673313446265301,97,97,2083.0,0.05207533543565845,0.9367086951471548,1.673313446265301,97,2083.0,0.9367086951471548
4140.0,97,2358.0,17.33823529411765,1.9127376555151074,97,97,2358.0,0.0641923527970999,1.128285930919508,1.9127376555151074,97,2358.0,1.128285930919508
4145.0,97,2602.0,18.855072463768117,1.8059500004490892,96,97,2601.0,0.05176727920196155,0.9794716416337094,1.8059500004490892,96,2601.0,0.9794716416337094
4150.0,96,2856.0,20.846715328467152,1.9050848586093632,96,96,2846.0,0.053012622240649655,1.060077300019387,1.9050848586093632,96,2846.0,1.060077300019387
4155.0,97,3112.0,22.388489208633093,1.908658990385599,97,97,3112.0,0.054981102507638484,1.0349245870703816,1.908658990385599,97,3112.0,1.0349245870703816
4160.0,97,3374.0,24.27338129496403,2.0197377265251917,97,97,3374.0,0.05895265456973051,1.1170397969505743,2.0197377265251917,97,3374.0,1.1170397969505743
4165.0,96,3622.0,26.246376811594203,2.056500847162627,96,96,3622.0,0.05918224302594007,1.1685582884748185,2.056500847162627,96,3622.0,1.1685582884748185
4170.0,97,3928.0,29.096296296296295,1.835252219926128,97,97,3910.0,0.060152803253289006,1.1418273137800745,1.835252219926128,97,3910.0,1.1418273137800745
4175.0,97,4237.0,31.385185185185186,1.8569302964078922,97,97,4237.0,0.06691674018940671,1.2441944443466117,1.8569302964078922,97,4237.0,1.2441944443466117
4180.0,98,4530.0,32.82608695652174,1.6595264214064345,97,98,4529.0,0.049249957003314825,0.9404588393257898,1.6595264214064345,97,4529.0,0.9404588393257898
4185.0,99,4844.0,34.84892086330935,1.8199183619617605,99,99,4837.0,0.052195257698670956,0.9852199924729236,1.8199183619617605,99,4837.0,0.9852199924729236
4190.0,101,5173.0,36.95,1.7907717542291997,101,101,5173.0,0.04456546279324808,0.8553554743776973,1.7907717542291997,101,5173.0,0.8553554743776973
4195.0,102,5542.0,40.15942028985507,1.6742844348318748,102,102,5542.0,0.049102052837690265,0.9421927759649993,1.6742844348318748,102,5542.0,0.9421927759649993
4200.0,105,5902.0,42.460431654676256,1.6232921987060764,105,105,5902.0,0.041457970817686984,0.7941454272891068,1.6232921987060764,105,5902.0,0.7941454272891068
4205.0,106,6228.0,44.170212765957444,1.5187341559641876,106,106,6210.0,0.04535257087347196,0.8248640576219203,1.5187341559641876,106,6210.0,0.8248640576219203
4210.0,102,6543.0,46.07746478873239,1.8243650368996478,102,102,6543.0,0.06265174627856472,1.0844332883911643,1.8243650368996478,102,6543.0,1.0844332883911643
4215.0,101,6459.0,45.16783216783217,1.685387897655887,101,101,6459.0,0.05162461626785881,0.9375765417381748,1.685387897655887,101,6459.0,0.9375765417381748
4220.0,97,6104.0,42.68531468531469,2.015146959647458,97,97,5976.0,0.0648070469170157,1.1675675050733245,2.015146959647458,97,5976.0,1.1675675050733245
4225.0,95,5730.0,39.791666666666664,2.143124469686651,95,95,5730.0,0.07367440764106392,1.3106989014466557,2.143124469686651,95,5730.0,1.3106989014466557
4230.0,90,5378.0,38.41428571428571,2.213934535073992,90,90,5378.0,0.08225590925870828,1.4885792965471836,2.213934535073992,90,5378.0,1.4885792965471836
4235.0,91,5026.0,35.645390070921984,2.2448775413423636,91,91,5026.0,0.08250940455013343,1.4730934596820016,2.2448775413423636,91,5026.0,1.4730934596820016
4240.0,97,4745.0,33.18181818181818,2.0234350916586594,97,97,4718.0,0.07431670123140882,1.3099359452408734,2.0234350916586594,97,4718.0,1.3099359452408734
4245.0,98,4479.0,31.104166666666668,2.118563712097744,98,98,4479.0,0.0736886847015108,1.2647065927102996,2.118563712097744,98,4479.0,1.2647065927102996
4250.0,98,4118.0,28.205479452054796,2.0521687155800525,98,98,4118.0,0.059292383052526966,1.075933410089798,2.0521687155800525,98,4118.0,1.075933410089798
4255.0,96,3681.0,25.21232876712329,2.247275079074539,96,96,3648.0,0.06271895709143342,1.1780051432665264,2.247275079074539,96,3648.0,1.1780051432665264
4260.0,91,3223.0,22.22758620689655,2.5038354450896594,91,91,3223.0,0.08035175665472558,1.4666193569930321,2.5038354450896594,91,3223.0,1.4666193569930321
4265.0,90,2775.0,19.006849315068493,2.4248280165927607,89,90,2774.0,0.07280430034669327,1.3711380270474571,2.4248280165927607,89,2774.0,1.3711380270474571
4270.0,94,2429.0,16.868055555555557,2.3513619248670476,94,94,2420.0,0.06833589943292616,1.3201223798316464,2.3513619248670476,94,2420.0,1.3201223798316464
4275.0,99,2320.0,16.0,2.2493547091596238,99,99,2320.0,0.06513564518899669,1.2296612442983437,2.2493547091596238,99,2320.0,1.2296612442983437
4280.0,98,2432.0,16.77241379310345,2.1533203132001297,98,98,2432.0,0.06418461648825532,1.2350542700687013,2.1533203132001297,98,2432.0,1.2350542700687013
4285.0,100,2677.0,18.59027777777778,2.074869080101539,100,100,2664.0,0.06331370604117435,1.1978671637011484,2.074869080101539,100,2664.0,1.1978671637011484
4290.0,103,2936.0,20.248275862068965,2.010344990925039,103,103,2936.0,0.06393624284392589,1.176803352314248,2.010344990925039,103,2936.0,1.176803352314248
4295.0,102,3185.0,22.429577464788732,1.826147214200177,101,102,3184.0,0.055639975378113125,1.076738933524932,1.826147214200177,101,3184.0,1.076738933524932
4300.0,103,3445.0,23.92361111111111,1.7519181869847171,103,103,3441.0,0.044630967547533075,0.8578784072133923,1.7519181869847171,103,3441.0,0.8578784072133923
4305.0,104,3715.0,25.97902097902098,1.815490696787043,104,104,3715.0,0.049642751642066274,0.9443309530057438,1.815490696787043,104,3715.0,0.9443309530057438
4310.0,102,3940.0,27.17241379310345,1.8338637352964575,102,102,3940.0,0.051580051931579156,0.9797053302903127,1.8338637352964575,102,3940.0,0.9797053302903127
4315.0,98,4169.0,29.359154929577464,1.8817063180859508,98,98,4156.0,0.057073021505170615,1.0831449250288958,1.8817063180859508,98,4156.0,1.0831449250288958
4320.0,100,4517.0,32.0354609929078,1.9198718571617421,100,100,4517.0,0.062013438871828884,1.1462565661202875,1.9198718571617421,100,4517.0,1.1462565661202875
4325.0,101,4869.0,33.34931506849315,2.052964455371587,101,101,4869.0,0.0626764162315364,1.1504461435666038,2.052964455371587,101,4869.0,1.1504461435666038
4330.0,101,5198.0,35.602739726027394,2.175979336683987,101,101,5198.0,0.06950772858292771,1.2848893114615418,2.175979336683987,101,5198.0,1.2848893114615418
4335.0,101,5545.0,37.97945205479452,1.9844303156526415,101,101,5543.0,0.057214283939059314,1.084875799013062,1.9844303156526415,101,5543.0,1.084875799013062
4340.0,103,5908.0,40.744827586206895,2.099054702012756,103,103,5907.0,0.06362133295967744,1.2135208371809971,2.099054702012756,103,5907.0,1.2135208371809971
4345.0,106,6312.0,43.833333333333336,1.9365513003810615,106,106,6312.0,0.06370076491680483,1.2586864482567142,1.9365513003810615,106,6312.0,1.2586864482567142
4350.0,110,6775.0,46.724137931034484,1.8980083388515747,110,110,6775.0,0.05496442143109552,1.0955588025527943,1.8980083388515747,110,6775.0,1.0955588025527943
4355.0,112,7183.0,49.53793103448276,1.6807922546759309,112,112,7183.0,0.044638406031469804,0.9076616221109777,1.6807922546759309,112,7183.0,0.9076616221109777
4360.0,110,7534.0,51.25170068027211,1.6895787076210782,110,110,7511.0,0.04755325595133832,0.9015522388059674,1.6895787076210782,110,7511.0,0.9015522388059674
4365.0,107,7874.0,53.2027027027027,1.9712537018048728,107,107,7874.0,0.06144695200834773,1.145450765458044,1.9712537018048728,107,7874.0,1.145450765458044
4370.0,106,8196.0,55.755102040816325,1.7935166476322655,105,106,8195.0,0.05022713158365062,0.9858510390138233,1.7935166476322655,105,8195.0,0.9858510390138233
4375.0,106,8559.0,59.02758620689655,1.8401711234496227,106,106,8552.0,0.051697808625324054,1.0372743000904023,1.8401711234496227,106,8552.0,1.0372743000904023
4380.0,111,8979.0,61.92413793103448,1.7708743014544317,111,111,8979.0,0.048559328105148125,0.9631756999096002,1.7708743014544317,111,8979.0,0.9631756999096002
4385.0,114,8626.0,59.082191780821915,1.39662423604602,114,114,8626.0,0.038544239972611916,0.745659937449206,1.39662423604602,114,8626.0,0.745659937449206
4390.0,113,8797.0,59.843537414965986,1.5336614565694107,113,113,8475.0,0.039205878059720305,0.7684417469623305,1.5336614565694107,113,8475.0,0.7684417469623305
4395.0,113,9234.0,63.24657534246575,1.4551732200804102,113,113,9234.0,0.04287471666863436,0.8068508547380917,1.4551732200804102,113,9234.0,0.8068508547380917
4400.0,118,9690.0,66.36986301369863,1.4401176742641084,118,118,9690.0,0.040299825817476126,0.7728225440392267,1.4401176742641084,118,9690.0,0.7728225440392267
4405.0,122,10161.0,68.19463087248322,1.4460096696495832,122,122,10161.0,0.039885311051286225,0.7398835163474153,1.4460096696495832,122,10161.0,0.7398835163474153
4410.0,122,10643.0,71.42953020134229,1.484905457967791,122,122,10643.0,0.03936649605587306,0.7498835163474152,1.484905457967791,122,10643.0,0.7498835163474152
4415.0,119,11011.0,75.41780821917808,1.4216631988211081,119,119,11011.0,0.03910061124153798,0.7542667837288345,1.4216631988211081,119,11011.0,0.7542667837288345
4420.0,115,11318.0,78.0551724137931,1.3084068659636054,115,115,11275.0,0.03987131846103296,0.7291378572494512,1.3084068659636054,115,11275.0,0.7291378572494512
4425.0,117,11677.0,79.97945205479452,1.475717309829952,117,117,11677.0,0.04715296363443419,0.8400181714253708,1.475717309829952,117,11677.0,0.8400181714253708
4430.0,119,12033.0,81.85714285714286,1.2512061992939436,119,119,12033.0,0.03363132288484619,0.624217533150818,1.2512061992939436,119,12033.0,0.624217533150818
4435.0,120,12403.0,84.37414965986395,1.2616909226788318,120,120,12399.0,0.03148409886180317,0.6004482719380129,1.2616909226788318,120,12399.0,0.6004482719380129
4440.0,122,12783.0,86.37162162162163,1.3643136976012378,122,122,12783.0,0.03598746884881338,0.6595179925808052,1.3643136976012378,122,12783.0,0.6595179925808052
4445.0,120,13029.0,87.44295302013423,1.305784960651091,120,120,13029.0,0.031646476709154894,0.5944763622002005,1.305784960651091,120,13029.0,0.5944763622002005
4450.0,119,13374.0,89.75838926174497,1.4862318850184877,119,119,13330.0,0.03883431495390402,0.7184337831247795,1.4862318850184877,119,13330.0,0.7184337831247795
4455.0,119,13744.0,91.62666666666667,1.5129797525220658,119,119,13744.0,0.038635461650202006,0.6946453492884301,1.5129797525220658,119,13744.0,0.6946453492884301
4460.0,119,14114.0,96.67123287671232,1.3883170332880623,119,119,14114.0,0.04082210998805039,0.7492368107321133,1.3883170332880623,119,14114.0,0.7492368107321133
4465.0,120,14484.0,98.53061224489795,1.5172979260223598,120,120,14484.0,0.04343095113914,0.808407189153066,1.5172979260223598,120,14484.0,0.808407189153066
4470.0,119,14854.0,101.04761904761905,1.5614183916880702,119,119,14854.0,0.03952451581305079,0.7302811900077087,1.5614183916880702,119,14854.0,0.7302811900077087
4475.0,116,15085.0,104.75694444444444,1.4356818116473629,116,116,15085.0,0.03795569269962702,0.7071566373266247,1.4356818116473629,116,15085.0,0.7071566373266247
4480.0,113,15271.0,106.79020979020979,1.342514906622722,113,113,15228.0,0.038900593138751195,0.6907248668926302,1.342514906622722,113,15228.0,0.6907248668926302
4485.0,114,15616.0,108.44444444444444,1.5435904683494388,114,114,15616.0,0.04766261758383706,0.8337167712723655,1.5435904683494388,114,15616.0,0.8337167712723655
4490.0,114,15195.0,103.36734693877551,1.5335239484135994,114,114,15195.0,0.03862096412679156,0.7168456853708896,1.5335239484135994,114,15195.0,0.7168456853708896
4495.0,111,14252.0,97.61643835616438,1.58939397727846,111,111,13999.0,0.04078909689795667,0.7575425759931687,1.58939397727846,111,13999.0,0.7575425759931687
4500.0,108,13297.0,91.07534246575342,1.8323319174429002,108,108,13297.0,0.05463978838625612,0.9824718960806219,1.8323319174429002,108,13297.0,0.9824718960806219
4505.0,105,12284.0,84.13698630136986,1.7397421899429053,105,105,12284.0,0.05274111811000506,0.9468374217661536,1.7397421899429053,105,12284.0,0.9468374217661536
4510.0,101,11220.0,77.91666666666667,1.778983048442225,101,101,11207.0,0.05188094065325628,0.9703845182106369,1.778983048442225,101,11207.0,0.9703845182106369
4515.0,97,10132.0,70.36111111111111,1.8590854983332394,97,97,10132.0,0.05860702855960026,1.073624386662332,1.8590854983332394,97,10132.0,1.073624386662332
4520.0,93,8946.0,62.125,2.004862501958628,93,93,8946.0,0.061307161458865805,1.1629851725616234,2.004862501958628,93,8946.0,1.1629851725616234
4525.0,93,7819.0,54.298611111111114,2.0632490996120265,93,93,7782.0,0.06498135728254478,1.2313874626772765,2.0632490996120265,93,7782.0,1.2313874626772765
4530.0,92,6699.0,46.84615384615385,2.100811361637638,92,92,6699.0,0.06750512834878243,1.2547158847648112,2.100811361637638,92,6699.0,1.2547158847648112
4535.0,90,5529.0,39.212765957446805,2.0637075708260904,90,90,5529.0,0.06899349559804084,1.2973199146994117,2.0637075708260904,90,5529.0,1.2973199146994117
4540.0,88,4377.0,31.264285714285716,1.9478640759270145,88,88,4363.0,0.06458466688690927,1.2250441056382673,1.9478640759270145,88,4363.0,1.2250441056382673
4545.0,88,3382.0,23.98581560283688,2.192716914923072,88,88,3382.0,0.07370223255163845,1.3723695280205392,2.192716914923072,88,3382.0,1.3723695280205392
4550.0,89,2390.0,17.071428571428573,1.9003924719222978,89,89,2390.0,0.06019396267577153,1.151175733612469,1.9003924719222978,89,2390.0,1.151175733612469
4555.0,92,1801.0,12.77304964539007,1.8496157747987265,92,92,1789.0,0.056923748691255896,1.0972376127186496,1.8496157747987265,92,1789.0,1.0972376127186496
4560.0,98,2115.0,14.894366197183098,1.791822646355157,98,98,2114.0,0.05063898047631249,0.9626382303921817,1.791822646355157,98,2114.0,0.9626382303921817
4565.0,102,2418.0,16.675862068965518,1.6830690909679777,102,102,2418.0,0.04352507965692632,0.8410831656693755,1.6830690909679777,102,2418.0,0.8410831656693755
4570.0,99,2717.0,18.60958904109589,1.9014364545401339,99,99,2704.0,0.05154623061987171,1.0042434710128976,1.9014364545401339,99,2704.0,1.0042434710128976
4575.0,101,3057.0,20.938356164383563,1.8723858132547517,101,101,3057.0,0.05767980468595218,1.0900526315789454,1.8723858132547517,101,3057.0,1.0900526315789454
4580.0,104,3395.0,23.095238095238095,1.88025356335936,103,104,3394.0,0.053083886679517585,1.0180906987293556,1.88025356335936,103,3394.0,1.0180906987293556
4585.0,107,3763.0,25.25503355704698,2.0200802636975164,107,107,3750.0,0.053779665955767435,1.0368699040889393,2.0200802636975164,107,3750.0,1.0368699040889393
4590.0,106,4138.0,27.95945945945946,2.050936528034492,106,106,4138.0,0.056071579457266936,1.0629938853624274,2.050936528034492,106,4138.0,1.0629938853624274
4595.0,106,4513.0,31.55944055944056,1.8224009951720388,106,106,4513.0,0.05926423653518661,1.127913343726927,1.8224009951720388,106,4513.0,1.127913343726927
4600.0,105,4726.0,33.28169014084507,1.6045942171041483,105,105,4726.0,0.04757325718261588,0.8967937809361675,1.6045942171041483,105,4726.0,0.8967937809361675
4605.0,111,5191.0,36.048611111111114,1.6587397488700708,111,111,5076.0,0.04521618699718023,0.821404547039328,1.6587397488700708,111,5076.0,0.821404547039328
4610.0,114,5680.0,38.9041095890411,1.6172528720053172,114,114,5680.0,0.04142187131399569,0.7378252939699887,1.6172528720053172,114,5680.0,0.7378252939699887
4615.0,116,6182.0,42.054421768707485,1.6227700498205464,116,116,6182.0,0.032319986729641134,0.6123568142431528,1.6227700498205464,116,6182.0,0.6123568142431528
4620.0,119,6695.0,46.172413793103445,1.4946163095806102,119,119,6695.0,0.03229908270000811,0.6033033807242105,1.4946163095806102,119,6695.0,0.6033033807242105
4625.0,119,7216.0,50.46153846153846,1.1819789903961728,119,119,7216.0,0.032652290984344225,0.5811284220186828,1.1819789903961728,119,7216.0,0.5811284220186828
4630.0,117,7615.0,53.62676056338028,1.2669218581054502,117,117,7615.0,0.034220113577778405,0.6236854364324736,1.2669218581054502,117,7615.0,0.6236854364324736
4635.0,117,7950.0,55.208333333333336,1.3313193106362848,117,117,7902.0,0.03846206286534204,0.6825994653430781,1.3313193106362848,117,7902.0,0.6825994653430781
4640.0,118,8288.0,57.15862068965517,1.4448000877152412,118,118,8288.0,0.04595170373255011,0.8212733124296981,1.4448000877152412,118,8288.0,0.8212733124296981
4645.0,117,8610.0,59.37931034482759,1.4151248559589904,117,117,8610.0,0.043814503750805554,0.8080823361354289,1.4151248559589904,117,8610.0,0.8080823361354289
4650.0,118,8945.0,61.689655172413794,1.3933345238083206,118,118,8941.0,0.040047540758796504,0.7501364128502968,1.3933345238083206,118,8941.0,0.7501364128502968
4655.0,119,9290.0,64.06896551724138,1.5024072204026386,119,119,9290.0,0.04422282782623315,0.82973804572052,1.5024072204026386,119,9290.0,0.82973804572052
4660.0,116,9584.0,66.09655172413792,1.4329331004624746,116,116,9584.0,0.03599706883630984,0.6941591803217569,1.4329331004624746,116,9584.0,0.6941591803217569
4665.0,112,9827.0,68.72027972027972,1.482855256083079,112,112,9814.0,0.04044032682863911,0.7789868915751685,1.482855256083079,112,9814.0,0.7789868915751685
4670.0,107,10047.0,69.77083333333333,1.6735462718154568,107,107,10047.0,0.050080494530512464,0.9067217907158458,1.6735462718154568,107,10047.0,0.9067217907158458
4675.0,105,10240.0,72.11267605633803,1.670818453542364,105,105,10240.0,0.04720640250088691,0.9117466309565575,1.670818453542364,105,10240.0,0.9117466309565575
4680.0,105,10440.0,73.52112676056338,1.7528556627727512,105,105,10432.0,0.04489031847181334,0.8702903595084606,1.7528556627727512,105,10432.0,0.8702903595084606
4685.0,106,10644.0,74.95774647887323,1.6008233741654658,106,106,10644.0,0.04599678508346793,0.8749823147690049,1.6008233741654658,106,10644.0,0.8749823147690049
4690.0,104,10822.0,77.3,1.6054659821524666,104,104,10822.0,0.04924020290167125,0.9481326110419819,1.6054659821524666,104,10822.0,0.9481326110419819
4695.0,105,11091.0,78.65957446808511,1.6312416431019998,105,105,11076.0,0.05120499839083767,0.9482221726106499,1.6312416431019998,105,11076.0,0.9482221726106499
4700.0,110,11556.0,81.95744680851064,1.5661970009214818,110,110,11556.0,0.05296228437025971,0.9822895256078009,1.5661970009214818,110,11556.0,0.9822895256078009
4705.0,116,12045.0,83.64583333333333,1.574111288044896,116,116,12045.0,0.04655714594141952,0.8814309228008407,1.574111288044896,116,12045.0,0.8814309228008407
4710.0,113,11924.0,82.80555555555556,1.5862324030261155,113,113,11924.0,0.04372397595851163,0.8228065922186254,1.5862324030261155,113,11924.0,0.8228065922186254
4715.0,110,11379.0,80.13380281690141,1.5922155215727491,110,110,11176.0,0.05025524782326076,0.9426585810939023,1.5922155215727491,110,11176.0,0.9426585810939023
4720.0,108,10823.0,76.75886524822695,1.505980193349537,108,108,10823.0,0.0517775087780638,0.9278863636363571,1.505980193349537,108,10823.0,0.9278863636363571
4725.0,106,10287.0,72.95744680851064,1.6350811763899584,106,106,10287.0,0.05267558356368323,0.9822498764298859,1.6350811763899584,106,10287.0,0.9822498764298859
4730.0,111,9807.0,68.58041958041959,1.580311167523402,111,111,9806.0,0.04374723395631223,0.7930320734665354,1.580311167523402,111,9806.0,0.7930320734665354
4735.0,115,9351.0,66.31914893617021,1.354827581390882,115,115,9351.0,0.037855650785023724,0.6984977395766153,1.354827581390882,115,9351.0,0.6984977395766153
4740.0,114,8704.0,60.86713286713287,1.418947806644151,114,114,8704.0,0.03483942352588536,0.6616844607674645,1.418947806644151,114,8704.0,0.6616844607674645
4745.0,111,7913.0,54.951388888888886,1.3793707064049636,111,111,7850.0,0.04183576609712874,0.7410035714986152,1.3793707064049636,111,7850.0,0.7410035714986152
4750.0,108,7112.0,49.73426573426573,1.6654174485797728,108,108,7112.0,0.058077116461964104,1.0276426960963425,1.6654174485797728,108,7112.0,1.0276426960963425
4755.0,103,6197.0,43.03472222222222,1.6807401191692828,103,103,6197.0,0.04784793009980635,0.9291947138660064,1.6807401191692828,103,6197.0,0.9291947138660064
4760.0,99,5202.0,36.37762237762238,1.9005419748658663,99,99,5174.0,0.06121303920581712,1.1453171447226107,1.9005419748658663,99,5174.0,1.1453171447226107
4765.0,95,4182.0,29.041666666666668,2.184450097585418,95,95,4182.0,0.07335681435991638,1.3686629074242158,2.184450097585418,95,4182.0,1.3686629074242158
4770.0,90,3104.0,21.859154929577464,2.157892668265414,90,90,3104.0,0.07011104629093559,1.3555265555094687,2.157892668265414,90,3104.0,1.3555265555094687
4775.0,91,2283.0,16.307142857142857,2.127767381455868,91,91,2262.0,0.0703727538380033,1.3652436624914015,2.127767381455868,91,2262.0,1.3652436624914015
4780.0,97,2280.0,16.170212765957448,1.9370973944665708,97,97,2280.0,0.06323865285400423,1.170170789101781,1.9370973944665708,97,2280.0,1.170170789101781
4785.0,100,2232.0,15.942857142857143,1.7746098965418928,100,100,2232.0,0.053334100044520154,1.0187546688710516,1.7746098965418928,100,2232.0,1.0187546688710516
4790.0,101,2255.0,15.76923076923077,1.7489858749089582,101,101,2194.0,0.045862978638004176,0.8655160222769271,1.7489858749089582,101,2194.0,0.8655160222769271
4795.0,103,2293.0,15.92361111111111,1.8059675515470102,103,103,2293.0,0.049539977675937395,0.9169138299029453,1.8059675515470102,103,2293.0,0.9169138299029453
4800.0,104,2334.0,16.208333333333332,1.813465971733979,104,104,2334.0,0.04573374369172691,0.8741404085436342,1.813465971733979,104,2334.0,0.8741404085436342
4805.0,105,2472.0,17.166666666666668,1.7775597074272065,105,105,2467.0,0.04879041022384567,0.9099549131475844,1.7775597074272065,105,2467.0,0.9099549131475844
4810.0,110,2862.0,20.154929577464788,1.5998961938232306,110,110,2862.0,0.04542636940026056,0.8539478674358945,1.5998961938232306,110,2862.0,0.8539478674358945
4815.0,112,3137.0,21.63448275862069,1.5831713993598833,112,112,3137.0,0.0390236256316874,0.7550716594783885,1.5831713993598833,112,3137.0,0.7550716594783885
4820.0,110,3369.0,23.55944055944056,1.5998127127676423,110,110,3326.0,0.04883867005065183,0.9099030140381417,1.5998127127676423,110,3326.0,0.9099030140381417
4825.0,113,3699.0,25.510344827586206,1.595691867700764,113,113,3699.0,0.05101340629129707,0.9080980280592361,1.595691867700764,113,3699.0,0.9080980280592361
4830.0,114,4030.0,27.98611111111111,1.4762641805872116,114,114,4030.0,0.04679245628530337,0.8295545509059327,1.4762641805872116,114,4030.0,0.8295545509059327
4835.0,116,4380.0,30.845070422535212,1.4359175302345917,116,116,4371.0,0.046092845246320555,0.8082001459124385,1.4359175302345917,116,4371.0,0.8082001459124385
4840.0,118,4737.0,32.895833333333336,1.4076668474569543,118,118,4737.0,0.04373201695923504,0.743574480692014,1.4076668474569543,118,4737.0,0.743574480692014
4845.0,117,5056.0,35.35664335664335,1.3167025758451312,117,117,5056.0,0.03232237461369607,0.5931724248414264,1.3167025758451312,117,5056.0,0.5931724248414264
4850.0,112,5326.0,36.986111111111114,1.4546742494529719,112,112,5313.0,0.04028249179612854,0.7120741855569839,1.4546742494529719,112,5313.0,0.7120741855569839
4855.0,108,5575.0,38.98601398601399,1.651203573211921,108,108,5575.0,0.05339869758495617,0.9310905825493704,1.651203573211921,108,5575.0,0.9310905825493704
4860.0,103,5800.0,40.84507042253521,1.8967288936840083,103,103,5800.0,0.06137346802100678,1.1068999552872714,1.8967288936840083,103,5800.0,1.1068999552872714
4865.0,99,6001.0,41.673611111111114,2.1179508240725085,99,99,6001.0,0.0673748315834198,1.2326560429981128,2.1179508240725085,99,6001.0,1.2326560429981128
4870.0,94,6159.0,43.06993006993007,2.2424660682511,94,94,6159.0,0.0728525459184255,1.365229164186356,2.2424660682511,94,6159.0,1.365229164186356
4875.0,95,6333.0,44.91489361702128,2.0625633037907343,95,95,6319.0,0.0733934429356809,1.390546473803881,2.0625633037907343,95,6319.0,1.390546473803881
4880.0,95,6579.0,46.659574468085104,2.2687681391566317,95,95,6577.0,0.0762543412967597,1.4660678768433262,2.2687681391566317,95,6577.0,1.4660678768433262
4885.0,98,6598.0,46.46478873239437,2.2287080868457485,98,98,6598.0,0.06542806777781915,1.2759808858692903,2.2287080868457485,98,6598.0,1.2759808858692903
4890.0,97,6361.0,45.11347517730496,2.289672364059378,97,97,6233.0,0.06883717788127426,1.3205163102081636,2.289672364059378,97,6233.0,1.3205163102081636
4895.0,93,6110.0,43.028169014084504,2.556363094087349,93,93,6110.0,0.08149858319788525,1.5360538909394974,2.556363094087349,93,6110.0,1.5360538909394974
4900.0,93,5833.0,40.50694444444444,2.4174951475688538,93,93,5833.0,0.06336770261507793,1.2687793214849652,2.4174951475688538,93,5833.0,1.2687793214849652
4905.0,95,5580.0,38.75,2.490733830913401,95,95,5571.0,0.06430406954076956,1.3062953190162978,2.490733830913401,95,5571.0,1.3062953190162978
4910.0,96,5381.0,38.163120567375884,2.3742695936907805,96,96,5381.0,0.0662399015005606,1.2834408077865562,2.3742695936907805,96,5381.0,1.2834408077865562
4915.0,98,5175.0,36.964285714285715,2.123288055729887,98,98,5175.0,0.061884869762891766,1.1709102312485493,2.123288055729887,98,5175.0,1.1709102312485493
4920.0,99,4940.0,35.0354609929078,2.1095887930493773,99,99,4927.0,0.05727234890866079,1.0832251237553716,2.1095887930493773,99,4927.0,1.0832251237553716
4925.0,98,4705.0,33.13380281690141,2.04951150706507,98,98,4705.0,0.05797130445895211,1.0907479965569329,2.04951150706507,98,4705.0,1.0907479965569329
4930.0,98,4461.0,31.864285714285714,1.9487446314808092,97,98,4460.0,0.056152712354838666,1.0877050514149604,1.9487446314808092,97,4460.0,1.0877050514149604
4935.0,98,4222.0,30.15714285714286,1.9208059902822932,98,98,4221.0,0.054367656251930206,1.0435223621199343,1.9208059902822932,98,4221.0,1.0435223621199343
4940.0,100,3992.0,28.31205673758865,2.0219790359855208,100,100,3992.0,0.057091728453125073,1.0950614169537167,2.0219790359855208,100,3992.0,1.0950614169537167
4945.0,100,3720.0,26.197183098591548,1.9531141771056173,100,100,3720.0,0.06192139054083348,1.1802859490220696,1.9531141771056173,100,3720.0,1.1802859490220696
4950.0,97,3555.0,25.392857142857142,1.879988488843361,97,97,3542.0,0.06414973222809084,1.1840487079466453,1.879988488843361,97,3542.0,1.1840487079466453
4955.0,99,3895.0,27.624113475177303,1.986148677165535,99,99,3895.0,0.07257426673712344,1.3085629252932904,1.986148677165535,99,3895.0,1.3085629252932904
4960.0,103,4239.0,29.4375,1.7246325287922597,102,103,4238.0,0.050968315080461214,0.9309507321235637,1.7246325287922597,102,4238.0,0.9309507321235637
4965.0,104,4603.0,32.18881118881119,1.705118384826073,104,104,4597.0,0.04758402435093496,0.9146022668932011,1.705118384826073,104,4597.0,0.9146022668932011
4970.0,106,4978.0,34.33103448275862,1.7717450335551113,106,106,4978.0,0.0500669836147468,0.9530370982046212,1.7717450335551113,106,4978.0,0.9530370982046212
4975.0,107,5365.0,37.51748251748252,1.610673507721531,107,107,5365.0,0.045166638770634496,0.8785982120284977,1.610673507721531,107,5365.0,0.8785982120284977
4980.0,105,5723.0,40.878571428571426,1.52526907259456,105,105,5723.0,0.04393331328257524,0.8686047941746715,1.52526907259456,105,5723.0,0.8686047941746715
4985.0,106,6076.0,42.48951048951049,1.6059125482231467,106,106,6058.0,0.04664309990686696,0.903989631391162,1.6059125482231467,106,6058.0,0.903989631391162
4990.0,106,6430.0,44.3448275862069,1.8455346120415101,106,106,6430.0,0.058252510361203276,1.1021700460068526,1.8455346120415101,106,6430.0,1.1021700460068526
4995.0,105,6764.0,46.648275862068964,1.6918779956163417,104,105,6763.0,0.04858171572347746,0.9645654232131489,1.6918779956163417,104,6763.0,0.9645654232131489
5000.0,106,7113.0,48.71917808219178,1.882808663872964,106,106,7105.0,0.05145284578951977,1.0212330478957303,1.882808663872964,106,7105.0,1.0212330478957303
5005.0,108,7475.0,51.55172413793103,1.810565597318209,108,108,7475.0,0.048565123578887995,0.9379097499590396,1.810565597318209,108,7475.0,0.9379097499590396
5010.0,105,7823.0,54.326388888888886,1.777707614315016,105,105,7823.0,0.05355686739277001,1.0531765732912748,1.777707614315016,105,7823.0,1.0531765732912748
5015.0,105,8173.0,57.556338028169016,1.6906266305299222,105,105,8160.0,0.05599350373049577,1.0343919676301467,1.6906266305299222,105,8160.0,1.0343919676301467
5020.0,107,8526.0,59.208333333333336,1.6767195576813725,107,107,8526.0,0.05414928966782638,0.9639419869094773,1.6767195576813725,107,8526.0,0.9639419869094773
5025.0,103,8409.0,57.99310344827586,1.7892510230634524,103,103,8409.0,0.050371924983517856,0.9466825963595324,1.7892510230634524,103,8409.0,0.9466825963595324
5030.0,100,7969.0,54.582191780821915,1.9172447989842913,100,100,7817.0,0.05360501658780354,1.0099556607811393,1.9172447989842913,100,7817.0,1.0099556607811393
5035.0,97,7518.0,51.84827586206897,2.1076349164285957,97,97,7518.0,0.06688519468972283,1.230090454983329,2.1076349164285957,97,7518.0,1.230090454983329
5040.0,93,7020.0,49.09090909090909,2.042929902922861,93,93,7020.0,0.0653726517609049,1.219569868890374,2.042929902922861,93,7020.0,1.219569868890374
5045.0,94,6584.0,46.04195804195804,2.053578978246865,94,94,6567.0,0.06325923391355312,1.1874191510546979,2.053578978246865,94,6567.0,1.1874191510546979
5050.0,99,6224.0,43.22222222222222,2.101043883058065,99,99,6224.0,0.0641212808818325,1.191146696046594,2.101043883058065,99,6224.0,1.191146696046594
5055.0,102,5421.0,37.13013698630137,1.9047369819452389,102,102,5421.0,0.04865865097738352,0.9364280674427525,1.9047369819452389,102,5421.0,0.9364280674427525
5060.0,102,5044.0,34.786206896551725,1.974520635161797,102,102,4833.0,0.05849191093949678,1.0924057157828984,1.974520635161797,102,4833.0,1.0924057157828984
5065.0,105,4714.0,32.06802721088435,2.0074020205417713,105,105,4714.0,0.05950497933743246,1.1190516410546505,2.0074020205417713,105,4714.0,1.1190516410546505
5070.0,106,4399.0,30.54861111111111,1.822551067061023,106,106,4399.0,0.052445668088985264,1.002483641609344,1.822551067061023,106,4399.0,1.002483641609344
5075.0,105,4094.0,28.430555555555557,1.9607822401989532,105,105,4094.0,0.05175134499465056,1.038858303772776,1.9607822401989532,105,4094.0,1.038858303772776
5080.0,110,3870.0,26.689655172413794,1.7285268081042655,110,110,3854.0,0.04451738822491687,0.8462631469340417,1.7285268081042655,110,3854.0,0.8462631469340417
5085.0,116,3724.0,26.041958041958043,1.3967579932529293,116,116,3724.0,0.042653373949172554,0.7861481952159054,1.3967579932529293,116,3724.0,0.7861481952159054
5090.0,118,3769.0,26.17361111111111,1.3089087874509948,118,118,3769.0,0.035367341699351254,0.6476193748809334,1.3089087874509948,118,3769.0,0.6476193748809334
5095.0,125,4379.0,30.40972222222222,1.1304839084307772,125,125,4379.0,0.02739033323960311,0.5095489787120914,1.1304839084307772,125,4379.0,0.5095489787120914
5100.0,127,4792.0,33.27777777777778,1.0038217834981198,127,127,4792.0,0.019832003306540346,0.374580016062146,1.0038217834981198,127,4792.0,0.374580016062146
5105.0,126,5045.0,34.31972789115646,1.0415914245957212,126,126,4972.0,0.026793620035104614,0.46113462812941214,1.0415914245957212,126,4972.0,0.46113462812941214
5110.0,121,5283.0,35.695945945945944,1.3660806201597289,121,121,5283.0,0.04248585029132389,0.7391781063902828,1.3660806201597289,121,5283.0,0.7391781063902828
5115.0,120,5500.0,37.414965986394556,1.3527250473042516,120,120,5500.0,0.04006759880514376,0.7345138421569412,1.3527250473042516,120,5500.0,0.7345138421569412
5120.0,120,5725.0,39.21232876712329,1.3783823205285908,120,120,5717.0,0.03909706779276973,0.7240315230899981,1.3783823205285908,120,5717.0,0.7240315230899981
5125.0,121,5950.0,40.75342465753425,1.416416359041917,121,121,5950.0,0.03922501561372556,0.6969580496216952,1.416416359041917,121,5950.0,0.6969580496216952
5130.0,117,6124.0,42.234482758620686,1.3833057335435546,117,117,6124.0,0.043074971032436356,0.7817941572961887,1.3833057335435546,117,6124.0,0.7817941572961887
5135.0,112,6244.0,43.361111111111114,1.59536666642959,112,112,6231.0,0.04755838540134884,0.9049267443787641,1.59536666642959,112,6231.0,0.9049267443787641
5140.0,108,6340.0,44.33566433566433,1.551273976028916,108,108,6340.0,0.04996053906063253,0.93313929558032,1.551273976028916,108,6340.0,0.93313929558032
5145.0,107,6422.0,44.90909090909091,1.6490842389744653,106,107,6421.0,0.04835901391338133,0.9296857179783102,1.6490842389744653,106,6421.0,0.9296857179783102
5150.0,106,6501.0,45.145833333333336,1.686486133262802,106,106,6501.0,0.04267922103864943,0.8126657974204078,1.686486133262802,106,6501.0,0.8126657974204078
5155.0,106,6581.0,45.701388888888886,1.7976278124175964,106,106,6581.0,0.04705357302053182,0.8768965216413604,1.7976278124175964,106,6581.0,0.8768965216413604
5160.0,103,6297.0,44.34507042253521,1.7369736689031006,103,103,6297.0,0.04909238168876226,0.9398265742705736,1.7369736689031006,103,6297.0,0.9398265742705736
5165.0,100,5848.0,40.89510489510489,1.8183046864925065,100,100,5730.0,0.05417538676842152,1.0027933428283937,1.8183046864925065,100,5730.0,1.0027933428283937
5170.0,100,5673.0,40.234042553191486,1.8900737629250766,100,100,5673.0,0.06703302751822425,1.2025471889822459,1.8900737629250766,100,5673.0,1.2025471889822459
5175.0,100,5497.0,38.173611111111114,2.0146570554502543,100,100,5497.0,0.06512709059082736,1.1961962841140839,2.0146570554502543,100,5497.0,1.1961962841140839
5180.0,97,5312.0,36.888888888888886,2.2905358839345897,97,97,5312.0,0.07949320162039149,1.4357196360720117,2.2905358839345897,97,5312.0,1.4357196360720117
5185.0,95,4966.0,34.72727272727273,2.0357006826588395,95,95,4966.0,0.07459690518944667,1.3918159910678751,2.0357006826588395,95,4966.0,1.3918159910678751
5190.0,96,4772.0,33.37062937062937,2.1697971672474283,96,96,4674.0,0.07469735878204924,1.411466182763209,2.1697971672474283,96,4674.0,1.411466182763209
5195.0,97,4616.0,32.737588652482266,2.194749555775256,97,97,4616.0,0.07955468607819105,1.4732582855937544,2.194749555775256,97,4616.0,1.4732582855937544
5200.0,100,4443.0,31.288732394366196,2.046866820886139,100,100,4443.0,0.054725721390499665,1.1067855475107016,2.046866820886139,100,4443.0,1.1067855475107016
5205.0,105,4354.0,30.23611111111111,2.1126975500561,105,105,4322.0,0.05788966831081796,1.1303064488299879,2.1126975500561,105,4322.0,1.1303064488299879
5210.0,106,4279.0,29.71527777777778,1.974730562285809,106,106,4279.0,0.05600010612383072,1.0310633618727238,1.974730562285809,106,4279.0,1.0310633618727238
5215.0,105,3998.0,27.76388888888889,1.9323049515395359,105,105,3998.0,0.051576591981655755,0.9727307838245485,1.9323049515395359,105,3998.0,0.9727307838245485
5220.0,101,3565.0,24.756944444444443,2.215075333600092,101,101,3497.0,0.06099410845607033,1.1550093149331802,2.215075333600092,101,3497.0,1.1550093149331802
5225.0,99,3253.0,22.748251748251747,2.2318670241461627,99,99,3253.0,0.07021808394772447,1.2774735956501109,2.2318670241461627,99,3253.0,1.2774735956501109
5230.0,100,3369.0,23.725352112676056,2.152715696218079,100,100,3369.0,0.06691232458027471,1.2029822600936129,2.152715696218079,100,3369.0,1.2029822600936129
5235.0,106,3534.0,24.372413793103448,1.9523027296590632,106,106,3509.0,0.04991009404943683,0.8939347725401067,1.9523027296590632,106,3509.0,0.8939347725401067
5240.0,110,3728.0,25.71034482758621,1.85041040783188,110,110,3728.0,0.045299086767750074,0.8444422803560553,1.85041040783188,110,3728.0,0.8444422803560553
5245.0,110,3902.0,27.47887323943662,1.7215359254918816,110,110,3902.0,0.04409784643047174,0.8383453421860219,1.7215359254918816,110,3902.0,0.8383453421860219
5250.0,111,4104.0,28.901408450704224,1.6517279808119936,111,111,4088.0,0.04759224426973584,0.8798068721583245,1.6517279808119936,111,4088.0,0.8798068721583245
5255.0,113,4314.0,30.167832167832167,1.7262127242068943,113,113,4314.0,0.05039331497039259,0.9403337806286453,1.7262127242068943,113,4314.0,0.9403337806286453
5260.0,111,4436.0,31.02097902097902,1.4925371529640994,111,111,4436.0,0.03622112887543321,0.6962732047022538,1.4925371529640994,111,4436.0,0.6962732047022538
5265.0,110,4488.0,31.829787234042552,1.4086932601769602,110,110,4460.0,0.04132559393525928,0.7734197431318309,1.4086932601769602,110,4460.0,0.7734197431318309
5270.0,105,4523.0,31.62937062937063,1.6242315117942796,105,105,4523.0,0.05255294028097959,0.942416887968941,1.6242315117942796,105,4523.0,0.942416887968941
5275.0,103,4278.0,30.340425531914892,1.512238314036682,103,103,4278.0,0.047362831278984066,0.9069452643395739,1.512238314036682,103,4278.0,0.9069452643395739
5280.0,100,3932.0,28.287769784172664,1.6742791674063513,100,100,3845.0,0.055553307616702886,1.0684583624029311,1.6742791674063513,100,3845.0,1.0684583624029311
5285.0,101,3839.0,27.035211267605632,1.8086096024861293,101,101,3839.0,0.06001288726693957,1.1288789354279791,1.8086096024861293,101,3839.0,1.1288789354279791
5290.0,100,3748.0,26.20979020979021,2.0184614986684206,100,100,3748.0,0.06435554554841827,1.2042831678790706,2.0184614986684206,100,3748.0,1.2042831678790706
5295.0,99,3645.0,25.137931034482758,2.1714195633167757,99,99,3645.0,0.07078372785874298,1.3291190935032124,2.1714195633167757,99,3645.0,1.3291190935032124
5300.0,93,3446.0,23.602739726027398,2.262867505309993,93,93,3446.0,0.07501735144122296,1.4486919080242049,2.262867505309993,93,3446.0,1.4486919080242049
5305.0,95,3313.0,22.69178082191781,2.3225311922819185,95,95,3280.0,0.07147204742042584,1.425770445604686,2.3225311922819185,95,3280.0,1.425770445604686
5310.0,94,3188.0,22.13888888888889,2.4712820197692538,94,94,3188.0,0.08234148005136786,1.583901222739821,2.4712820197692538,94,3188.0,1.583901222739821
5315.0,93,3009.0,21.041958041958043,2.4932026139354995,93,93,3009.0,0.07240555265178314,1.4238972367517797,2.4932026139354995,93,3009.0,1.4238972367517797
5320.0,94,2883.0,20.302816901408452,2.3550719127257973,94,94,2834.0,0.06606226499640971,1.2394485465945737,2.3550719127257973,94,2834.0,1.2394485465945737
5325.0,95,2815.0,19.9645390070922,2.41940746838281,95,95,2815.0,0.06757829690509054,1.2956656360835588,2.41940746838281,95,2815.0,1.2956656360835588
5330.0,99,2854.0,20.098591549295776,2.247826420894988,99,99,2854.0,0.06093447300528866,1.1434980117951659,2.247826420894988,99,2854.0,1.1434980117951659
5335.0,104,2973.0,20.79020979020979,2.1758555251783256,104,104,2966.0,0.05996564150143075,1.0710046775109285,2.1758555251783256,104,2966.0,1.0710046775109285
5340.0,106,3233.0,22.767605633802816,2.0773130276839717,106,106,3233.0,0.06071212297351608,1.1073251087315312,2.0773130276839717,106,3233.0,1.1073251087315312
5345.0,113,3783.0,26.270833333333332,1.78783086672123,113,113,3783.0,0.0449503573701934,0.8215626946480389,1.78783086672123,113,3783.0,0.8215626946480389
5350.0,116,4137.0,28.53103448275862,1.689836027869502,116,116,4137.0,0.03877109205141697,0.6880589715592936,1.689836027869502,116,4137.0,0.6880589715592936
5355.0,115,4341.0,30.145833333333332,1.5269470269922663,115,115,4268.0,0.03774936465020676,0.6496832352214845,1.5269470269922663,115,4268.0,0.6496832352214845
5360.0,113,4535.0,32.392857142857146,1.5139585014990256,113,113,4535.0,0.05114294674041332,0.864443990515417,1.5139585014990256,113,4535.0,0.864443990515417
5365.0,110,4711.0,33.89208633093525,1.6221352807688512,110,110,4711.0,0.059065036581536674,1.0253863141919544,1.6221352807688512,110,4711.0,1.0253863141919544
5370.0,106,4870.0,34.785714285714285,1.9513914286109522,106,106,4870.0,0.07214997568792193,1.246421130007559,1.9513914286109522,106,4870.0,1.246421130007559
5375.0,103,5011.0,35.2887323943662,2.1662625509693125,103,103,5011.0,0.0751304804590925,1.3503734511851124,2.1662625509693125,103,5011.0,1.3503734511851124
5380.0,99,5135.0,36.16197183098591,2.0466411056919744,98,99,5134.0,0.07231812208673132,1.3417666173025293,2.0466411056919744,98,5134.0,1.3417666173025293
5385.0,98,5250.0,36.971830985915496,2.1781859898532683,98,98,5250.0,0.08048778873234445,1.4906438749990079,2.1781859898532683,98,5250.0,1.4906438749990079
5390.0,96,5353.0,37.43356643356643,2.1963100707606387,96,96,5353.0,0.08079587259387748,1.506332057683875,2.1963100707606387,96,5353.0,1.506332057683875
5395.0,95,5434.0,38.0,2.278964890076384,95,95,5434.0,0.07947974201519743,1.509465428803907,2.278964890076384,95,5434.0,1.509465428803907
5400.0,93,5522.0,38.88732394366197,2.4942865411808786,93,93,5512.0,0.0892104123478702,1.6618234532859042,2.4942865411808786,93,5512.0,1.6618234532859042
5405.0,94,5614.0,38.986111111111114,2.5016458557273835,94,94,5613.0,0.08357373719839994,1.582905567190667,2.5016458557273835,94,5613.0,1.582905567190667
5410.0,96,5716.0,40.25352112676056,2.557390666007396,94,96,5711.0,0.08274575816829598,1.6061860880936034,2.557390666007396,94,5711.0,1.6061860880936034
5415.0,97,5908.0,41.605633802816904,2.526078100608501,97,97,5908.0,0.07975908913853516,1.5364101962347685,2.526078100608501,97,5908.0,1.5364101962347685
5420.0,98,6248.0,44.628571428571426,2.4748477687151045,98,98,6248.0,0.08151559070284371,1.549687718016011,2.4748477687151045,98,6248.0,1.549687718016011
5425.0,102,6685.0,47.4113475177305,2.240052336156687,102,102,6626.0,0.0732677047140182,1.35948688162268,2.240052336156687,102,6626.0,1.35948688162268
5430.0,105,7200.0,51.42857142857143,2.053456621970065,105,105,7200.0,0.06377597305271882,1.1573855649164224,2.053456621970065,105,7200.0,1.1573855649164224
5435.0,110,7338.0,52.04255319148936,1.9154340749941081,110,110,7338.0,0.05336335198987557,0.9585774001811347,1.9154340749941081,110,7338.0,0.9585774001811347
5440.0,111,7221.0,51.212765957446805,1.6645119993705972,111,111,7089.0,0.04192022482306137,0.7546946941626506,1.6645119993705972,111,7089.0,0.7546946941626506
5445.0,109,7096.0,50.68571428571428,1.8064010554735226,109,109,7096.0,0.05402096560730676,0.9783576304066172,1.8064010554735226,109,7096.0,0.9783576304066172
5450.0,104,6909.0,48.65492957746479,1.790449712172964,104,104,6909.0,0.0474392400914434,0.8828660113749836,1.790449712172964,104,6909.0,0.8828660113749836
5455.0,105,6747.0,48.19285714285714,1.8346604637186121,105,105,6734.0,0.04876918856874106,0.9408182920910686,1.8346604637186121,105,6734.0,0.9408182920910686
5460.0,106,6604.0,47.17142857142857,1.8692222750482188,106,106,6604.0,0.0520203809371313,0.9548957336939542,1.8692222750482188,106,6604.0,0.9548957336939542
5465.0,106,6255.0,44.04929577464789,1.7557694849038337,106,106,6255.0,0.04204400829468768,0.7956652069797376,1.7557694849038337,106,6255.0,0.7956652069797376
5470.0,103,5751.0,40.21678321678322,1.9617881600339842,103,103,5683.0,0.05172531485989182,1.0133798035405834,1.9617881600339842,103,5683.0,1.0133798035405834
5475.0,99,5230.0,36.06896551724138,2.182305188031159,99,99,5230.0,0.06121551567043115,1.150640624999995,2.182305188031159,99,5230.0,1.150640624999995
5480.0,96,4606.0,31.76551724137931,2.2778652424939314,96,96,4606.0,0.06420391111325603,1.1986650634751546,2.2778652424939314,96,4606.0,1.1986650634751546
5485.0,93,3904.0,26.73972602739726,2.297333935760119,93,93,3876.0,0.0630625952778635,1.2002450192524192,2.297333935760119,93,3876.0,1.2002450192524192
5490.0,91,3197.0,22.048275862068966,2.424014642231808,91,91,3197.0,0.07801339352846785,1.4462857477121132,2.424014642231808,91,3197.0,1.4462857477121132
5495.0,87,2540.0,17.887323943661972,2.4522012278919276,87,87,2540.0,0.08557629409895305,1.6302758781407771,2.4522012278919276,87,2540.0,1.6302758781407771
5500.0,87,2028.0,14.083333333333334,2.4454411335576376,87,87,2028.0,0.07857980838964157,1.5287716169167551,2.4454411335576376,87,2028.0,1.5287716169167551
5505.0,88,1879.0,12.958620689655172,2.4131270676662897,88,88,1879.0,0.0752513613719624,1.4693733102409754,2.4131270676662897,88,1879.0,1.4693733102409754
5510.0,91,1819.0,12.45890410958904,2.426840924261084,91,91,1781.0,0.07507618448961531,1.4035951945265048,2.426840924261084,91,1781.0,1.4035951945265048
5515.0,92,1817.0,12.618055555555555,2.443703903960219,92,92,1817.0,0.07696495593412736,1.4276874646311721,2.443703903960219,92,1817.0,1.4276874646311721
5520.0,90,1758.0,12.293706293706293,2.498840804915553,90,90,1758.0,0.07709618899138528,1.4196074225110062,2.498840804915553,90,1758.0,1.4196074225110062
5525.0,88,1663.0,11.39041095890411,2.702832646512867,88,88,1625.0,0.07470291280639609,1.399935483207337,2.702832646512867,88,1625.0,1.399935483207337
5530.0,84,1622.0,11.26388888888889,3.0116528985915973,84,84,1622.0,0.0899909964485628,1.7257560968919468,3.0116528985915973,84,1622.0,1.7257560968919468
5535.0,86,1686.0,11.79020979020979,2.79021085274549,86,86,1686.0,0.07862860592007731,1.5367798041885705,2.79021085274549,86,1686.0,1.5367798041885705
5540.0,91,1782.0,12.549295774647888,2.7042025362175695,91,91,1775.0,0.07591012763492361,1.4823405483766217,2.7042025362175695,91,1775.0,1.4823405483766217
5545.0,93,1952.0,13.843971631205674,2.6354030490123823,93,93,1952.0,0.07984473081546425,1.483087676180192,2.6354030490123823,93,1952.0,1.483087676180192
5550.0,97,2099.0,14.78169014084507,2.3702744105392357,97,97,2099.0,0.07150109639385668,1.3416913488511784,2.3702744105392357,97,2099.0,1.3416913488511784
5555.0,99,2169.0,15.167832167832168,2.3051234896187207,99,99,2127.0,0.06335688119344325,1.209285043967632,2.3051234896187207,99,2127.0,1.209285043967632
5560.0,99,2241.0,15.78169014084507,2.1437895198282764,99,99,2241.0,0.05714528720013703,1.0837165054085074,2.1437895198282764,99,2241.0,1.0837165054085074
5565.0,96,2306.0,16.354609929078013,2.2851546744912135,96,96,2306.0,0.068562276411197,1.2588756664184118,2.2851546744912135,96,2306.0,1.2588756664184118
5570.0,93,2353.0,16.68794326241135,2.261308970878306,93,93,2353.0,0.0729986356979726,1.325583332321593,2.261308970878306,93,2353.0,1.325583332321593
5575.0,92,2264.0,16.287769784172664,2.157883628038499,92,92,2264.0,0.06850343280838567,1.344002178141938,2.157883628038499,92,2264.0,1.344002178141938
5580.0,92,2099.0,15.100719424460431,2.2118274469048798,92,92,2098.0,0.07271840415691222,1.3729366815441129,2.2118274469048798,92,2098.0,1.3729366815441129
5585.0,92,1963.0,13.921985815602836,2.2007125702538626,91,92,1961.0,0.07215280556277004,1.3279691320187517,2.2007125702538626,91,1961.0,1.3279691320187517
5590.0,94,1962.0,13.72027972027972,2.2985068000976323,94,94,1954.0,0.06720936015056146,1.310905524303278,2.2985068000976323,94,1954.0,1.310905524303278
5595.0,97,1688.0,11.641379310344828,2.1003413027010054,97,97,1688.0,0.06052325402757125,1.1490815258071123,2.1003413027010054,97,1688.0,1.1490815258071123
5600.0,98,1708.0,11.944055944055943,2.088267540532488,98,98,1556.0,0.06949058067823927,1.2889150358301211,2.088267540532488,98,1556.0,1.2889150358301211
5605.0,101,1744.0,12.195804195804195,1.9555396813880028,101,101,1744.0,0.06539549426992214,1.2366991964626906,1.9555396813880028,101,1744.0,1.2366991964626906
5610.0,99,1739.0,12.246478873239436,1.942042268889146,99,99,1739.0,0.06046442070916191,1.1805396248275448,1.942042268889146,99,1739.0,1.1805396248275448
5615.0,98,1875.0,13.297872340425531,2.0233798740899474,98,98,1828.0,0.06805915410815426,1.2657507093556042,2.0233798740899474,98,1828.0,1.2657507093556042
5620.0,104,2136.0,15.148936170212766,1.7763218117806905,104,104,2136.0,0.06107322885687824,1.0848031990135603,1.7763218117806905,104,2136.0,1.0848031990135603
5625.0,110,2426.0,17.08450704225352,1.5177341676215252,110,110,2426.0,0.04311793751066555,0.785068421190789,1.5177341676215252,110,2426.0,0.785068421190789
5630.0,110,2629.0,18.384615384615383,1.3445996304683567,110,110,2629.0,0.02939994624409081,0.5308548212888771,1.3445996304683567,110,2629.0,0.5308548212888771
5635.0,108,2756.0,19.13888888888889,1.5696049518918074,108,108,2723.0,0.03841546734044165,0.6864688415005175,1.5696049518918074,108,2723.0,0.6864688415005175
5640.0,105,2927.0,20.186206896551724,1.8872615122021985,105,105,2927.0,0.0533761199161042,0.942623815872484,1.8872615122021985,105,2927.0,0.942623815872484
5645.0,104,3224.0,21.931972789115648,1.9280346923916376,104,104,3224.0,0.05284210097649548,0.9473543011152242,1.9280346923916376,104,3224.0,0.9473543011152242
5650.0,105,3508.0,23.86394557823129,1.9804672453475203,105,105,3508.0,0.05881558976587726,1.0793579530209856,1.9804672453475203,105,3508.0,1.0793579530209856
5655.0,108,3856.0,26.231292517006803,1.8368671366947513,108,108,3854.0,0.048351833685175885,0.9220586800369627,1.8368671366947513,108,3854.0,0.9220586800369627
5660.0,115,4242.0,28.66216216216216,1.8312712082145048,115,115,4240.0,0.04880765847419228,0.9144548284420452,1.8312712082145048,115,4240.0,0.9144548284420452
5665.0,113,4591.0,31.02027027027027,1.8855803722661382,113,113,4591.0,0.05438704620009761,0.9934008216145999,1.8855803722661382,113,4591.0,0.9934008216145999
5670.0,108,4889.0,33.486301369863014,1.9047174236168443,108,108,4876.0,0.05730638761384075,1.0656405930308706,1.9047174236168443,108,4876.0,1.0656405930308706
5675.0,103,5164.0,35.61379310344827,2.197632069913618,103,103,5164.0,0.07001432895052487,1.3025174472544236,2.197632069913618,103,5164.0,1.3025174472544236
5680.0,102,5410.0,37.56944444444444,1.9409302632313836,101,102,5409.0,0.053912260650112676,1.0431943905539995,1.9409302632313836,101,5409.0,1.0431943905539995
5685.0,101,5664.0,39.333333333333336,2.116772406097851,101,101,5656.0,0.056312889688848,1.089189422865437,2.116772406097851,101,5656.0,1.089189422865437
5690.0,101,5919.0,41.39160839160839,2.0776493726556833,101,101,5919.0,0.0587349281794506,1.0900634831033646,2.0776493726556833,101,5919.0,1.0900634831033646
5695.0,102,6211.0,44.364285714285714,1.9198700351096558,102,102,6211.0,0.058505412804398436,1.1098380176607006,1.9198700351096558,102,6211.0,1.1098380176607006
5700.0,104,6595.0,47.44604316546763,1.7110815154063626,104,104,6595.0,0.04860175690852106,0.9055110762209961,1.7110815154063626,104,6595.0,0.9055110762209961
5705.0,106,6943.0,48.894366197183096,1.6365408351589539,106,106,6925.0,0.04722994856457938,0.8343332130054043,1.6365408351589539,106,6925.0,0.8343332130054043
5710.0,102,7284.0,51.29577464788732,1.8965501387906427,102,102,7284.0,0.06400208485994503,1.1220788433373012,1.8965501387906427,102,7284.0,1.1220788433373012
5715.0,101,7601.0,52.78472222222222,1.9003132673198566,100,101,7600.0,0.05595434612447342,1.029547461678269,1.9003132673198566,100,7600.0,1.029547461678269
5720.0,102,7932.0,55.46853146853147,1.921595993457041,102,102,7924.0,0.05635492600091758,1.0437302457165283,1.921595993457041,102,7924.0,1.0437302457165283
5725.0,106,8297.0,57.61805555555556,1.8750782914171735,106,106,8297.0,0.05981112859131099,1.0822853930129341,1.8750782914171735,106,8297.0,1.0822853930129341
5730.0,105,8666.0,61.028169014084504,1.6950105353324956,105,105,8666.0,0.05682613989645861,1.025876958693057,1.6950105353324956,105,8666.0,1.025876958693057
5735.0,105,9016.0,63.49295774647887,1.7432962786737407,105,105,9003.0,0.05698756855347817,1.0412147495478625,1.7432962786737407,105,9003.0,1.0412147495478625
5740.0,107,9369.0,65.0625,1.6724074002496654,107,107,9369.0,0.05355298580473862,0.9474904537074351,1.6724074002496654,107,9369.0,0.9474904537074351
5745.0,105,9698.0,67.34722222222223,1.6894175709381354,104,105,9697.0,0.050745746040406284,0.9238730244826502,1.6894175709381354,104,9697.0,0.9238730244826502
5750.0,106,10047.0,69.28965517241379,1.7281739923379404,106,106,10036.0,0.049932048394253845,0.9085921942419999,1.7281739923379404,106,10036.0,0.9085921942419999
5755.0,107,10407.0,72.27083333333333,1.7055431651523039,107,107,10407.0,0.05177831418219958,0.9087463285110606,1.7055431651523039,107,10407.0,0.9087463285110606
5760.0,104,10718.0,76.01418439716312,1.5749892052863943,104,104,10718.0,0.05223489759628237,0.9304641745945326,1.5749892052863943,104,10718.0,0.9304641745945326
5765.0,101,11019.0,77.05594405594405,1.7036028466190298,101,101,11006.0,0.055804583579913886,0.9873094199641743,1.7036028466190298,101,11006.0,0.9873094199641743
5770.0,101,11374.0,80.09859154929578,1.827187035928035,101,101,11374.0,0.06789040171070344,1.1807839451963884,1.827187035928035,101,11374.0,1.1807839451963884
5775.0,101,11444.0,78.92413793103448,1.7858089065573644,101,101,11444.0,0.05657402198476852,1.0257513711143282,1.7858089065573644,101,11444.0,1.0257513711143282
5780.0,103,11803.0,80.84246575342466,1.9487560538159172,103,103,11652.0,0.05939650565839655,1.0609707084383126,1.9487560538159172,103,11652.0,1.0609707084383126
5785.0,106,12173.0,83.37671232876713,1.9126199350658815,106,106,12173.0,0.06377832054118564,1.1253232141053284,1.9126199350658815,106,12173.0,1.1253232141053284
5790.0,104,12506.0,86.24827586206897,1.8232857980260193,104,104,12506.0,0.052151609279533516,0.9785986513122217,1.8232857980260193,104,12506.0,0.9785986513122217
5795.0,100,12825.0,89.0625,2.0255974295390393,100,100,12812.0,0.06445181704075881,1.1893336582571856,2.0255974295390393,100,12812.0,1.1893336582571856
5800.0,102,13178.0,91.51388888888889,1.8551957497877192,102,102,13178.0,0.05947479835023581,1.067586075979329,1.8551957497877192,102,13178.0,1.067586075979329
5805.0,103,13456.0,92.16438356164383,1.8692728492587243,102,103,13455.0,0.05313554030114314,0.9863762447494288,1.8692728492587243,102,13455.0,0.9863762447494288
5810.0,102,13803.0,93.26351351351352,1.8784859432288623,102,102,13766.0,0.04747818455533726,0.880482571680153,1.8784859432288623,102,13766.0,0.880482571680153
5815.0,104,14168.0,97.04109589041096,1.8549791805489761,104,104,14168.0,0.055561781614226806,1.0022332324426186,1.8549791805489761,104,14168.0,1.0022332324426186
5820.0,104,14501.0,100.00689655172414,1.7163981030444104,104,104,14501.0,0.04709134211960924,0.8676638089471415,1.7163981030444104,104,14501.0,0.8676638089471415
5825.0,101,14824.0,103.66433566433567,1.757202640817368,101,101,14811.0,0.05327704824067367,0.9728132706674347,1.757202640817368,101,14811.0,0.9728132706674347
5830.0,101,15179.0,106.14685314685315,1.8688153395732714,101,101,15179.0,0.06519258739196303,1.1514024823417353,1.8688153395732714,101,15179.0,1.1514024823417353
5835.0,101,15489.0,108.31468531468532,1.6682077950925482,100,101,15488.0,0.05296041800787093,0.9725270242003066,1.6682077950925482,100,15488.0,0.9725270242003066
5840.0,101,15842.0,110.01388888888889,1.8158686932868744,101,101,15828.0,0.05445475973265252,1.0082098025870172,1.8158686932868744,101,15828.0,1.0082098025870172
5845.0,105,16205.0,110.9931506849315,1.8770105198890457,105,105,16205.0,0.0569676663484255,1.0454239356190378,1.8770105198890457,105,16205.0,1.0454239356190378
5850.0,102,16528.0,113.98620689655172,1.828139426239581,102,102,16528.0,0.05450333415261684,1.0267204252982158,1.828139426239581,102,16528.0,1.0267204252982158
5855.0,100,16860.0,117.9020979020979,1.9863701306425032,100,100,16847.0,0.0653211904400104,1.1985601869711198,1.9863701306425032,100,16847.0,1.1985601869711198
5860.0,101,17211.0,120.35664335664336,1.9598035883561877,101,101,17211.0,0.06719745264187364,1.1818744060741415,1.9598035883561877,101,17211.0,1.1818744060741415
5865.0,100,17564.0,122.82517482517483,2.091550944133006,100,100,17564.0,0.06374568916998095,1.1551380563511728,2.091550944133006,100,17564.0,1.1551380563511728
5870.0,96,17902.0,124.31944444444444,2.281381995267894,96,96,17902.0,0.07565083490821789,1.3272032608263307,2.281381995267894,96,17902.0,1.3272032608263307
5875.0,92,18222.0,128.32394366197184,2.54808237026808,92,92,18222.0,0.0849089814707149,1.5381998821307432,2.54808237026808,92,18222.0,1.5381998821307432
5880.0,88,18537.0,131.46808510638297,2.5398084646867014,88,88,18537.0,0.08562347889072561,1.5946610068912284,2.5398084646867014,88,18537.0,1.5946610068912284
5885.0,93,18817.0,131.5874125874126,2.441109120091905,93,93,18817.0,0.0778611579931591,1.4685166330077088,2.441109120091905,93,18817.0,1.4685166330077088
5890.0,99,19201.0,137.15,2.2928793454711247,99,99,19201.0,0.07453510803464079,1.3973597235985928,2.2928793454711247,99,19201.0,1.3973597235985928
5895.0,100,19616.0,138.14084507042253,2.275591595929035,100,100,19616.0,0.07035181352857489,1.333460317460315,2.275591595929035,100,19616.0,1.333460317460315
5900.0,95,19966.0,143.64028776978418,2.388546460413766,95,95,19954.0,0.07827911407128704,1.5268038135401238,2.388546460413766,95,19954.0,1.5268038135401238
5905.0,96,20355.0,144.36170212765958,2.5143550553448617,96,96,20344.0,0.07992021035467343,1.5260397781858495,2.5143550553448617,96,20344.0,1.5260397781858495
5910.0,97,19819.0,140.56028368794327,2.505897438242082,97,97,19819.0,0.08029277163163825,1.5416426047001313,2.505897438242082,97,19819.0,1.5416426047001313
5915.0,98,18639.0,135.06521739130434,2.3868313351391213,98,98,18307.0,0.07529451128672647,1.4239449083814426,2.3868313351391213,98,18307.0,1.4239449083814426
5920.0,100,17464.0,126.55072463768116,2.1524942624245256,100,100,17464.0,0.06162410540178675,1.1441593654511821,2.1524942624245256,100,17464.0,1.1441593654511821
5925.0,100,16106.0,119.3037037037037,1.8567634419777892,100,100,16106.0,0.04687415730752753,0.8898326533646523,1.8567634419777892,100,16106.0,0.8898326533646523
5930.0,102,14941.0,110.67407407407407,1.7816915119459824,102,102,14820.0,0.040794159349304075,0.7513025210084006,1.7816915119459824,102,14820.0,0.7513025210084006
5935.0,102,13781.0,102.08148148148148,1.9841568185721334,102,102,13781.0,0.046795110716988955,0.9094899516205857,1.9841568185721334,102,13781.0,0.9094899516205857
5940.0,100,12531.0,94.21804511278195,1.815914393559271,100,100,12531.0,0.03321139501080644,0.6731744388670667,1.815914393559271,100,12531.0,0.6731744388670667
5945.0,98,11317.0,83.82962962962964,2.038793076291766,98,98,11290.0,0.04816041478376088,0.9426252854658416,2.038793076291766,98,11290.0,0.9426252854658416
5950.0,99,10138.0,76.22556390977444,2.0673237627210006,99,99,10138.0,0.05464281807994071,1.021654951709635,2.0673237627210006,99,10138.0,1.021654951709635
5955.0,98,8871.0,66.20149253731343,1.9810208426741436,98,98,8871.0,0.04316140615828103,0.8632850024572034,1.9810208426741436,98,8871.0,0.8632850024572034
5960.0,93,7526.0,57.015151515151516,2.171410437539349,93,93,7498.0,0.05552979767968413,1.102598683563609,2.171410437539349,93,7498.0,1.102598683563609
5965.0,91,6167.0,47.0763358778626,2.2235762105704913,91,91,6167.0,0.06661087745530742,1.2557344583245418,2.2235762105704913,91,6167.0,1.2557344583245418
5970.0,85,4837.0,37.49612403100775,2.5157483180055644,85,85,4837.0,0.08210630127609038,1.534516130387642,2.5157483180055644,85,4837.0,1.534516130387642
5975.0,82,3840.0,30.236220472440944,2.6219557694907976,82,82,3840.0,0.09249702988920226,1.6624831809632965,2.6219557694907976,82,3840.0,1.6624831809632965
5980.0,84,4105.0,31.576923076923077,2.6274230075022937,84,84,4105.0,0.08892881835958395,1.5849720111276335,2.6274230075022937,84,4105.0,1.5849720111276335
5985.0,86,4298.0,33.31782945736434,2.290594934170171,86,86,4298.0,0.07542071761522595,1.430483055991063,2.290594934170171,86,4298.0,1.430483055991063
5990.0,86,4554.0,34.5,2.408310803000217,86,86,4526.0,0.07558293690667105,1.4457697423239415,2.408310803000217,86,4526.0,1.4457697423239415
5995.0,90,4831.0,36.59848484848485,2.4442351482234517,90,90,4828.0,0.07778288578639743,1.4372915017606467,2.4442351482234517,90,4828.0,1.4372915017606467
6000.0,85,4761.0,36.343511450381676,2.6060018528773496,85,85,4758.0,0.07985148381346127,1.4823671870322284,2.6060018528773496,85,4758.0,1.4823671870322284
6005.0,81,4443.0,33.916030534351144,2.6268491719125358,81,81,4329.0,0.07807395799464374,1.4765085813180898,2.6268491719125358,81,4329.0,1.4765085813180898
6010.0,77,4107.0,31.837209302325583,2.877250750191053,77,77,4107.0,0.09211176158505337,1.72690873734205,2.877250750191053,77,4107.0,1.72690873734205
6015.0,73,3750.0,28.625954198473284,3.113929866439983,73,73,3750.0,0.10428341828392387,1.950050067946634,3.113929866439983,73,3750.0,1.950050067946634
6020.0,73,3416.0,26.6875,2.988609255165407,72,73,3415.0,0.09984404354052262,1.9278373032406715,2.988609255165407,72,3415.0,1.9278373032406715
6025.0,80,3211.0,24.7,2.8279741272356493,80,80,3211.0,0.08755229595982092,1.7423446902006592,2.8279741272356493,80,3211.0,1.7423446902006592
6030.0,84,3031.0,23.137404580152673,2.692129891780674,84,84,3018.0,0.07651759611561113,1.5469708929457935,2.692129891780674,84,3018.0,1.5469708929457935
6035.0,86,2731.0,20.84732824427481,2.4307699963067324,86,86,2731.0,0.05961565045873546,1.1913931584735697,2.4307699963067324,86,2731.0,1.1913931584735697
6040.0,85,2334.0,17.81679389312977,2.3047697500491013,85,85,2287.0,0.06285485284827164,1.1905630901699475,2.3047697500491013,85,2287.0,1.1905630901699475
6045.0,82,1994.0,15.338461538461539,2.4625798995951667,82,82,1994.0,0.07222104723765464,1.3659003178821927,2.4625798995951667,82,1994.0,1.3659003178821927
6050.0,79,1797.0,13.717557251908397,2.359962213834748,79,79,1797.0,0.061944767534703474,1.2314228284596003,2.359962213834748,79,1797.0,1.2314228284596003
6055.0,79,1757.0,13.62015503875969,2.373005926486425,79,79,1728.0,0.07154485247903342,1.4070100489770243,2.373005926486425,79,1728.0,1.4070100489770243
6060.0,81,1751.0,13.573643410852712,2.181834417770611,81,81,1751.0,0.06378413800906685,1.2216536562769218,2.181834417770611,81,1751.0,1.2216536562769218
6065.0,84,1756.0,13.507692307692308,2.120728071747279,84,84,1756.0,0.06839553867528697,1.2543155775416308,2.120728071747279,84,1756.0,1.2543155775416308
6070.0,81,1762.0,13.553846153846154,2.2398242315304517,81,81,1761.0,0.07642597372970744,1.371832460294133,2.2398242315304517,81,1761.0,1.371832460294133
6075.0,78,1678.0,12.712121212121213,2.2925835063735187,78,78,1678.0,0.07648070208052904,1.4211591620229411,2.2925835063735187,78,1678.0,1.4211591620229411
6080.0,77,1531.0,11.425373134328359,2.5174044349888747,77,77,1508.0,0.08307721985077618,1.5520276797327848,2.5174044349888747,77,1508.0,1.5520276797327848
6085.0,74,1373.0,10.323308270676693,2.739561838851687,74,74,1373.0,0.09380266903550999,1.749779725526519,2.739561838851687,74,1373.0,1.749779725526519
6090.0,70,1076.0,8.151515151515152,2.686459801211421,70,70,1076.0,0.08594961803297778,1.6482514054974284,2.686459801211421,70,1076.0,1.6482514054974284
6095.0,71,1020.0,7.906976744186046,2.646446987449889,71,71,913.0,0.09173796303867067,1.704369624064477,2.646446987449889,71,913.0,1.704369624064477
6100.0,73,1059.0,8.083969465648854,2.6722860652655247,73,73,1059.0,0.09001386953331401,1.704582506785924,2.6722860652655247,73,1059.0,1.704582506785924
6105.0,80,1128.0,8.676923076923076,2.3057634762736328,80,80,1128.0,0.06859462948105376,1.330464993605975,2.3057634762736328,80,1128.0,1.330464993605975
6110.0,86,1307.0,9.827067669172932,2.172271268672911,86,86,1239.0,0.06366514680575941,1.2487959957793737,2.172271268672911,86,1239.0,1.2487959957793737
6115.0,92,1627.0,12.14179104477612,2.2271165209374075,92,92,1627.0,0.06467472657230268,1.2417058239913488,2.2271165209374075,92,1627.0,1.2417058239913488
6120.0,101,1974.0,14.842105263157896,1.8524407093635802,101,101,1974.0,0.04495597930763445,0.8803103190716384,1.8524407093635802,101,1974.0,0.8803103190716384
6125.0,103,2361.0,17.488888888888887,1.8611019387599017,103,103,2352.0,0.038823285448197103,0.7983750000000006,1.8611019387599017,103,2352.0,0.7983750000000006
6130.0,104,2753.0,20.856060606060606,1.674018483537372,104,104,2753.0,0.03647240857980006,0.7250869566621962,1.674018483537372,104,2753.0,0.7250869566621962
6135.0,102,3102.0,23.32330827067669,1.6793075285416317,102,102,3102.0,0.03992953026628572,0.7903123442213105,1.6793075285416317,102,3102.0,0.7903123442213105
6140.0,101,3511.0,26.598484848484848,1.8155872298601066,101,101,3498.0,0.05197181034935872,0.980342899776866,1.8155872298601066,101,3498.0,0.980342899776866
6145.0,108,4036.0,31.046153846153846,1.5622268502992778,108,108,4036.0,0.05141392880377931,0.9040335881538123,1.5622268502992778,108,4036.0,0.9040335881538123
6150.0,110,4402.0,33.34848484848485,1.41058234720933,110,110,4402.0,0.038129055601437846,0.7045395707037662,1.41058234720933,110,4402.0,0.7045395707037662
6155.0,107,4641.0,34.89473684210526,1.593243829528436,107,107,4583.0,0.042507928148423135,0.7712061076265865,1.593243829528436,107,4583.0,0.7712061076265865
6160.0,105,4868.0,36.32835820895522,1.5863632438412905,105,105,4868.0,0.04638873718016942,0.8176088044001011,1.5863632438412905,105,4868.0,0.8176088044001011
6165.0,103,4821.0,36.52272727272727,1.5210426290636287,103,103,4821.0,0.04562850260655255,0.8083709150105943,1.5210426290636287,103,4821.0,0.8083709150105943
6170.0,99,4577.0,34.41353383458647,1.5745944439122717,99,99,4490.0,0.04073796175431821,0.7556623012923673,1.5745944439122717,99,4490.0,0.7556623012923673
6175.0,96,4312.0,32.421052631578945,1.7635306522221956,96,96,4312.0,0.050629690909236066,0.8957489505191192,1.7635306522221956,96,4312.0,0.8957489505191192
6180.0,91,4027.0,30.278195488721803,2.122703897716509,91,91,4027.0,0.0656665877588819,1.1700115848902073,2.122703897716509,91,4027.0,1.1700115848902073
6185.0,87,3646.0,26.808823529411764,2.1597248645033384,87,87,3646.0,0.06220111783317098,1.1707363555909924,2.1597248645033384,87,3646.0,1.1707363555909924
6190.0,88,3329.0,24.84328358208955,2.149017716644833,88,88,3296.0,0.060989016400353736,1.2079870196684865,2.149017716644833,88,3296.0,1.2079870196684865
6195.0,87,3013.0,22.48507462686567,2.150615239757068,87,87,3012.0,0.06723650411208265,1.2963875542499095,2.150615239757068,87,3012.0,1.2963875542499095
6200.0,87,2657.0,19.828358208955223,2.2638704724246614,87,87,2657.0,0.06483841981189303,1.2760584603605782,2.2638704724246614,87,2657.0,1.2760584603605782
6205.0,83,2252.0,17.19083969465649,2.163172287617077,83,83,2239.0,0.06964405375148347,1.3670142486606829,2.163172287617077,83,2239.0,1.3670142486606829
6210.0,79,1839.0,14.038167938931299,2.4281997626819,79,79,1839.0,0.08656714756394213,1.6258881135474683,2.4281997626819,79,1839.0,1.6258881135474683
6215.0,75,1679.0,13.015503875968992,2.554352334106496,75,75,1679.0,0.09165768372095544,1.7283026838780284,2.554352334106496,75,1679.0,1.7283026838780284
6220.0,80,1795.0,13.598484848484848,2.42605809936907,80,80,1795.0,0.07685480479840799,1.4525237321743267,2.42605809936907,80,1795.0,1.4525237321743267
6225.0,84,1853.0,13.828358208955224,2.545470052888897,84,84,1800.0,0.0807487164233233,1.4615715235460778,2.545470052888897,84,1800.0,1.4615715235460778
6230.0,85,1923.0,14.139705882352942,2.5477636853594285,85,85,1923.0,0.07884581749379077,1.4129764445989073,2.5477636853594285,85,1923.0,1.4129764445989073
6235.0,86,1914.0,13.97080291970803,2.519580113713273,86,86,1914.0,0.06990281911397973,1.2971567048824246,2.519580113713273,86,1914.0,1.2971567048824246
6240.0,88,2004.0,14.955223880597014,2.523876905874103,88,88,1934.0,0.07022506155931943,1.3136185645019984,2.523876905874103,88,1934.0,1.3136185645019984
6245.0,89,2097.0,15.649253731343284,2.3506369401437603,89,89,2097.0,0.06891612903093379,1.3075034642760248,2.3506369401437603,89,2097.0,1.3075034642760248
6250.0,88,2076.0,15.609022556390977,2.383198394112245,88,88,2076.0,0.06428237031556541,1.2523287965676233,2.383198394112245,88,2076.0,1.2523287965676233
6255.0,90,2181.0,16.398496240601503,2.3232224274838087,90,90,2132.0,0.07017197833130759,1.310747047623925,2.3232224274838087,90,2132.0,1.310747047623925
6260.0,95,2371.0,18.099236641221374,2.2109860662849625,95,95,2371.0,0.06822762920136376,1.2561722360651661,2.2109860662849625,95,2371.0,1.2561722360651661
6265.0,98,2488.0,19.138461538461538,1.8143481510116608,98,98,2488.0,0.05299059323779693,0.9746499949271433,1.8143481510116608,98,2488.0,0.9746499949271433
6270.0,92,2532.0,19.627906976744185,2.093166353636435,92,92,2504.0,0.06347574484319864,1.1845798397037146,2.093166353636435,92,2504.0,1.1845798397037146
6275.0,88,2554.0,19.7984496124031,2.282226776069394,88,88,2554.0,0.07350755005302458,1.2851093724937857,2.282226776069394,88,2554.0,1.2851093724937857
6280.0,85,2561.0,20.165354330708663,2.1407153265880625,85,85,2561.0,0.07439123280088232,1.2599512214518798,2.1407153265880625,85,2561.0,1.2599512214518798
6285.0,81,2567.0,20.536,2.1718388819078625,81,81,2567.0,0.07399517146321785,1.3269938159334544,2.1718388819078625,81,2567.0,1.3269938159334544
6290.0,86,2829.0,22.1015625,2.2347754728436557,86,86,2811.0,0.07692944957302657,1.3191906717747002,2.2347754728436557,86,2811.0,1.3191906717747002
6295.0,91,3123.0,24.209302325581394,2.209172175925792,91,91,3123.0,0.06948912154175463,1.2046016433801074,2.209172175925792,91,3123.0,1.2046016433801074
6300.0,90,3381.0,26.209302325581394,2.199810143196984,90,90,3381.0,0.05872640003308126,1.0835270059109314,2.199810143196984,90,3381.0,1.0835270059109314
6305.0,87,3596.0,27.037593984962406,2.409300861171716,87,87,3583.0,0.06712301822505616,1.193502653417106,2.409300861171716,87,3583.0,1.193502653417106
6310.0,85,3803.0,28.810606060606062,2.69712790728147,85,85,3803.0,0.08371662351586517,1.4605744988467928,2.69712790728147,85,3803.0,1.4605744988467928
6315.0,80,3988.0,30.442748091603054,2.8308254907070003,80,80,3988.0,0.09225233941971876,1.6439307109409487,2.8308254907070003,80,3988.0,1.6439307109409487
6320.0,78,3853.0,29.638461538461538,2.8545865712178418,77,78,3852.0,0.08985618230334824,1.6588326718578525,2.8545865712178418,77,3852.0,1.6588326718578525
6325.0,75,3502.0,27.147286821705425,2.849078483600847,75,75,3404.0,0.0913710151594707,1.7525196048054696,2.849078483600847,75,3404.0,1.7525196048054696
6330.0,71,3178.0,24.828125,2.9189682810920003,71,71,3178.0,0.09906453555419051,1.8695364775262908,2.9189682810920003,71,3178.0,1.8695364775262908
6335.0,72,2952.0,23.428571428571427,2.9049488386163436,72,72,2952.0,0.10713395052254779,1.9683390644571819,2.9049488386163436,72,2952.0,1.9683390644571819
6340.0,77,2733.0,21.023076923076925,2.7409496563034508,77,77,2733.0,0.09300029993594992,1.736670733974345,2.7409496563034508,77,2733.0,1.736670733974345
6345.0,76,2515.0,19.6484375,2.718477584999326,73,76,2511.0,0.10518193320430738,1.9315093402829204,2.718477584999326,73,2511.0,1.9315093402829204
6350.0,70,2193.0,17.0,2.5707709408873374,70,70,2191.0,0.09563222649788324,1.8092662331328755,2.5707709408873374,70,2191.0,1.8092662331328755
6355.0,76,1966.0,15.24031007751938,2.629490744196124,73,76,1895.0,0.0972141804534283,1.8543321951931242,2.629490744196124,73,1895.0,1.8543321951931242
6360.0,75,1765.0,13.576923076923077,2.6975463582313863,75,75,1765.0,0.09929308361054337,1.8737394502847184,2.6975463582313863,75,1765.0,1.8737394502847184
6365.0,76,1549.0,11.82442748091603,2.626871992324285,75,76,1548.0,0.09088146924774303,1.7146318536417535,2.626871992324285,75,1548.0,1.7146318536417535
6370.0,80,1694.0,12.833333333333334,2.762052685312784,80,80,1694.0,0.0893202444981121,1.660489500312518,2.762052685312784,80,1694.0,1.660489500312518
6375.0,87,2090.0,15.597014925373134,2.483463851040292,87,87,2035.0,0.07555951043698406,1.366489118734582,2.483463851040292,87,2035.0,1.366489118734582
6380.0,91,2352.0,17.954198473282442,2.3790084548279458,91,91,2352.0,0.07414393927494671,1.370759303582807,2.3790084548279458,91,2352.0,1.370759303582807
6385.0,97,2522.0,18.82089552238806,2.260922622373661,97,97,2464.0,0.06877324491962855,1.2223803854558173,2.260922622373661,97,2464.0,1.2223803854558173
6390.0,98,2708.0,20.360902255639097,2.211723460041526,98,98,2708.0,0.06637139594891035,1.146916157691146,2.211723460041526,98,2708.0,1.146916157691146
6395.0,101,2901.0,21.649253731343283,2.0077485499235874,101,101,2901.0,0.0510833056502759,0.9338329000024271,2.0077485499235874,101,2901.0,0.9338329000024271
6400.0,103,3112.0,23.223880597014926,1.8228843681357463,103,103,3112.0,0.040913524457492675,0.7441555646382157,1.8228843681357463,103,3112.0,0.7441555646382157
6405.0,103,3327.0,25.204545454545453,1.7497399940679044,103,103,3327.0,0.03964721252147397,0.7387840016266766,1.7497399940679044,103,3327.0,0.7387840016266766
6410.0,101,3453.0,26.56153846153846,1.4005204682975287,101,101,3453.0,0.03451010373414982,0.6714922031649925,1.4005204682975287,101,3453.0,0.6714922031649925
6415.0,97,3543.0,27.46511627906977,1.6219253328185292,97,97,3516.0,0.05390932544779192,0.9772306057631206,1.6219253328185292,97,3516.0,0.9772306057631206
6420.0,98,3731.0,28.92248062015504,1.69514558602643,98,98,3731.0,0.0566721990245668,0.9831837818926334,1.69514558602643,98,3731.0,0.9831837818926334
6425.0,101,3927.0,29.75,1.6335232302150244,101,101,3927.0,0.047057372783063225,0.8560831420894792,1.6335232302150244,101,3927.0,0.8560831420894792
6430.0,103,4138.0,31.587786259541986,1.6304350648725634,103,103,4138.0,0.04172407223754871,0.772568233176427,1.6304350648725634,103,4138.0,0.772568233176427
6435.0,104,4354.0,32.73684210526316,1.6440230104217293,104,104,4354.0,0.04151631228105234,0.771708333333334,1.6440230104217293,104,4354.0,0.771708333333334
6440.0,101,4547.0,34.97692307692308,1.56573895107871,101,101,4547.0,0.048132577674014944,0.8741494813543087,1.56573895107871,101,4547.0,0.8741494813543087
6445.0,103,4838.0,37.215384615384615,1.4576878975401673,103,103,4825.0,0.05236004349969688,0.8805481475187823,1.4576878975401673,103,4825.0,0.8805481475187823
6450.0,106,5358.0,41.53488372093023,1.4635074200478904,106,106,5358.0,0.05707680054034093,0.9426911334749313,1.4635074200478904,106,5358.0,0.9426911334749313
6455.0,110,5722.0,44.01538461538462,1.2762273064766898,110,110,5722.0,0.04074332971290428,0.6851233814274169,1.2762273064766898,110,5722.0,0.6851233814274169
6460.0,106,5957.0,44.78947368421053,1.4437286367965314,106,106,5899.0,0.04671012842808958,0.781863902112308,1.4437286367965314,106,5899.0,0.781863902112308
6465.0,106,6186.0,46.16417910447761,1.6019690036524499,106,106,6186.0,0.04885017482348253,0.8171174603971447,1.6019690036524499,106,6186.0,0.8171174603971447
6470.0,102,6406.0,47.10294117647059,1.8129419940549818,102,102,6406.0,0.05023171149712511,0.8837690631007558,1.8129419940549818,102,6406.0,0.8837690631007558
6475.0,98,6606.0,49.669172932330824,1.9493631664345863,98,98,6606.0,0.06378671685603449,1.1013768267382806,1.9493631664345863,98,6606.0,1.1013768267382806
6480.0,94,6786.0,51.80152671755725,2.1422555680355075,94,94,6786.0,0.07939343792458511,1.4043781354870861,2.1422555680355075,94,6786.0,1.4043781354870861
6485.0,88,6873.0,51.291044776119406,2.121544895973597,88,88,6873.0,0.06928638150963745,1.3240611893475596,2.121544895973597,88,6873.0,1.3240611893475596
6490.0,89,7017.0,52.365671641791046,2.3898540597758657,89,89,6989.0,0.08406787879962256,1.5398251756535268,2.3898540597758657,89,6989.0,1.5398251756535268
6495.0,90,7164.0,52.6764705882353,2.575554144706423,90,90,7164.0,0.08701293059101195,1.5285622243914236,2.575554144706423,90,7164.0,1.5285622243914236
6500.0,87,6856.0,51.16417910447761,2.630004184108241,87,87,6856.0,0.08066077864193573,1.499418804827729,2.630004184108241,87,6856.0,1.499418804827729
6505.0,83,6231.0,46.5,2.915338925756955,83,83,6084.0,0.09504911860854158,1.7315089677084183,2.915338925756955,83,6084.0,1.7315089677084183
6510.0,79,5583.0,42.29545454545455,2.9247990651614173,79,79,5583.0,0.09620738887004177,1.805157099074865,2.9247990651614173,79,5583.0,1.805157099074865
6515.0,77,4876.0,36.93939393939394,2.9621083635277543,77,77,4876.0,0.09482347129939019,1.7925986761982986,2.9621083635277543,77,4876.0,1.7925986761982986
6520.0,79,4301.0,32.09701492537314,2.857639049544573,79,79,4252.0,0.08051452358647845,1.547345249295553,2.857639049544573,79,4252.0,1.547345249295553
6525.0,85,3971.0,29.857142857142858,2.742714909844296,85,85,3971.0,0.0755969660520435,1.4490299715177826,2.742714909844296,85,3971.0,1.4490299715177826
6530.0,89,3634.0,27.119402985074625,2.4298675787008692,89,89,3634.0,0.05856106532490358,1.159113683510592,2.4298675787008692,89,3634.0,1.159113683510592
6535.0,94,3347.0,25.549618320610687,2.0574955418308387,94,94,3331.0,0.0508169279559401,0.907485106631105,2.0574955418308387,94,3331.0,0.907485106631105
6540.0,97,3079.0,23.684615384615384,1.9309622583493526,97,97,3079.0,0.05631614042943862,0.9949199744422547,1.9309622583493526,97,3079.0,0.9949199744422547
6545.0,98,2941.0,21.94776119402985,1.7855924321751948,98,98,2941.0,0.04038921306135389,0.7375011760455762,1.7855924321751948,98,2941.0,0.7375011760455762
6550.0,96,2961.0,22.263157894736842,1.8522051808436653,96,96,2961.0,0.04539510109027753,0.8618264329669676,1.8522051808436653,96,2961.0,0.8618264329669676
6555.0,94,3152.0,23.69924812030075,1.8011561560247853,94,94,3118.0,0.05276913016223443,0.9982922975002294,1.8011561560247853,94,3118.0,0.9982922975002294
6560.0,97,3449.0,26.328244274809162,1.8678180586808069,97,97,3449.0,0.06049490317184513,1.1619579326121239,1.8678180586808069,97,3449.0,1.1619579326121239
6565.0,100,3519.0,26.458646616541355,1.8021202113948285,100,100,3519.0,0.05149484713433828,1.0442956022233585,1.8021202113948285,100,3519.0,1.0442956022233585
6570.0,95,3422.0,25.924242424242426,1.8650975495925066,95,95,3345.0,0.05693207614036922,1.0962441261129643,1.8650975495925066,95,3345.0,1.0962441261129643
6575.0,92,3314.0,24.917293233082706,2.149938679028006,92,92,3314.0,0.07177711480513177,1.313509980171833,2.149938679028006,92,3314.0,1.313509980171833
6580.0,92,3194.0,23.659259259259258,2.036503350973097,92,92,3194.0,0.06476897274413206,1.1588543196881766,2.036503350973097,92,3194.0,1.1588543196881766
6585.0,89,3071.0,22.748148148148147,2.412456510169738,89,89,3071.0,0.08001119618621577,1.4532111505587992,2.412456510169738,89,3071.0,1.4532111505587992
6590.0,84,2926.0,21.357664233576642,2.5431751770951063,84,84,2926.0,0.08658747984877652,1.5612492002993275,2.5431751770951063,84,2926.0,1.5612492002993275
6595.0,80,2686.0,20.044776119402986,2.469439862862594,80,80,2686.0,0.08123091281850207,1.5615582379115507,2.469439862862594,80,2686.0,1.5615582379115507
6600.0,79,2501.0,18.804511278195488,2.700426356671602,79,79,2467.0,0.09975593439560256,1.792584416815224,2.700426356671602,79,2467.0,1.792584416815224
6605.0,81,2401.0,17.785185185185185,2.7573319031571057,81,81,2401.0,0.09460663801575919,1.7167931631508775,2.7573319031571057,81,2401.0,1.7167931631508775
6610.0,82,2278.0,17.127819548872182,2.808955760904635,82,82,2278.0,0.09051650367446039,1.6926516236896467,2.808955760904635,82,2278.0,1.6926516236896467
6615.0,82,2068.0,15.548872180451127,2.785642622348601,82,82,2025.0,0.0833693881787612,1.6000228305775845,2.785642622348601,82,2025.0,1.6000228305775845
6620.0,79,1888.0,14.19548872180451,3.0711774074879035,79,79,1888.0,0.09507689608282009,1.815646719590893,3.0711774074879035,79,1888.0,1.815646719590893
6625.0,79,1756.0,13.104477611940299,3.0458247958220523,79,79,1756.0,0.09203557359711782,1.780753643103599,3.0458247958220523,79,1756.0,1.780753643103599
6630.0,79,1730.0,13.206106870229007,2.924723731542455,79,79,1725.0,0.09136011833873843,1.7217110032778074,2.924723731542455,79,1725.0,1.7217110032778074
6635.0,84,1915.0,14.73076923076923,2.8527045207200703,84,84,1915.0,0.0883878572478929,1.639168717875864,2.8527045207200703,84,1915.0,1.639168717875864
6640.0,89,2063.0,15.628787878787879,2.306347061642976,89,89,2063.0,0.0616541184717672,1.1163375865048095,2.306347061642976,89,2063.0,1.1163375865048095
6645.0,94,2298.0,17.541984732824428,2.007417963938833,94,94,2241.0,0.047490610589097315,0.8844441604976757,2.007417963938833,94,2241.0,0.8844441604976757
6650.0,96,2550.0,19.172932330827066,2.032368856949364,96,96,2550.0,0.051980707261895354,0.9783709761220207,2.032368856949364,96,2550.0,0.9783709761220207
6655.0,98,2813.0,21.310606060606062,1.90296278807901,98,98,2813.0,0.04967983759257265,0.8952542175461844,1.90296278807901,98,2813.0,0.8952542175461844
6660.0,100,3085.0,24.291338582677167,1.699595815989785,100,100,3085.0,0.04829972245505104,0.9023971954301582,1.699595815989785,100,3085.0,0.9023971954301582
6665.0,102,3480.0,26.76923076923077,1.4466396780824378,102,102,3480.0,0.031023821091396193,0.5999978474733493,1.4466396780824378,102,3480.0,0.5999978474733493
6670.0,106,3782.0,29.092307692307692,1.416195441087631,106,106,3782.0,0.037726843699135634,0.7190601813724079,1.416195441087631,106,3782.0,0.7190601813724079
6675.0,106,3938.0,29.833333333333332,1.5044962976819984,106,106,3866.0,0.04674639833752135,0.8472966537450827,1.5044962976819984,106,3866.0,0.8472966537450827
6680.0,104,4093.0,31.007575757575758,1.6348415508167102,104,104,4093.0,0.05463819491213134,0.9889170999346564,1.6348415508167102,104,4093.0,0.9889170999346564
6685.0,103,4235.0,31.604477611940297,1.8220080143398594,103,103,4235.0,0.05981564035892432,1.1019674418026972,1.8220080143398594,103,4235.0,1.1019674418026972
6690.0,102,4170.0,31.119402985074625,1.6774788366502118,102,102,4170.0,0.05814416408228581,1.0845095154971087,1.6774788366502118,102,4170.0,1.0845095154971087
6695.0,99,3963.0,29.796992481203006,1.688801073231162,99,99,3963.0,0.058101534183472615,1.100338520532763,1.688801073231162,99,3963.0,1.100338520532763
6700.0,97,3737.0,27.888059701492537,1.6057440494156086,97,97,3673.0,0.04932316177850604,0.9471416549779307,1.6057440494156086,97,3673.0,0.9471416549779307
6705.0,94,3496.0,26.08955223880597,1.8903658257835567,94,94,3495.0,0.059711750289542856,1.147703011411786,1.8903658257835567,94,3495.0,1.147703011411786
6710.0,95,3257.0,23.948529411764707,1.8101064470876829,95,95,3255.0,0.051110579880749,1.0032072497954214,1.8101064470876829,95,3255.0,1.0032072497954214
6715.0,96,3027.0,22.42222222222222,1.8659858822320274,96,96,3027.0,0.0541521323310911,1.032378925843458,1.8659858822320274,96,3027.0,1.032378925843458
6720.0,96,2797.0,20.87313432835821,1.8629074256319045,96,96,2797.0,0.053255983481720476,0.9779677913565971,1.8629074256319045,96,2797.0,0.9779677913565971
6725.0,95,2541.0,18.547445255474454,1.8759169696008475,95,95,2541.0,0.05104995384425762,0.9753072029855346,1.8759169696008475,95,2541.0,0.9753072029855346
6730.0,90,2305.0,16.948529411764707,2.075529913545761,90,90,2287.0,0.06547197373047908,1.2521253255406042,2.075529913545761,90,2287.0,1.2521253255406042
6735.0,88,2136.0,15.940298507462687,2.0646592307072757,88,88,2136.0,0.0722764797989655,1.379256097072728,2.0646592307072757,88,2136.0,1.379256097072728
6740.0,88,1984.0,14.917293233082706,1.926697308663489,88,88,1984.0,0.06815359713874529,1.3330194463508598,1.926697308663489,88,1984.0,1.3330194463508598
6745.0,94,1995.0,14.669117647058824,1.6839644185196578,94,94,1937.0,0.054182249540032375,1.03435614985324,1.6839644185196578,94,1937.0,1.03435614985324
6750.0,94,2309.0,16.854014598540147,1.9466605381285607,94,94,2309.0,0.06481339745687327,1.2165164644982378,1.9466605381285607,94,2309.0,1.2165164644982378
6755.0,99,2691.0,19.933333333333334,1.7407439510121832,99,99,2691.0,0.06224475501490868,1.1381778053551714,1.7407439510121832,99,2691.0,1.1381778053551714
6760.0,105,3045.0,22.226277372262775,1.3593877595918133,105,105,3045.0,0.03821586873581884,0.7277880752544454,1.3593877595918133,105,3045.0,0.7277880752544454
6765.0,104,3366.0,24.215827338129497,1.5964706063953034,104,104,3348.0,0.048080984769679695,0.9043177727568183,1.5964706063953034,104,3348.0,0.9043177727568183
6770.0,101,3674.0,26.05673758865248,1.9222268016500677,101,101,3674.0,0.06055320278993355,1.1051291899897622,1.9222268016500677,101,3674.0,1.1051291899897622
6775.0,99,3955.0,28.04964539007092,2.002631652669974,99,99,3955.0,0.05148797785096724,0.9627155439408325,2.002631652669974,99,3955.0,0.9627155439408325
6780.0,99,4250.0,30.575539568345324,2.034395621964044,99,99,4239.0,0.050004493801419025,0.9437664833452651,2.034395621964044,99,4239.0,0.9437664833452651
6785.0,103,4622.0,33.01428571428571,1.8672583594081524,103,103,4622.0,0.04791785111098668,0.9042345646709178,1.8672583594081524,103,4622.0,0.9042345646709178
6790.0,105,4996.0,35.94244604316547,1.8150571130890623,105,105,4996.0,0.04341343591832671,0.8409229440151076,1.8150571130890623,105,4996.0,0.8409229440151076
6795.0,108,5433.0,38.53191489361702,1.758772882474938,108,108,5406.0,0.041178234728599224,0.7699634874142238,1.758772882474938,108,5406.0,0.7699634874142238
6800.0,109,5878.0,41.98571428571429,1.8621442071969312,109,109,5878.0,0.05112890981825962,0.9301038163681478,1.8621442071969312,109,5878.0,0.9301038163681478
6805.0,108,6227.0,44.163120567375884,1.8577543413173305,108,108,6227.0,0.04645887798358399,0.8699610112771194,1.8577543413173305,108,6227.0,0.8699610112771194
6810.0,103,6499.0,47.43795620437956,1.7933832190516021,103,103,6471.0,0.05287631164697603,0.9590413015474978,1.7933832190516021,103,6471.0,0.9590413015474978
6815.0,98,6763.0,49.72794117647059,2.0859944625553606,98,98,6763.0,0.07053536637462836,1.250613341022662,2.0859944625553606,98,6763.0,1.250613341022662
6820.0,99,7105.0,53.02238805970149,1.8018944041206626,99,99,7105.0,0.06038000767174374,1.0630130320035593,1.8018944041206626,99,7105.0,1.0630130320035593
6825.0,102,7456.0,56.06015037593985,1.7642085651871262,102,102,7456.0,0.05724306994577939,1.0490076798607688,1.7642085651871262,102,7456.0,1.0490076798607688
6830.0,105,7822.0,58.37313432835821,1.6045881313547277,105,105,7822.0,0.04558486883879981,0.853958334633007,1.6045881313547277,105,7822.0,0.853958334633007
6835.0,105,8195.0,61.156716417910445,1.6509389489733486,105,105,8195.0,0.04575948206109924,0.846648707705148,1.6509389489733486,105,8195.0,0.846648707705148
6840.0,102,8504.0,63.46268656716418,1.7823059367252891,102,102,8504.0,0.04477742099447569,0.8769928679160692,1.7823059367252891,102,8504.0,0.8769928679160692
6845.0,102,8864.0,65.17647058823529,1.777608597516048,102,102,8836.0,0.049746223610815536,0.9373936872869654,1.777608597516048,102,8836.0,0.9373936872869654
6850.0,103,9229.0,68.8731343283582,1.8183823872445513,103,103,9229.0,0.06108501627335072,1.112526478614881,1.8183823872445513,103,9229.0,1.112526478614881
6855.0,100,9093.0,67.35555555555555,1.6782972624042773,100,100,9093.0,0.04979199093253245,0.923084292067466,1.6782972624042773,100,9093.0,0.923084292067466
6860.0,98,8695.0,64.4074074074074,2.019575132208238,98,98,8532.0,0.06143735143290079,1.1594422325076736,2.019575132208238,98,8532.0,1.1594422325076736
6865.0,100,8360.0,61.02189781021898,2.1794011144693304,100,100,8360.0,0.0704931972639866,1.2796153733141677,2.1794011144693304,100,8360.0,1.2796153733141677
6870.0,99,8029.0,59.036764705882355,2.1860122318569704,99,99,8029.0,0.06429134754441573,1.1663057224519127,2.1860122318569704,99,8029.0,1.1663057224519127
6875.0,97,7543.0,56.714285714285715,2.1193223266636045,97,97,7543.0,0.06364081065087779,1.175425528172283,2.1193223266636045,97,7543.0,1.175425528172283
6880.0,95,6938.0,52.56060606060606,1.8339778199332872,95,95,6938.0,0.05053381669652731,0.9718660913900762,1.8339778199332872,95,6938.0,0.9718660913900762
6885.0,91,6315.0,48.57692307692308,1.9350727023323202,91,91,6267.0,0.05691032960620371,1.0801130815985258,1.9350727023323202,91,6267.0,1.0801130815985258
6890.0,86,5670.0,42.95454545454545,2.166162708598697,86,86,5669.0,0.06509811052403205,1.2294718767478323,2.166162708598697,86,5669.0,1.2294718767478323
6895.0,83,4946.0,37.46969696969697,2.272445763688549,83,83,4946.0,0.06508473811732744,1.262549152636075,2.272445763688549,83,4946.0,1.262549152636075
6900.0,78,4161.0,32.25581395348837,2.276320895783638,78,78,4143.0,0.076713862786751,1.4036007092028246,2.276320895783638,78,4143.0,1.4036007092028246
6905.0,74,3356.0,25.815384615384616,2.5187206167490577,74,74,3356.0,0.08953200700049091,1.6570875871759165,2.5187206167490577,74,3356.0,1.6570875871759165
6910.0,72,2504.0,19.26153846153846,2.5840819002356925,72,72,2504.0,0.08366051464396532,1.620035207790404,2.5840819002356925,72,2504.0,1.620035207790404
6915.0,73,1706.0,12.924242424242424,2.659715774180426,73,73,1679.0,0.08583475185085612,1.6444347042737497,2.659715774180426,73,1679.0,1.6444347042737497
6920.0,75,1106.0,8.573643410852712,2.5224063677788657,75,75,1106.0,0.0874257512428783,1.6720868781867946,2.5224063677788657,75,1106.0,1.6720868781867946
6925.0,79,1026.0,7.892307692307693,2.3299077586409034,79,79,1026.0,0.07729009504722213,1.4747725000536314,2.3299077586409034,79,1026.0,1.4747725000536314
6930.0,84,1228.0,9.446153846153846,2.050583573516722,84,84,1163.0,0.07430467790502408,1.3603144740722208,2.050583573516722,84,1163.0,1.3603144740722208
6935.0,88,1553.0,11.854961832061068,2.202053597020542,88,88,1553.0,0.0801730316760964,1.4552347968082555,2.202053597020542,88,1553.0,1.4552347968082555
6940.0,94,1777.0,13.261194029850746,1.7385774119640698,94,94,1777.0,0.04854065604827023,0.8908993086081892,1.7385774119640698,94,1777.0,0.8908993086081892
6945.0,95,1930.0,14.296296296296296,1.8840616330034703,95,95,1887.0,0.0527969837438011,0.9344232600285276,1.8840616330034703,95,1887.0,0.9344232600285276
6950.0,93,2071.0,15.227941176470589,2.0098411835396384,93,93,2071.0,0.06262016471097345,1.093911059137713,2.0098411835396384,93,2071.0,1.093911059137713
6955.0,91,2093.0,15.619402985074627,1.998760226869857,91,91,2093.0,0.05557893691529888,1.0264917904319761,1.998760226869857,91,2093.0,1.0264917904319761
6960.0,87,2055.0,15.687022900763358,2.2007167735843085,87,87,2012.0,0.06901973336864306,1.2633623539045877,2.2007167735843085,87,2012.0,1.2633623539045877
6965.0,87,2040.0,15.223880597014926,2.294646262718636,87,87,2040.0,0.0765258803030759,1.3690683952856209,2.294646262718636,87,2040.0,1.3690683952856209
6970.0,91,2005.0,14.962686567164178,2.1266227345028494,91,91,2005.0,0.06431562762602348,1.217657873879597,2.1266227345028494,91,2005.0,1.217657873879597
6975.0,93,2012.0,14.686131386861314,2.1359557606440394,93,93,1985.0,0.05853388244632795,1.134099008898706,2.1359557606440394,93,1985.0,1.134099008898706
6980.0,97,2035.0,14.854014598540147,2.0570489337113997,97,97,2035.0,0.0593114841474974,1.1182120250865222,2.0570489337113997,97,2035.0,1.1182120250865222
6985.0,97,2018.0,14.623188405797102,1.9873126518524404,97,97,2018.0,0.054668760893662245,1.0389599257534812,1.9873126518524404,97,2018.0,1.0389599257534812
6990.0,91,1989.0,14.625,2.0518843439876,91,91,1976.0,0.06738762442268441,1.2352028496584035,2.0518843439876,91,1976.0,1.2352028496584035
6995.0,89,2119.0,15.813432835820896,2.219332062109901,89,89,2119.0,0.0827507011597995,1.5022622937983687,2.219332062109901,89,2119.0,1.5022622937983687
7000.0,91,2089.0,15.474074074074075,1.8824653246553922,91,91,2089.0,0.057419649223046196,1.095182241734327,1.8824653246553922,91,2089.0,1.095182241734327
7005.0,89,2101.0,15.67910447761194,1.9999816815886626,89,89,2043.0,0.062307973154670744,1.1520194839606606,1.9999816815886626,89,2043.0,1.1520194839606606
7010.0,89,2246.0,16.761194029850746,2.1010578127719395,89,89,2246.0,0.07097453088277819,1.281519481533344,2.1010578127719395,89,2246.0,1.281519481533344
7015.0,90,2214.0,16.646616541353385,1.9460480852044952,90,90,2214.0,0.060914643885291095,1.0945377573922037,1.9460480852044952,90,2214.0,1.0945377573922037
7020.0,87,2125.0,16.098484848484848,2.143298105361693,87,87,2067.0,0.06333623247375679,1.1769108645516624,2.143298105361693,87,2067.0,1.1769108645516624
7025.0,88,2189.0,16.583333333333332,2.0716838781795355,88,88,2189.0,0.06906860109782784,1.2735060225856836,2.0716838781795355,88,2189.0,1.2735060225856836
7030.0,91,2232.0,16.65671641791045,2.066181575173662,91,91,2232.0,0.06015300893807176,1.1451864604126076,2.066181575173662,91,2232.0,1.1451864604126076
7035.0,93,2314.0,16.89051094890511,2.1052257288469027,93,93,2288.0,0.05751744330430764,1.0840956148540668,2.1052257288469027,93,2288.0,1.0840956148540668
7040.0,96,2412.0,17.605839416058394,2.0551024232700246,96,96,2412.0,0.058569481378734634,1.0807533740828998,2.0551024232700246,96,2412.0,1.0807533740828998
7045.0,95,2473.0,18.05109489051095,2.1092690154865252,95,95,2473.0,0.06042492166057163,1.1378033295431398,2.1092690154865252,95,2473.0,1.1378033295431398
7050.0,92,2522.0,18.40875912408759,2.1747564819996885,92,92,2509.0,0.06584061056385394,1.268250838407301,2.1747564819996885,92,2509.0,1.268250838407301
7055.0,92,2607.0,19.169117647058822,2.2153844996410155,92,92,2607.0,0.07399943923823674,1.3870663354461332,2.2153844996410155,92,2607.0,1.3870663354461332
7060.0,94,2695.0,19.528985507246375,2.048000592202405,94,94,2695.0,0.06272129836849308,1.1794848809759515,2.048000592202405,94,2695.0,1.1794848809759515
7065.0,93,2813.0,20.384057971014492,2.1560440981995224,93,93,2813.0,0.07009562500742664,1.2828562429538821,2.1560440981995224,93,2813.0,1.2828562429538821
7070.0,98,3161.0,23.072992700729927,1.8575534620572418,98,98,3159.0,0.05678348488177232,1.066976697241154,1.8575534620572418,98,3159.0,1.066976697241154
7075.0,104,3596.0,26.637037037037036,1.6483288411689656,104,104,3596.0,0.05100572667280186,0.9620606972411514,1.6483288411689656,104,3596.0,0.9620606972411514
7080.0,105,3809.0,28.214814814814815,1.605104434408647,105,105,3809.0,0.04201918681588674,0.8332345292504527,1.605104434408647,105,3809.0,0.8332345292504527
7085.0,101,3848.0,28.087591240875913,1.7203902514047273,101,101,3770.0,0.05200011643575228,1.0273306878306845,1.7203902514047273,101,3770.0,1.0273306878306845
7090.0,97,3867.0,28.226277372262775,1.985115165756631,97,97,3867.0,0.06685225292265497,1.241803999999993,1.985115165756631,97,3867.0,1.241803999999993
7095.0,93,3632.0,26.318840579710145,2.072052993310314,93,93,3632.0,0.07256203293793213,1.3185810869130894,2.072052993310314,93,3632.0,1.3185810869130894
7100.0,93,3386.0,24.715328467153284,2.1765300352725094,93,93,3308.0,0.07396735742350241,1.3148033011128255,2.1765300352725094,93,3308.0,1.3148033011128255
7105.0,97,3391.0,24.39568345323741,2.2160057216426226,97,97,3391.0,0.0728702525355034,1.257896289972079,2.2160057216426226,97,3391.0,1.257896289972079
7110.0,98,3478.0,25.573529411764707,2.200735249660329,98,98,3478.0,0.07107150754785813,1.2322818938347575,2.200735249660329,98,3478.0,1.2322818938347575
7115.0,99,3570.0,26.842105263157894,2.176564710114184,99,99,3570.0,0.07400239582443836,1.233386382997521,2.176564710114184,99,3570.0,1.233386382997521
7120.0,97,3586.0,26.962406015037594,1.785177070031067,97,97,3586.0,0.04822467538506358,0.8933441651300397,1.785177070031067,97,3586.0,0.8933441651300397
7125.0,95,3539.0,26.60902255639098,1.8808983687908545,95,95,3516.0,0.05141684971159643,0.9450315893804233,1.8808983687908545,95,3516.0,0.9450315893804233
7130.0,90,3474.0,25.733333333333334,2.230591751437978,90,90,3474.0,0.06558030611197102,1.1559941566302936,2.230591751437978,90,3474.0,1.1559941566302936
7135.0,86,3389.0,25.481203007518797,2.5376823092842478,86,86,3389.0,0.07687725501345367,1.3539141140842827,2.5376823092842478,86,3389.0,1.3539141140842827
7140.0,84,3272.0,24.78787878787879,2.540856459319047,84,84,3272.0,0.07073873753653304,1.295619303939524,2.540856459319047,84,3272.0,1.295619303939524
7145.0,86,3275.0,24.62406015037594,2.475085567270655,86,86,3262.0,0.07408506152688478,1.3310352541160366,2.475085567270655,86,3262.0,1.3310352541160366
7150.0,92,3598.0,27.05263157894737,2.362799999117157,92,92,3598.0,0.06366170231610263,1.1843326259021927,2.362799999117157,92,3598.0,1.1843326259021927
7155.0,95,3897.0,28.654411764705884,2.241983364398689,95,95,3897.0,0.0531636046884434,1.0398356082415507,2.241983364398689,95,3897.0,1.0398356082415507
7160.0,92,4158.0,30.573529411764707,2.386279557720091,92,92,4145.0,0.06742913347454242,1.2189005607140921,2.386279557720091,92,4145.0,1.2189005607140921
7165.0,91,4408.0,32.411764705882355,2.380270234731848,91,91,4408.0,0.07820644043382664,1.3519475353540273,2.380270234731848,91,4408.0,1.3519475353540273
7170.0,86,4512.0,33.1764705882353,2.4875734093060324,86,86,4512.0,0.07468967980000309,1.3596874379470483,2.4875734093060324,86,4512.0,1.3596874379470483
7175.0,84,4682.0,35.46969696969697,2.524487573969262,84,84,4635.0,0.08468359024055667,1.5593110771750964,2.524487573969262,84,4635.0,1.5593110771750964
7180.0,84,4904.0,37.723076923076924,2.3864318471646557,84,84,4904.0,0.08496616993545865,1.5527606989774956,2.3864318471646557,84,4904.0,1.5527606989774956
7185.0,86,4820.0,37.65625,2.0710177592213106,86,86,4820.0,0.06707877526677294,1.2939055709280591,2.0710177592213106,86,4820.0,1.2939055709280591
7190.0,86,4575.0,35.19230769230769,2.0540341893862486,86,86,4457.0,0.06620037268663558,1.241347769299093,2.0540341893862486,86,4457.0,1.241347769299093
7195.0,89,4337.0,32.85606060606061,2.1648973025092366,89,89,4337.0,0.06871488223813443,1.2361657390943863,2.1648973025092366,89,4337.0,1.2361657390943863
7200.0,85,4093.0,31.244274809160306,2.3118379376022324,85,85,4093.0,0.07432127314883404,1.3332415454210902,2.3118379376022324,85,4093.0,1.3332415454210902
7205.0,83,3836.0,28.414814814814815,2.6205641904936416,83,83,3836.0,0.09019250425835305,1.5693882700133817,2.6205641904936416,83,3836.0,1.5693882700133817
7210.0,80,3568.0,26.42962962962963,2.8648685623027217,80,80,3568.0,0.09732719028537788,1.7548103813309928,2.8648685623027217,80,3568.0,1.7548103813309928
7215.0,80,3225.0,23.54014598540146,2.682650192257564,79,80,3224.0,0.08508036028939968,1.6383209508064827,2.682650192257564,79,3224.0,1.6383209508064827
7220.0,85,3011.0,22.303703703703704,2.5581146536064456,85,85,3011.0,0.0842967110886162,1.6366469083729904,2.5581146536064456,85,3011.0,1.6366469083729904
7225.0,92,2846.0,20.926470588235293,2.3939196157410083,92,92,2846.0,0.07834385757996569,1.5014712459623494,2.3939196157410083,92,2846.0,1.5014712459623494
7230.0,92,2658.0,19.26086956521739,2.445162584857294,91,92,2657.0,0.07772699498177632,1.4628517544675743,2.445162584857294,91,2657.0,1.4628517544675743
7235.0,90,2539.0,18.26618705035971,2.5150876845739525,90,90,2527.0,0.0767289000943774,1.4245179128308194,2.5150876845739525,90,2527.0,1.4245179128308194
7240.0,90,2544.0,18.302158273381295,2.461064594260804,90,90,2470.0,0.07692061914823914,1.3637149709209984,2.461064594260804,90,2470.0,1.3637149709209984
7245.0,93,2679.0,19.698529411764707,2.5024563651716076,93,93,2679.0,0.08929463023829833,1.5848294758926849,2.5024563651716076,93,2679.0,1.5848294758926849
7250.0,94,2744.0,20.325925925925926,2.239389080457779,94,94,2744.0,0.07429069131898193,1.3590103335424184,2.239389080457779,94,2744.0,1.3590103335424184
7255.0,100,2905.0,21.67910447761194,1.930598791255558,100,100,2841.0,0.05096618272173794,0.9016385797196482,1.930598791255558,100,2841.0,0.9016385797196482
7260.0,103,3091.0,23.595419847328245,1.6606386154649375,103,103,3091.0,0.04682904568655674,0.7994085301407134,1.6606386154649375,103,3091.0,0.7994085301407134
7265.0,101,3203.0,23.902985074626866,1.7267356075141398,101,101,3203.0,0.04146442072848416,0.7469328127169944,1.7267356075141398,101,3203.0,0.7469328127169944
7270.0,98,3301.0,24.634328358208954,1.9211385463153192,98,98,3278.0,0.05425738559787979,0.9444849225720608,1.9211385463153192,98,3278.0,0.9444849225720608
7275.0,98,3466.0,26.06015037593985,1.914201255822826,98,98,3466.0,0.060156022578527174,1.0734641330554429,1.914201255822826,98,3466.0,1.0734641330554429
7280.0,98,3541.0,26.62406015037594,1.9137290086555208,98,98,3541.0,0.05398053874580026,0.9810254542674288,1.9137290086555208,98,3541.0,0.9810254542674288
7285.0,96,3545.0,26.455223880597014,2.1275799075837636,96,96,3517.0,0.05898664847945208,1.1020700650324216,2.1275799075837636,96,3517.0,1.1020700650324216
7290.0,90,3527.0,26.71969696969697,2.3603962546889106,90,90,3527.0,0.07373184701583936,1.3849746496904218,2.3603962546889106,90,3527.0,1.3849746496904218
7295.0,86,3492.0,27.069767441860463,2.3485361253198205,86,86,3492.0,0.07574307171802588,1.4085274748284036,2.3485361253198205,86,3492.0,1.4085274748284036
7300.0,86,3534.0,27.3953488372093,2.2962690166061046,86,86,3534.0,0.07514605881008138,1.388295246980459,2.2962690166061046,86,3534.0,1.388295246980459
7305.0,92,3830.0,29.46153846153846,2.1866757886943557,92,92,3830.0,0.06445243080702581,1.194015057009096,2.1866757886943557,92,3830.0,1.194015057009096
7310.0,98,4156.0,31.24812030075188,1.9823016666864464,98,98,4156.0,0.04875062472180746,0.9057749776074839,1.9823016666864464,98,4156.0,0.9057749776074839
7315.0,96,4385.0,33.21969696969697,1.9691789465862162,96,96,4385.0,0.04934311142617392,0.9380356613681866,1.9691789465862162,96,4385.0,0.9380356613681866
7320.0,96,4658.0,35.55725190839695,2.0214112943654095,96,96,4625.0,0.05453792638546031,1.015155772090232,2.0214112943654095,96,4625.0,1.015155772090232
7325.0,97,4990.0,37.23880597014925,2.141640621529526,97,97,4990.0,0.06618812864745748,1.191408821124166,2.141640621529526,97,4990.0,1.191408821124166
7330.0,97,4985.0,37.765151515151516,2.008510396633175,97,97,4985.0,0.059206044945299456,1.0956135917152008,2.008510396633175,97,4985.0,1.0956135917152008
7335.0,92,4735.0,35.871212121212125,2.068873300062485,92,92,4623.0,0.06507131871745823,1.182452835620054,2.068873300062485,92,4623.0,1.182452835620054
7340.0,89,4469.0,34.37692307692308,2.2728758525506265,89,89,4469.0,0.07974732630201217,1.4368489823967245,2.2728758525506265,89,4469.0,1.4368489823967245
7345.0,87,4101.0,31.546153846153846,2.1775282522783357,87,87,4101.0,0.07053679654291715,1.3745750128739669,2.1775282522783357,87,4101.0,1.3745750128739669
7350.0,86,3735.0,28.51145038167939,2.29451034067551,86,86,3692.0,0.07435856213019615,1.399361925329626,2.29451034067551,86,3692.0,1.399361925329626
7355.0,88,3375.0,25.96153846153846,2.209469498170011,88,88,3375.0,0.0755907696256022,1.4049440515150777,2.209469498170011,88,3375.0,1.4049440515150777
7360.0,86,3009.0,22.795454545454547,2.2122678236609694,86,86,3009.0,0.07070610564233715,1.323713647407653,2.2122678236609694,86,3009.0,1.323713647407653
7365.0,83,2537.0,19.075187969924812,2.3619890457521815,83,83,2537.0,0.07676432190439975,1.400421618347604,2.3619890457521815,83,2537.0,1.400421618347604
7370.0,83,2129.0,15.77037037037037,2.3848499962067438,83,83,2096.0,0.0785670897980834,1.4240616601265084,2.3848499962067438,83,2096.0,1.4240616601265084
7375.0,87,1824.0,13.313868613138686,2.556381489080897,87,87,1824.0,0.07648628684964397,1.4364020841948493,2.556381489080897,87,1824.0,1.4364020841948493
7380.0,86,1677.0,12.330882352941176,2.5095501303707506,86,86,1677.0,0.06586383276687645,1.258273907413039,2.5095501303707506,86,1677.0,1.258273907413039
7385.0,85,1673.0,12.211678832116789,2.5663811587246923,85,85,1640.0,0.0695578103321273,1.328606723348925,2.5663811587246923,85,1640.0,1.328606723348925
7390.0,85,1698.0,12.485294117647058,2.79420155659325,85,85,1698.0,0.08186316094581901,1.5254553337538375,2.79420155659325,85,1698.0,1.5254553337538375
7395.0,84,1721.0,12.654411764705882,2.8494864309586436,84,84,1721.0,0.08223475989669692,1.5273583032988365,2.8494864309586436,84,1721.0,1.5273583032988365
7400.0,82,1692.0,12.916030534351146,2.7721811401355363,82,82,1692.0,0.0913336032117271,1.6956043788163395,2.7721811401355363,82,1692.0,1.6956043788163395
7405.0,84,1726.0,13.17557251908397,2.644556850335031,84,84,1689.0,0.08385026388575283,1.6209203016922669,2.644556850335031,84,1689.0,1.6209203016922669
7410.0,84,1837.0,14.022900763358779,2.6779345517248965,84,84,1837.0,0.08391334514540527,1.589874940453786,2.6779345517248965,84,1837.0,1.589874940453786
7415.0,87,2010.0,15.34351145038168,2.5492737215436043,87,87,2010.0,0.07458900585019979,1.4202176457114768,2.5492737215436043,87,2010.0,1.4202176457114768
7420.0,92,2273.0,17.35114503816794,2.1307304167860206,92,92,2240.0,0.061218348262898126,1.1269560579138593,2.1307304167860206,92,2240.0,1.1269560579138593
7425.0,95,2568.0,19.906976744186046,2.0379490439699506,95,95,2568.0,0.06394707389915132,1.1720508855000515,2.0379490439699506,95,2568.0,1.1720508855000515
7430.0,96,2879.0,21.810606060606062,1.9097198285614823,96,96,2879.0,0.057764834264278184,1.0679366214891022,1.9097198285614823,96,2879.0,1.0679366214891022
7435.0,101,3362.0,25.46969696969697,1.7907648895570665,101,101,3355.0,0.04845000205810781,0.8753911739215083,1.7907648895570665,101,3355.0,0.8753911739215083
7440.0,108,3889.0,29.68702290076336,1.5947416896794362,108,108,3889.0,0.039587706603418406,0.7069844487581122,1.5947416896794362,108,3889.0,0.7069844487581122
7445.0,113,4207.0,31.16296296296296,1.3702154654136487,113,113,4207.0,0.02464700113570229,0.4545507481129595,1.3702154654136487,113,4207.0,0.4545507481129595
7450.0,109,4359.0,32.774436090225564,1.461159439410477,109,109,4281.0,0.035741020865740554,0.6595094257989064,1.461159439410477,109,4281.0,0.6595094257989064
7455.0,104,4489.0,34.00757575757576,1.5946280293115342,104,104,4489.0,0.04886577579697431,0.8945495405714463,1.5946280293115342,104,4489.0,0.8945495405714463
7460.0,100,4599.0,35.37692307692308,1.783598662656043,100,100,4599.0,0.06036194052669075,1.0587101807501953,1.783598662656043,100,4599.0,1.0587101807501953
7465.0,98,4629.0,35.06818181818182,1.9610790364184465,98,98,4629.0,0.06092167357020371,1.1577136748347703,1.9610790364184465,98,4629.0,1.1577136748347703
7470.0,96,4709.0,35.94656488549618,2.1010577267674773,96,96,4680.0,0.06854373002718679,1.287042612250322,2.1010577267674773,96,4680.0,1.287042612250322
7475.0,97,4793.0,37.15503875968992,2.082990591835663,97,97,4793.0,0.0662461358283916,1.2564319241686976,2.082990591835663,97,4793.0,1.2564319241686976
7480.0,98,4880.0,37.53846153846154,1.8441809184453455,98,98,4880.0,0.04994067670348494,0.9584976902998853,1.8441809184453455,98,4880.0,0.9584976902998853
7485.0,99,4972.0,38.542635658914726,1.9183044731915262,99,99,4972.0,0.048979886634819385,0.9454997074614453,1.9183044731915262,99,4972.0,0.9454997074614453
7490.0,99,5067.0,38.97692307692308,1.9175043982967208,99,99,5067.0,0.051614495249124134,0.957044222202206,1.9175043982967208,99,5067.0,0.957044222202206
7495.0,97,4872.0,37.47692307692308,1.9282559839425208,97,97,4872.0,0.04954643704254541,0.9582272745663735,1.9282559839425208,97,4872.0,0.9582272745663735
7500.0,92,4467.0,34.8984375,1.9790114090258173,92,92,4374.0,0.05932692501062603,1.1182919388593828,1.9790114090258173,92,4374.0,1.1182919388593828
7505.0,88,4069.0,31.061068702290076,2.2614106143136357,88,88,4069.0,0.07232632090231703,1.3480313390313339,2.2614106143136357,88,4069.0,1.3480313390313339
7510.0,85,3763.0,29.170542635658915,2.477310624198908,85,85,3763.0,0.08399188833796227,1.5398863702856025,2.477310624198908,85,3763.0,1.5398863702856025
7515.0,86,3565.0,27.423076923076923,2.40855819311929,86,86,3565.0,0.08789760296165271,1.5304393904022544,2.40855819311929,86,3565.0,1.5304393904022544
7520.0,87,3273.0,24.984732824427482,2.3961490364155087,87,87,3225.0,0.07676199339496349,1.3505839700185507,2.3961490364155087,87,3225.0,1.3505839700185507
7525.0,86,2974.0,22.702290076335878,2.453517033091277,86,86,2974.0,0.08676170463152326,1.5075674887518036,2.453517033091277,86,2974.0,1.5075674887518036
7530.0,85,2617.0,19.977099236641223,2.3844328571457964,85,85,2617.0,0.0784916146466449,1.4675313091933846,2.3844328571457964,85,2617.0,1.4675313091933846
7535.0,85,2316.0,17.815384615384616,2.291210417391525,85,85,2269.0,0.07404573509405757,1.3952667232354508,2.291210417391525,85,2269.0,1.3952667232354508
7540.0,88,2030.0,15.263157894736842,2.1984957718047498,88,88,2030.0,0.06935845907936983,1.2837813174953774,2.1984957718047498,88,2030.0,1.2837813174953774
7545.0,89,1843.0,13.857142857142858,2.116760934495069,89,89,1843.0,0.06399858615354444,1.2057897641227007,2.116760934495069,89,1843.0,1.2057897641227007
7550.0,91,1980.0,14.666666666666666,2.1884189598549844,91,91,1942.0,0.06766076638679967,1.2644302619076946,2.1884189598549844,91,1942.0,1.2644302619076946
7555.0,96,2200.0,16.666666666666668,1.9826194261933308,96,96,2200.0,0.0626453600587203,1.1715156457573122,1.9826194261933308,96,2200.0,1.1715156457573122
7560.0,98,2349.0,17.931297709923665,1.7610915748233056,98,98,2349.0,0.045392779801534285,0.8618762137074054,1.7610915748233056,98,2349.0,0.8618762137074054
7565.0,95,2431.0,18.416666666666668,1.8471969236093095,95,95,2403.0,0.05129815741561082,0.9643962269687032,1.8471969236093095,95,2403.0,0.9643962269687032
7570.0,91,2494.0,18.893939393939394,2.2051540164151113,91,91,2494.0,0.06832803693668005,1.2350884043142596,2.2051540164151113,91,2494.0,1.2350884043142596
7575.0,88,2383.0,18.19083969465649,2.0427867463393965,87,88,2382.0,0.06112313463410033,1.1546059744790922,2.0427867463393965,87,2382.0,1.1546059744790922
7580.0,86,2217.0,16.923664122137403,2.197430482010483,86,86,2159.0,0.0610701042794968,1.2063357564834642,2.197430482010483,86,2159.0,1.2063357564834642
7585.0,88,2187.0,16.568181818181817,2.198190660611063,88,88,2187.0,0.06802689569210543,1.2695348945577536,2.198190660611063,88,2187.0,1.2695348945577536
7590.0,88,2123.0,16.083333333333332,2.0373089176489105,88,88,2123.0,0.06205269783676365,1.1578017158012763,2.0373089176489105,88,2123.0,1.1578017158012763
7595.0,90,2108.0,15.969696969696969,2.0597769542030373,90,90,2086.0,0.06029295953026381,1.13217777152604,2.0597769542030373,90,2086.0,1.13217777152604
7600.0,93,2103.0,15.81203007518797,1.8602077762563365,93,93,2103.0,0.05212515071207736,0.9476919857151792,1.8602077762563365,93,2103.0,0.9476919857151792
7605.0,95,2114.0,16.137404580152673,1.7610336817365777,95,95,2114.0,0.053312556570755315,0.9647014912894041,1.7610336817365777,95,2114.0,0.9647014912894041
7610.0,95,2129.0,16.007518796992482,1.8369839747390786,95,95,2129.0,0.05482344129488103,0.9495479837148982,1.8369839747390786,95,2129.0,0.9495479837148982
7615.0,93,2020.0,15.419847328244275,1.7689325854402853,93,93,2020.0,0.053661384427106835,0.9245783653220069,1.7689325854402853,93,2020.0,0.9245783653220069
7620.0,88,1812.0,13.938461538461539,1.9810865582222692,88,88,1774.0,0.06116797519378875,1.1068020487144048,1.9810865582222692,88,1774.0,1.1068020487144048
7625.0,86,1723.0,13.15267175572519,1.9895666343954435,86,86,1723.0,0.0678011428198563,1.1985824260715527,1.9895666343954435,86,1723.0,1.1985824260715527
7630.0,88,1934.0,14.876923076923077,2.111011362869221,88,88,1934.0,0.07238306534029922,1.33097621745245,2.111011362869221,88,1934.0,1.33097621745245
7635.0,92,2181.0,16.398496240601503,2.263939761678291,92,92,2181.0,0.082036985366218,1.4694995327085498,2.263939761678291,92,2181.0,1.4694995327085498
7640.0,93,2310.0,17.238805970149254,2.1121083107954455,93,93,2310.0,0.0703849308541626,1.3101240829965028,2.1121083107954455,93,2310.0,1.3101240829965028
7645.0,97,2580.0,18.970588235294116,2.1325625598104847,97,97,2489.0,0.07142379762502687,1.2837105169345084,2.1325625598104847,97,2489.0,1.2837105169345084
7650.0,98,2865.0,21.22222222222222,2.191469826105666,98,98,2865.0,0.07396465737817769,1.3114704925510097,2.191469826105666,98,2865.0,1.3114704925510097
7655.0,95,3097.0,23.285714285714285,2.2798899609901757,95,95,3097.0,0.06911121161740726,1.2841546688008032,2.2798899609901757,95,3097.0,1.2841546688008032
7660.0,96,3373.0,25.171641791044777,2.1364040672068456,96,96,3347.0,0.06295743967990826,1.131515643057601,2.1364040672068456,96,3347.0,1.131515643057601
7665.0,97,3658.0,27.50375939849624,2.1971257456003297,97,97,3658.0,0.07172187079047454,1.2449297889252728,2.1971257456003297,97,3658.0,1.2449297889252728
7670.0,94,3850.0,28.73134328358209,2.106471325809975,94,94,3850.0,0.060275860336757685,1.0996819331551062,2.106471325809975,94,3850.0,1.0996819331551062
7675.0,91,3969.0,29.842105263157894,2.2292894703816013,91,91,3942.0,0.0667806399547736,1.2151344001337134,2.2292894703816013,91,3942.0,1.2151344001337134
7680.0,87,4128.0,31.753846153846155,2.3914066575980475,87,87,4128.0,0.08792753340571148,1.5375085139358318,2.3914066575980475,87,4128.0,1.5375085139358318
7685.0,89,4421.0,33.49242424242424,2.2648489992907916,89,89,4421.0,0.07907732054324759,1.4102644565960554,2.2648489992907916,89,4421.0,1.4102644565960554
7690.0,92,4696.0,35.04477611940298,2.251900087865034,92,92,4696.0,0.07300439477736324,1.3109837632446533,2.251900087865034,92,4696.0,1.3109837632446533
7695.0,97,5021.0,37.19259259259259,2.047217686857864,97,97,4995.0,0.06593886530624495,1.1705681338054317,2.047217686857864,97,4995.0,1.1705681338054317
7700.0,99,5364.0,40.02985074626866,1.9656497768402437,99,99,5364.0,0.060218879082973034,1.1165887513657913,1.9656497768402437,99,5364.0,1.1165887513657913
7705.0,99,5653.0,41.262773722627735,2.0306280390812623,99,99,5653.0,0.05677748029755036,1.0697815612847539,2.0306280390812623,99,5653.0,1.0697815612847539
7710.0,101,6002.0,43.17985611510792,2.081358066080859,101,101,5973.0,0.061112396647463145,1.1159459907818459,2.081358066080859,101,5973.0,1.1159459907818459
7715.0,102,6360.0,46.42335766423358,2.052247511187673,102,102,6360.0,0.06734007731039184,1.2301601360174794,2.052247511187673,102,6360.0,1.2301601360174794
7720.0,102,6635.0,47.392857142857146,1.8439888553641266,102,102,6635.0,0.05005651770829041,0.9386051109173634,1.8439888553641266,102,6635.0,0.9386051109173634
7725.0,101,6850.0,49.63768115942029,1.952208058821587,101,101,6822.0,0.05568848618800841,1.0710322580645129,1.952208058821587,101,6822.0,1.0710322580645129
7730.0,97,7100.0,51.44927536231884,1.9707771197931054,97,97,7100.0,0.06355857132814839,1.1756300273793339,1.9707771197931054,97,7100.0,1.1756300273793339
7735.0,95,6952.0,51.11764705882353,1.92897340050886,94,95,6951.0,0.06131692366448048,1.162660087016201,1.92897340050886,94,6951.0,1.162660087016201
7740.0,97,6545.0,48.843283582089555,1.7107459935189835,97,97,6401.0,0.052685190139368065,1.0233482358610675,1.7107459935189835,97,6401.0,1.0233482358610675
7745.0,99,6143.0,44.194244604316545,1.7275743995654906,99,99,6143.0,0.052320825899430094,0.9655121810170235,1.7275743995654906,99,6143.0,0.9655121810170235
7750.0,96,5688.0,40.92086330935252,1.7188213132287613,96,96,5688.0,0.05376158797520141,0.9874557395348028,1.7188213132287613,96,5688.0,0.9874557395348028
7755.0,98,5286.0,37.48936170212766,1.6617019456861077,98,98,5262.0,0.048896096978299164,0.8949396107073966,1.6617019456861077,98,5262.0,0.8949396107073966
7760.0,100,4893.0,34.702127659574465,1.7976653430683223,100,100,4893.0,0.056929549467385196,1.0342482044573988,1.7976653430683223,100,4893.0,1.0342482044573988
7765.0,103,4417.0,30.46206896551724,1.8150567714104897,103,103,4417.0,0.05702732332531302,1.0337848319800713,1.8150567714104897,103,4417.0,1.0337848319800713
7770.0,98,3870.0,26.875,1.9244975951972414,98,98,3842.0,0.06200006559557117,1.1067297363464608,1.9244975951972414,98,3842.0,1.1067297363464608
7775.0,94,3309.0,22.979166666666668,2.213911975643051,94,94,3309.0,0.07411834518505599,1.2992061767498966,2.213911975643051,94,3309.0,1.2992061767498966
7780.0,91,2750.0,19.366197183098592,2.0937959241702284,91,91,2750.0,0.06774557298342919,1.2244868217380913,2.0937959241702284,91,2750.0,1.2244868217380913
7785.0,88,2127.0,15.192857142857143,2.1220917105163153,88,88,2127.0,0.06917017112953078,1.2841574197261125,2.1220917105163153,88,2127.0,1.2841574197261125
7790.0,88,1650.0,11.619718309859154,2.008526345111838,88,88,1616.0,0.06395458555822492,1.178151666636415,2.008526345111838,88,1616.0,1.178151666636415
7795.0,90,1437.0,9.979166666666666,2.116255132606572,90,90,1437.0,0.06529765466025869,1.1920537195684198,2.116255132606572,90,1437.0,1.1920537195684198
7800.0,87,1452.0,10.083333333333334,2.2328654074637098,87,87,1452.0,0.0721199096070049,1.3203019352872596,2.2328654074637098,87,1452.0,1.3203019352872596
7805.0,89,1553.0,10.636986301369863,2.261949260766359,89,89,1553.0,0.08027686564385877,1.4336700009243304,2.261949260766359,89,1553.0,1.4336700009243304
7810.0,90,1668.0,11.424657534246576,2.4651470231419244,89,90,1667.0,0.08767233873334204,1.6150092653931103,2.4651470231419244,89,1667.0,1.6150092653931103
7815.0,89,1678.0,11.414965986394558,2.455083643176905,89,89,1678.0,0.08201274788205073,1.5504943227474044,2.455083643176905,89,1678.0,1.5504943227474044
7820.0,93,1787.0,12.496503496503497,2.2681433668888418,92,93,1786.0,0.0794789767134393,1.5122503570889203,2.2681433668888418,92,1786.0,1.5122503570889203
7825.0,93,1912.0,13.37062937062937,2.2010144146634785,93,93,1909.0,0.0767372171149375,1.4266431275615972,2.2010144146634785,93,1909.0,1.4266431275615972
7830.0,92,2043.0,14.48936170212766,2.17761804373421,92,92,2041.0,0.07997776627635476,1.4766247525904932,2.17761804373421,92,2041.0,1.4766247525904932
7835.0,91,2238.0,15.872340425531915,2.2560248278336226,91,91,2224.0,0.08379966743054418,1.5132932735283073,2.2560248278336226,91,2224.0,1.5132932735283073
7840.0,93,2437.0,17.041958041958043,2.21654331437346,93,93,2437.0,0.07632865280470774,1.4058924636897536,2.21654331437346,93,2437.0,1.4058924636897536
7845.0,90,2443.0,16.96527777777778,2.239285200709016,90,90,2443.0,0.06950931201833581,1.3232301886692388,2.239285200709016,90,2443.0,1.3232301886692388
7850.0,93,2698.0,18.606896551724137,2.2110703791913484,93,93,2577.0,0.06794092848000297,1.2407421874999998,2.2110703791913484,93,2577.0,1.2407421874999998
7855.0,100,3105.0,21.413793103448278,2.1770941096936203,100,100,3105.0,0.07041920343019739,1.2833836966010304,2.1770941096936203,100,3105.0,1.2833836966010304
7860.0,104,3408.0,23.34246575342466,2.0817740034310397,104,104,3408.0,0.05796719204711592,1.1224234816861642,2.0817740034310397,104,3408.0,1.1224234816861642
7865.0,106,3686.0,24.905405405405407,1.8096672977837245,106,106,3644.0,0.04955154608184576,0.9461021179285891,1.8096672977837245,106,3644.0,0.9461021179285891
7870.0,109,4148.0,28.027027027027028,1.8601121171687631,109,109,4148.0,0.055129304227701424,0.9904081065571528,1.8601121171687631,109,4148.0,0.9904081065571528
7875.0,111,4529.0,30.80952380952381,1.592277818380572,111,111,4529.0,0.04195299005461305,0.7531086279892371,1.592277818380572,111,4529.0,0.7531086279892371
7880.0,108,4848.0,33.205479452054796,1.7934503921957001,108,108,4820.0,0.05213568241415478,0.9539158263083184,1.7934503921957001,108,4820.0,0.9539158263083184
7885.0,106,5146.0,35.24657534246575,1.8643607250856942,106,106,5146.0,0.05657315675911328,1.0072148331709851,1.8643607250856942,106,5146.0,1.0072148331709851
7890.0,103,5500.0,37.67123287671233,2.184108844638906,103,103,5500.0,0.06492242539034526,1.1787508776786515,2.184108844638906,103,5500.0,1.1787508776786515
7895.0,103,5865.0,41.01398601398601,2.3322946351325085,103,103,5865.0,0.07665686310656875,1.346968929587268,2.3322946351325085,103,5865.0,1.346968929587268
7900.0,100,5878.0,41.10489510489511,2.1548285536711465,100,100,5878.0,0.058062775711863926,1.0939785974120708,2.1548285536711465,100,5878.0,1.0939785974120708
7905.0,97,5646.0,39.76056338028169,2.2539085964069447,97,97,5533.0,0.06346387999913715,1.1903739232343609,2.2539085964069447,97,5533.0,1.1903739232343609
7910.0,93,5393.0,37.71328671328671,2.4678486192443647,93,93,5393.0,0.07218286773953554,1.3523266129032177,2.4678486192443647,93,5393.0,1.3523266129032177
7915.0,91,5115.0,36.021126760563384,2.541184119772487,91,91,5115.0,0.07574974509307719,1.4005287130805983,2.541184119772487,91,5115.0,1.4005287130805983
7920.0,92,4846.0,34.12676056338028,2.5717652382345246,92,92,4838.0,0.0698691579265108,1.2761652892561937,2.5717652382345246,92,4838.0,1.2761652892561937
7925.0,93,4584.0,31.833333333333332,2.531471462438235,93,93,4584.0,0.06839782410594329,1.2791744155162277,2.531471462438235,93,4584.0,1.2791744155162277
7930.0,90,4192.0,29.942857142857143,2.4536302342581315,90,90,4192.0,0.07124416430330441,1.3357397127211021,2.4536302342581315,90,4192.0,1.3357397127211021
7935.0,91,3851.0,27.705035971223023,2.318916486753956,91,91,3798.0,0.07185111043816274,1.3833195604041537,2.318916486753956,91,3798.0,1.3833195604041537
7940.0,94,3717.0,26.934782608695652,2.4063623807264207,94,94,3717.0,0.07916091010438457,1.4761153812712697,2.4063623807264207,94,3717.0,1.4761153812712697
7945.0,101,3537.0,25.817518248175183,1.885104462786922,101,101,3537.0,0.053209850234856707,1.0120532148077952,1.885104462786922,101,3537.0,1.0120532148077952
7950.0,98,3309.0,24.511111111111113,2.014079682084048,98,98,3281.0,0.056742407612964646,1.0911742170495755,2.014079682084048,98,3281.0,1.0911742170495755
7955.0,94,3062.0,22.850746268656717,2.1749070572869367,94,94,3062.0,0.06732004445252987,1.2204415482511706,2.1749070572869367,94,3062.0,1.2204415482511706
7960.0,91,2776.0,21.03030303030303,1.865731719013388,91,91,2776.0,0.056452771071569395,1.0500808986644923,1.865731719013388,91,2776.0,1.0500808986644923
7965.0,89,2610.0,19.923664122137403,2.0415676174433974,89,89,2597.0,0.062028037078266755,1.1570763314087327,2.0415676174433974,89,2597.0,1.1570763314087327
7970.0,94,2920.0,21.954887218045112,2.0456770823451116,94,94,2920.0,0.06363280290552858,1.1139023796919345,2.0456770823451116,94,2920.0,1.1139023796919345
7975.0,99,3209.0,23.94776119402985,1.789597835511754,99,99,3209.0,0.04099052376484263,0.7835244323019247,1.789597835511754,99,3209.0,0.7835244323019247
7980.0,96,3469.0,25.696296296296296,2.0694077600864693,96,96,3456.0,0.05219559158309644,0.9662934705174386,2.0694077600864693,96,3456.0,0.9662934705174386
7985.0,94,3716.0,27.124087591240876,2.179392063246973,94,94,3716.0,0.060050290901913855,1.1441147540983567,2.179392063246973,94,3716.0,1.1441147540983567
7990.0,91,3910.0,28.75,2.255031872327152,91,91,3910.0,0.05905816507581173,1.1658501550029974,2.255031872327152,91,3910.0,1.1658501550029974
7995.0,90,4128.0,30.352941176470587,2.2723830551824333,90,90,4115.0,0.06538163770575708,1.2272097409843203,2.2723830551824333,90,4115.0,1.2272097409843203
8000.0,91,4355.0,32.25925925925926,2.3600270325390778,91,91,4355.0,0.0710378678092948,1.2966700127277107,2.3600270325390778,91,4355.0,1.2966700127277107
8005.0,90,4536.0,33.6,2.2608437926533878,90,90,4536.0,0.06443811014459146,1.2352239708577626,2.2608437926533878,90,4536.0,1.2352239708577626
8010.0,86,4719.0,35.4812030075188,2.299919924457873,86,86,4706.0,0.06834289535642678,1.3285739008228798,2.299919924457873,86,4706.0,1.3285739008228798
8015.0,86,4999.0,37.58646616541353,2.4696475681901,86,86,4999.0,0.078057135260631,1.4797609609604618,2.4696475681901,86,4999.0,1.4797609609604618
8020.0,88,5282.0,38.55474452554745,2.413413059806952,88,88,5282.0,0.06924836124816044,1.2820877182905637,2.413413059806952,88,5282.0,1.2820877182905637
8025.0,86,5190.0,38.44444444444444,2.406551372834451,86,86,5190.0,0.06976681539088682,1.3447721621325264,2.406551372834451,86,5190.0,1.3447721621325264
8030.0,82,4835.0,35.81481481481482,2.324711267353746,82,82,4713.0,0.07110645631302617,1.3311352546081328,2.324711267353746,82,4713.0,1.3311352546081328
8035.0,80,4474.0,33.14074074074074,2.5282807929385687,80,80,4474.0,0.08388992830401126,1.529190673957057,2.5282807929385687,80,4474.0,1.529190673957057
8040.0,77,4074.0,30.402985074626866,2.5337649597915743,77,77,4074.0,0.08248091361498912,1.5097575247772854,2.5337649597915743,77,4074.0,1.5097575247772854
8045.0,83,3781.0,27.598540145985403,2.4126095278512447,83,83,3753.0,0.06985067365487399,1.2920414734195131,2.4126095278512447,83,3753.0,1.2920414734195131
8050.0,87,3515.0,25.656934306569344,2.483979398155696,87,87,3515.0,0.07709865504094354,1.3772085789035728,2.483979398155696,87,3515.0,1.3772085789035728
8055.0,87,3165.0,23.1021897810219,2.2898623578730546,87,87,3165.0,0.06604208637777897,1.2338017838612918,2.2898623578730546,87,3165.0,1.2338017838612918
8060.0,85,2743.0,20.31851851851852,2.3305110795761688,85,85,2715.0,0.08029904153249062,1.4701893037523739,2.3305110795761688,85,2715.0,1.4701893037523739
8065.0,80,2305.0,16.948529411764707,2.691159975697393,80,80,2305.0,0.09593582710422802,1.7611594208541106,2.691159975697393,80,2305.0,1.7611594208541106
8070.0,79,1908.0,14.345864661654135,2.7520249092623934,79,79,1908.0,0.0939052660715765,1.7729530767642148,2.7520249092623934,79,1908.0,1.7729530767642148
8075.0,79,1667.0,12.533834586466165,2.8322714448134243,79,79,1667.0,0.09746257491617868,1.8349202123389483,2.8322714448134243,79,1667.0,1.8349202123389483
8080.0,82,1660.0,12.205882352941176,2.327739807549221,82,82,1660.0,0.06862083026299134,1.3207744725651658,2.327739807549221,82,1660.0,1.3207744725651658
8085.0,86,1909.0,14.14074074074074,2.4211556212237477,86,86,1892.0,0.07774897561741105,1.4521333814937212,2.4211556212237477,86,1892.0,1.4521333814937212
8090.0,92,2207.0,15.992753623188406,2.3672682771836278,92,92,2207.0,0.07254632323189845,1.2590752582395277,2.3672682771836278,92,2207.0,1.2590752582395277
8095.0,93,2486.0,18.414814814814815,2.331205569896435,93,93,2486.0,0.05769505512993751,1.1248884795725151,2.331205569896435,93,2486.0,1.1248884795725151
8100.0,89,2718.0,20.133333333333333,2.6425040837106613,89,89,2706.0,0.06960500867143282,1.3653130434782552,2.6425040837106613,89,2706.0,1.3653130434782552
8105.0,85,2931.0,21.551470588235293,2.755429351639123,85,85,2931.0,0.08834002712225746,1.6595303216274144,2.755429351639123,85,2931.0,1.6595303216274144
8110.0,80,3121.0,23.118518518518517,2.940160041437619,80,80,3121.0,0.09701850976817697,1.810598296242507,2.940160041437619,80,3121.0,1.810598296242507
8115.0,80,3325.0,24.448529411764707,2.7326896615326177,80,80,3325.0,0.08767813836084726,1.6432753534212063,2.7326896615326177,80,3325.0,1.6432753534212063
8120.0,84,3662.0,27.125925925925927,2.9020348468551016,84,84,3662.0,0.09345879532959399,1.769575729436843,2.9020348468551016,84,3662.0,1.769575729436843
8125.0,91,4027.0,29.82962962962963,2.6925636944041025,91,91,4027.0,0.08390852753204296,1.5849994617070935,2.6925636944041025,91,4027.0,1.5849994617070935
8130.0,92,4087.0,30.96212121212121,2.3206773746562526,92,92,4087.0,0.055572247195562904,1.1096952093668422,2.3206773746562526,92,4087.0,1.1096952093668422
8135.0,94,4486.0,33.984848484848484,2.255484643208109,94,94,4320.0,0.05808061284373723,1.1268306032663524,2.255484643208109,94,4320.0,1.1268306032663524
8140.0,96,4892.0,36.237037037037034,2.057442607154282,96,96,4892.0,0.05107415996228333,0.9368960721649887,2.057442607154282,96,4892.0,0.9368960721649887
8145.0,97,5301.0,40.15909090909091,2.1150741558448676,97,97,5301.0,0.05231706006301909,0.9814511001496574,2.1150741558448676,97,5301.0,0.9814511001496574
8150.0,101,5775.0,44.083969465648856,1.8788755859913464,101,101,5773.0,0.0558451370230714,0.9916621515129758,1.8788755859913464,101,5773.0,0.9916621515129758
8155.0,106,6295.0,48.798449612403104,1.6525035556786527,106,106,6295.0,0.043989714729654975,0.8033900630264438,1.6525035556786527,106,6295.0,0.8033900630264438
8160.0,111,6826.0,53.328125,1.437187755934925,111,111,6826.0,0.025676368050424715,0.46657105574347507,1.437187755934925,111,6826.0,0.46657105574347507
8165.0,111,7381.0,57.21705426356589,1.406148770788405,111,111,7370.0,0.03804522858317057,0.6781146296323635,1.406148770788405,111,7370.0,0.6781146296323635
8170.0,113,7939.0,63.007936507936506,1.0468987096894662,113,113,7939.0,0.03010035499392257,0.5354741838438346,1.0468987096894662,113,7939.0,0.5354741838438346
8175.0,113,8504.0,65.92248062015504,1.071020197929737,113,113,8504.0,0.026909683603438733,0.4837129766390374,1.071020197929737,113,8504.0,0.4837129766390374
8180.0,115,9071.0,70.31782945736434,1.1653798158467956,115,115,9071.0,0.033914735090173884,0.5840478562630447,1.1653798158467956,115,9071.0,0.5840478562630447
8185.0,118,9646.0,73.63358778625954,1.2007430700964,118,118,9646.0,0.04176089364566736,0.7184888761314681,1.2007430700964,118,9646.0,0.7184888761314681
8190.0,112,9762.0,75.0923076923077,1.2002318648100168,112,112,9762.0,0.03073372606041393,0.5854649201162665,1.2002318648100168,112,9762.0,0.5854649201162665
8195.0,109,9561.0,74.6953125,1.2374190483958045,109,109,9412.0,0.04203295299954309,0.7632123133410843,1.2374190483958045,109,9412.0,0.7632123133410843
8200.0,107,9340.0,72.40310077519379,1.205818983253258,107,107,9340.0,0.04517541136869685,0.8028048389214645,1.205818983253258,107,9340.0,0.8028048389214645
8205.0,105,9108.0,70.6046511627907,1.2819750271003534,105,105,9108.0,0.03891633935561782,0.7365552587623053,1.2819750271003534,105,9108.0,0.7365552587623053
8210.0,105,8878.0,67.77099236641222,1.4013744098506926,105,105,8877.0,0.03536799722528444,0.6661870886012369,1.4013744098506926,105,8877.0,0.6661870886012369
8215.0,106,8649.0,66.53076923076924,1.2812424316726072,106,106,8649.0,0.03957866739209352,0.712468080336774,1.2812424316726072,106,8649.0,0.712468080336774
8220.0,105,8402.0,64.63076923076923,1.382234570426401,105,105,8402.0,0.040781120093338,0.7587899232301104,1.382234570426401,105,8402.0,0.7587899232301104
8225.0,106,8174.0,61.45864661654135,1.3463355736919997,106,106,8157.0,0.03711945235877484,0.6794561213374909,1.3463355736919997,106,8157.0,0.6794561213374909
8230.0,107,7954.0,59.80451127819549,1.5086141414163177,107,107,7954.0,0.043861425965845934,0.8224805115813931,1.5086141414163177,107,7954.0,0.8224805115813931
8235.0,106,7722.0,58.06015037593985,1.4224413791475081,106,106,7722.0,0.03881176393194102,0.731215615987887,1.4224413791475081,106,7722.0,0.731215615987887
8240.0,107,7501.0,56.3984962406015,1.4705997246768618,107,107,7494.0,0.046341731057374436,0.8453648736522404,1.4705997246768618,107,7494.0,0.8453648736522404
8245.0,109,7290.0,54.40298507462686,1.5008184520660386,109,109,7290.0,0.05287848038281973,0.9497528136581339,1.5008184520660386,109,7290.0,0.9497528136581339
8250.0,107,7270.0,54.661654135338345,1.4986538830336475,107,107,7270.0,0.04770970767747301,0.8833775491705632,1.4986538830336475,107,7270.0,0.8833775491705632
8255.0,106,7115.0,54.73076923076923,1.3553456238796453,106,106,7115.0,0.042930768645719986,0.8171180222703224,1.3553456238796453,106,7115.0,0.8171180222703224
8260.0,108,6948.0,52.2406015037594,1.2590993162070188,108,108,6810.0,0.038646007641066994,0.7084294133452719,1.2590993162070188,108,6810.0,0.7084294133452719
8265.0,109,6790.0,50.67164179104478,1.3848290891652726,109,109,6790.0,0.046516359282905005,0.8458850332700238,1.3848290891652726,109,6790.0,0.8458850332700238
8270.0,105,6620.0,49.03703703703704,1.5506477223292987,105,105,6620.0,0.051450489474666905,0.9163113562030257,1.5506477223292987,105,6620.0,0.9163113562030257
8275.0,105,6443.0,47.72592592592593,1.715302172812133,105,105,6443.0,0.06101928869455039,1.080435642090024,1.715302172812133,105,6443.0,1.080435642090024
8280.0,100,6224.0,46.1037037037037,1.7148173591093547,100,100,6224.0,0.05842216449309084,1.0726224739948442,1.7148173591093547,100,6224.0,1.0726224739948442
8285.0,101,6025.0,43.65942028985507,1.8367688603014114,101,101,6008.0,0.05691885699568796,1.0530017630106119,1.8367688603014114,101,6008.0,1.0530017630106119
8290.0,101,5830.0,42.2463768115942,2.1234371424499017,101,101,5830.0,0.0676821784828343,1.2535487562488383,2.1234371424499017,101,5830.0,1.2535487562488383
8295.0,101,5604.0,40.608695652173914,2.074822571714596,101,101,5604.0,0.05403078625114907,1.0696038454191081,2.074822571714596,101,5604.0,1.0696038454191081
8300.0,102,5413.0,39.51094890510949,2.2255075315730104,102,102,5385.0,0.062177143125605724,1.1929930711806676,2.2255075315730104,102,5385.0,1.1929930711806676
8305.0,104,5368.0,38.89855072463768,2.1204147198884784,104,104,5368.0,0.05731789984558854,1.0915762277804655,2.1204147198884784,104,5368.0,1.0915762277804655
8310.0,102,5500.0,40.44117647058823,1.9908751740174158,102,102,5500.0,0.05774789254687538,1.1449080880587863,1.9908751740174158,102,5500.0,1.1449080880587863
8315.0,98,5796.0,42.61764705882353,2.0604478114417897,98,98,5769.0,0.06613059868512072,1.2210302591145816,2.0604478114417897,98,5769.0,1.2210302591145816
8320.0,100,6146.0,45.525925925925925,1.8031268514990784,100,100,6146.0,0.06384149356024418,1.13342146210873,1.8031268514990784,100,6146.0,1.13342146210873
8325.0,100,6452.0,47.79259259259259,1.686843846834683,100,100,6452.0,0.04980513613849466,0.8923025337932063,1.686843846834683,100,6452.0,0.8923025337932063
8330.0,105,6821.0,50.154411764705884,1.6037521978229186,105,105,6797.0,0.04438896029636202,0.7942836348587782,1.6037521978229186,105,6797.0,0.7942836348587782
8335.0,105,7197.0,53.31111111111111,1.6364848463614527,105,105,7197.0,0.04904044895539956,0.8217287240391724,1.6364848463614527,105,7197.0,0.8217287240391724
8340.0,104,7554.0,57.22727272727273,1.5833942052797354,104,104,7554.0,0.0454463724037355,0.7970019316442066,1.5833942052797354,104,7554.0,0.7970019316442066
8345.0,104,7929.0,60.06818181818182,1.5179021205385792,104,104,7911.0,0.04625459764154535,0.8519455847951724,1.5179021205385792,104,7911.0,0.8519455847951724
8350.0,106,8309.0,62.946969696969695,1.4630289580037332,106,106,8309.0,0.04354231109209948,0.7962671988537238,1.4630289580037332,106,8309.0,0.7962671988537238
8355.0,105,8687.0,64.82835820895522,1.5151388546473246,105,105,8687.0,0.043357238999626735,0.7996123499004156,1.5151388546473246,105,8687.0,0.7996123499004156
8360.0,106,9090.0,68.34586466165413,1.5136077467370321,106,106,9088.0,0.046961924181985325,0.839045952201264,1.5136077467370321,106,9088.0,0.839045952201264
8365.0,112,9629.0,71.32592592592593,1.5891009923285841,112,112,9629.0,0.046720049724231626,0.8514252761299337,1.5891009923285841,112,9629.0,0.8514252761299337
8370.0,115,10194.0,76.07462686567165,1.3962680577191922,115,115,10194.0,0.030803500576123202,0.5767342660574173,1.3962680577191922,115,10194.0,0.5767342660574173
8375.0,114,10621.0,80.46212121212122,1.3590057486302805,114,114,10621.0,0.031904112970214386,0.6179241073257379,1.3590057486302805,114,10621.0,0.6179241073257379
8380.0,110,10927.0,81.54477611940298,1.3390904695637669,110,110,10879.0,0.031453539689051416,0.5887657190054958,1.3390904695637669,110,10879.0,0.5887657190054958
8385.0,107,11219.0,85.6412213740458,1.4430577756331726,107,107,11219.0,0.04502742220645498,0.8171264434967456,1.4430577756331726,107,11219.0,0.8171264434967456
8390.0,104,11484.0,88.33846153846154,1.2573662671638521,104,104,11484.0,0.04239747528613807,0.7809600491280209,1.2573662671638521,104,11484.0,0.7809600491280209
8395.0,105,11755.0,91.12403100775194,1.3462809321765095,105,105,11749.0,0.04049375610690041,0.742668136358772,1.3462809321765095,105,11749.0,0.742668136358772
8400.0,105,12030.0,93.25581395348837,1.5138187667910514,105,105,12030.0,0.04743752616641941,0.8681226818133169,1.5138187667910514,105,12030.0,0.8681226818133169
8405.0,104,12280.0,93.03030303030303,1.518879670774515,104,104,12280.0,0.035712836260339255,0.6862984442853577,1.518879670774515,104,12280.0,0.6862984442853577
8410.0,105,12554.0,95.10606060606061,1.632872786121671,105,105,12534.0,0.0460458933661383,0.8373892200068658,1.632872786121671,105,12534.0,0.8373892200068658
8415.0,105,12829.0,96.45864661654136,1.5490322861310333,105,105,12829.0,0.042772916344285844,0.783566180540829,1.5490322861310333,105,12829.0,0.783566180540829
8420.0,106,13107.0,99.29545454545455,1.595110048116852,106,106,13107.0,0.04192807423747291,0.7839182162988396,1.595110048116852,106,13107.0,0.7839182162988396
8425.0,108,13452.0,101.9090909090909,1.5527026680568456,108,108,13452.0,0.05051979096882246,0.9270079789350328,1.5527026680568456,108,13452.0,0.9270079789350328
8430.0,110,13984.0,106.74809160305344,1.3854724849315283,110,110,13984.0,0.047688699227397734,0.8378036599644468,1.3854724849315283,110,13984.0,0.8378036599644468
8435.0,112,14408.0,111.68992248062015,1.1878436191350754,112,112,14408.0,0.03465709622299682,0.6459546633830047,1.1878436191350754,112,14408.0,0.6459546633830047
8440.0,110,14738.0,113.36923076923077,1.1264151172555372,110,110,14695.0,0.03508041945003456,0.617899402162866,1.1264151172555372,110,14695.0,0.617899402162866
8445.0,107,15055.0,116.70542635658914,1.3062741592524296,107,107,15055.0,0.047310600244930584,0.8136534361608295,1.3062741592524296,107,15055.0,0.8136534361608295
8450.0,104,15346.0,118.04615384615384,1.2745114742788408,104,104,15346.0,0.044119596953002764,0.7749369574156054,1.2745114742788408,104,15346.0,0.7749369574156054
8455.0,105,15642.0,120.32307692307693,1.371922760370507,105,105,15637.0,0.04161386022996765,0.7308582206375615,1.371922760370507,105,15637.0,0.7308582206375615
8460.0,105,15942.0,123.5813953488372,1.4436894557985616,105,105,15942.0,0.04810049938963747,0.8563127660921064,1.4436894557985616,105,15942.0,0.8563127660921064
8465.0,105,16217.0,123.79389312977099,1.337027445267891,105,105,16217.0,0.03479220453193868,0.6735331689241643,1.337027445267891,105,16217.0,0.6735331689241643
8470.0,106,16521.0,126.1145038167939,1.4564167081692097,106,106,16500.0,0.043041744022819635,0.8070643178127636,1.4564167081692097,106,16500.0,0.8070643178127636
8475.0,107,16826.0,127.46969696969697,1.3545788606855897,107,107,16826.0,0.04133455517199793,0.7876465433372364,1.3545788606855897,107,16826.0,0.7876465433372364
8480.0,106,17118.0,130.67175572519085,1.3751892151412939,106,106,17118.0,0.041150550710158745,0.8016130761949283,1.3751892151412939,106,17118.0,0.8016130761949283
8485.0,108,17472.0,131.3684210526316,1.4408655050507637,108,108,17461.0,0.048437326377383,0.885016909236867,1.4408655050507637,108,17461.0,0.885016909236867
8490.0,110,18004.0,135.3684210526316,1.4761562782187074,110,110,18004.0,0.04824897026984001,0.8827247817194188,1.4761562782187074,110,18004.0,0.8827247817194188
8495.0,112,18428.0,140.67175572519085,1.2398568855385623,112,112,18428.0,0.034658805032156,0.6655539753649917,1.2398568855385623,112,18428.0,0.6655539753649917
8500.0,110,18759.0,143.19847328244273,1.1374213155816322,110,110,18716.0,0.03193212045930318,0.6104335953140912,1.1374213155816322,110,18716.0,0.6104335953140912
8505.0,107,19076.0,146.73846153846154,1.3710565774749328,107,107,19076.0,0.044664900584996364,0.8224559759440305,1.3710565774749328,107,19076.0,0.8224559759440305
8510.0,102,18456.0,139.8181818181818,1.412585019871783,102,102,18456.0,0.042109700266118266,0.787515391260581,1.412585019871783,102,18456.0,0.787515391260581
8515.0,100,17208.0,132.36923076923077,1.4399024307907917,100,100,16905.0,0.040029621649229456,0.7734608242228662,1.4399024307907917,100,16905.0,0.7734608242228662
8520.0,95,15938.0,123.55038759689923,1.5459964769016097,95,95,15938.0,0.050149873901004415,0.9007530647440397,1.5459964769016097,95,15938.0,0.9007530647440397
8525.0,92,14613.0,110.70454545454545,1.6064342336295938,92,92,14613.0,0.04999641362954427,0.9023835321672113,1.6064342336295938,92,14613.0,0.9023835321672113
8530.0,93,13322.0,100.92424242424242,1.7379060298417932,93,93,13302.0,0.05271263797434465,0.968269900592177,1.7379060298417932,93,13302.0,0.968269900592177
8535.0,93,12032.0,89.7910447761194,1.8983795709174014,93,93,12032.0,0.05863990630215612,1.0749983078358158,1.8983795709174014,93,12032.0,1.0749983078358158
8540.0,94,10745.0,80.78947368421052,1.907902874486928,94,94,10745.0,0.054653782507913556,1.0148894440579372,1.907902874486928,94,10745.0,1.0148894440579372
8545.0,93,9398.0,71.1969696969697,1.7934866924906838,93,93,9398.0,0.05811491236429419,1.1178352942462964,1.7934866924906838,93,9398.0,1.1178352942462964
8550.0,91,8137.0,61.64393939393939,1.9331505097700048,91,91,8104.0,0.06118231551932086,1.1352179429627396,1.9331505097700048,91,8104.0,1.1352179429627396
8555.0,91,6887.0,52.97692307692308,2.0074973484990215,91,91,6887.0,0.06866337351877115,1.2531685313942988,2.0074973484990215,91,6887.0,1.2531685313942988
8560.0,90,5526.0,42.50769230769231,1.7322016525003523,90,90,5526.0,0.05695927743749411,1.02499363477056,1.7322016525003523,90,5526.0,1.02499363477056
8565.0,87,4079.0,31.62015503875969,1.7158080229982962,87,87,4045.0,0.053646739260232966,0.9938281816256678,1.7158080229982962,87,4045.0,0.9938281816256678
8570.0,82,2611.0,19.931297709923665,1.875464373570679,82,82,2611.0,0.05852138745448363,1.059479466375736,1.875464373570679,82,2611.0,1.059479466375736
8575.0,79,1408.0,10.748091603053435,2.0410795434896984,79,79,1408.0,0.0656571943303068,1.1948387451506184,2.0410795434896984,79,1408.0,1.1948387451506184
8580.0,83,1452.0,11.169230769230769,2.021822941585067,83,83,1430.0,0.06548909396190625,1.1957923374131791,2.021822941585067,83,1430.0,1.1957923374131791
8585.0,88,1522.0,11.35820895522388,1.9804677728947475,88,88,1500.0,0.0629551471995297,1.1157347437615586,1.9804677728947475,88,1500.0,1.1157347437615586
8590.0,90,1491.0,11.210526315789474,1.9164118602367972,90,90,1491.0,0.057014149033349476,1.072467212857996,1.9164118602367972,90,1491.0,1.072467212857996
8595.0,90,1630.0,12.164179104477611,1.9977230430753066,90,90,1543.0,0.061574974593163204,1.147802661675771,1.9977230430753066,90,1543.0,1.147802661675771
8600.0,96,1915.0,14.398496240601503,1.9649428526439887,96,96,1915.0,0.05727190698488135,1.0843644364665204,1.9649428526439887,96,1915.0,1.0843644364665204
8605.0,101,2215.0,16.529850746268657,1.7808546864168584,101,101,2215.0,0.0397877002330267,0.7571749967950845,1.7808546864168584,101,2215.0,0.7571749967950845
8610.0,101,2535.0,19.204545454545453,1.747450606770162,101,101,2530.0,0.048794403933388394,0.8874777494044696,1.747450606770162,101,2530.0,0.8874777494044696
8615.0,102,2859.0,21.99230769230769,1.6332031607605515,102,102,2859.0,0.049046305868787735,0.9006027494044666,1.6332031607605515,102,2859.0,0.9006027494044666
8620.0,103,3186.0,24.3206106870229,1.4936444547005248,103,103,3186.0,0.03934802216704988,0.7123330847480257,1.4936444547005248,103,3186.0,0.7123330847480257
8625.0,102,3357.0,26.023255813953487,1.409565786575383,102,102,3357.0,0.038741253154585334,0.7136828756371871,1.409565786575383,102,3357.0,0.7136828756371871
8630.0,101,3536.0,26.99236641221374,1.4633292134894322,101,101,3473.0,0.04259825204677336,0.7627910408760904,1.4633292134894322,101,3473.0,0.7627910408760904
8635.0,103,3721.0,28.404580152671755,1.5404337062522364,103,103,3721.0,0.04924645484151469,0.8407691385463453,1.5404337062522364,103,3721.0,0.8407691385463453
8640.0,102,3907.0,29.598484848484848,1.776775533241306,102,102,3907.0,0.058663451576946406,1.0180002913464636,1.776775533241306,102,3907.0,1.0180002913464636
8645.0,99,4080.0,30.44776119402985,1.9231278446861593,99,99,4080.0,0.06514176727964865,1.139851657999578,1.9231278446861593,99,4080.0,1.139851657999578
8650.0,95,4217.0,31.946969696969695,1.9042927268868095,95,95,4217.0,0.06842772702865377,1.2479314452011439,1.9042927268868095,95,4217.0,1.2479314452011439
8655.0,95,4367.0,32.83458646616541,1.9504729758038735,95,95,4353.0,0.0683309948805641,1.2113717697145703,1.9504729758038735,95,4353.0,1.2113717697145703
8660.0,96,4520.0,33.984962406015036,2.119593284234551,96,96,4520.0,0.0776483191106902,1.3518453849663916,2.119593284234551,96,4520.0,1.3518453849663916
8665.0,97,4628.0,34.796992481203006,2.2073825973025287,97,97,4628.0,0.07007980112517755,1.3022957329064404,2.2073825973025287,97,4628.0,1.3022957329064404
8670.0,97,4781.0,35.94736842105263,2.2484539879671197,97,97,4739.0,0.063510883121619,1.1832457011755428,2.2484539879671197,97,4739.0,1.1832457011755428
8675.0,97,5025.0,37.78195488721804,2.307585403202957,97,97,5025.0,0.06792034329921212,1.2461007979393968,2.307585403202957,97,5025.0,1.2461007979393968
8680.0,99,5479.0,40.88805970149254,2.1486617336769602,99,99,5479.0,0.059417180923190996,1.0919753541673052,2.1486617336769602,99,5479.0,1.0919753541673052
8685.0,105,5991.0,45.38636363636363,1.8976096285785835,105,105,5985.0,0.05261909509884006,0.9617205442901299,1.8976096285785835,105,5985.0,0.9617205442901299
8690.0,110,6531.0,49.47727272727273,1.575064721287456,110,110,6531.0,0.041962400838547714,0.6997821165885331,1.575064721287456,110,6531.0,0.6997821165885331
8695.0,112,7081.0,54.46923076923077,1.3476213682265084,112,112,7081.0,0.02936302251985876,0.5285194103452876,1.3476213682265084,112,7081.0,0.5285194103452876
8700.0,113,7644.0,58.8,1.3420498171676387,113,113,7637.0,0.026172842473154295,0.4565358067306201,1.3420498171676387,113,7637.0,0.4565358067306201
8705.0,114,8211.0,63.16153846153846,1.1909127675115576,114,114,8211.0,0.029612265113727863,0.4961162918078095,1.1909127675115576,114,8211.0,0.4961162918078095
8710.0,114,8775.0,69.64285714285714,0.9274021075189954,114,114,8775.0,0.024556482123810987,0.456597237888612,0.9274021075189954,114,8775.0,0.456597237888612
8715.0,114,9345.0,73.58267716535433,0.9791253791628753,114,114,9343.0,0.0357663185582941,0.609030510732987,0.9791253791628753,114,9343.0,0.609030510732987
8720.0,114,9915.0,78.69047619047619,0.9137611251924822,114,114,9915.0,0.03513216452312421,0.6299795342096153,0.9137611251924822,114,9915.0,0.6299795342096153
8725.0,114,10262.0,80.171875,1.066936694410025,114,114,10262.0,0.03285480648470425,0.6397002055051916,1.066936694410025,114,10262.0,0.6397002055051916
8730.0,107,10437.0,81.5390625,1.274761347568795,107,107,10365.0,0.0444988535603603,0.8257191672337706,1.274761347568795,107,10365.0,0.8257191672337706
8735.0,104,10594.0,82.765625,1.5124806705254552,104,104,10594.0,0.05713364224852302,0.9986297321196258,1.5124806705254552,104,10594.0,0.9986297321196258
8740.0,102,10727.0,82.51538461538462,1.4426671343855342,102,102,10727.0,0.047538342814109714,0.8401219655344679,1.4426671343855342,102,10727.0,0.8401219655344679
8745.0,103,10869.0,85.58267716535433,1.373016873520529,103,103,10865.0,0.04441629605872242,0.824173552089338,1.373016873520529,103,10865.0,0.824173552089338
8750.0,103,11014.0,85.37984496124031,1.3758213564053048,103,103,11014.0,0.04493676889423565,0.8031773945273415,1.3758213564053048,103,11014.0,0.8031773945273415
8755.0,100,11108.0,86.10852713178295,1.4218683249661805,100,100,11108.0,0.037893505554393074,0.7257359997980198,1.4218683249661805,100,11108.0,0.7257359997980198
8760.0,96,11153.0,86.45736434108527,1.7454933578909804,96,96,11140.0,0.05088017962450843,0.9550093844116742,1.7454933578909804,96,11140.0,0.9550093844116742
8765.0,91,11173.0,85.29007633587786,1.9759850181280936,91,91,11173.0,0.06288697250283652,1.1736427789059674,1.9759850181280936,91,11173.0,1.1736427789059674
8770.0,89,10640.0,82.48062015503876,1.922832241487371,88,89,10639.0,0.05978167635198092,1.1624294197673704,1.922832241487371,88,10639.0,1.1624294197673704
8775.0,87,9935.0,75.83969465648855,2.0096311386478813,87,87,9743.0,0.059140530056318016,1.1399664360266974,2.0096311386478813,87,9743.0,1.1399664360266974
8780.0,87,9315.0,71.65384615384616,2.136235039119353,87,87,9315.0,0.06843698102294557,1.2708589554229355,2.136235039119353,87,9315.0,1.2708589554229355
8785.0,91,8673.0,66.20610687022901,1.9578828968167346,91,91,8673.0,0.059313789464998046,1.0962130255825786,1.9578828968167346,91,8673.0,1.0962130255825786
8790.0,89,8063.0,61.54961832061068,2.0558518388079055,89,89,8048.0,0.0586832272518552,1.1089852788501235,2.0558518388079055,89,8048.0,1.1089852788501235
8795.0,90,7456.0,57.353846153846156,2.143880769654088,90,90,7456.0,0.06321902333897055,1.173044186896099,2.143880769654088,90,7456.0,1.173044186896099
8800.0,88,6756.0,53.196850393700785,1.8063007482807674,88,88,6756.0,0.049680692410662586,0.9801523978540835,1.8063007482807674,88,6756.0,0.9801523978540835
8805.0,88,6058.0,47.7007874015748,1.896067259011638,88,88,6030.0,0.05426039722844201,1.0377840101969917,1.896067259011638,88,6030.0,1.0377840101969917
8810.0,88,5368.0,42.267716535433074,1.8911395798010737,88,88,5368.0,0.056907929625167636,1.0287232839538318,1.8911395798010737,88,5368.0,1.0287232839538318
8815.0,87,4591.0,36.1496062992126,1.9260034344855037,87,87,4591.0,0.053524794423821374,1.0303255124132715,1.9260034344855037,87,4591.0,1.0303255124132715
8820.0,87,3896.0,31.419354838709676,1.8317401580306134,87,87,3825.0,0.056565042914285366,1.0503489107125865,1.8317401580306134,87,3825.0,1.0503489107125865
8825.0,89,3209.0,25.26771653543307,1.8931326113029732,89,89,3209.0,0.05953040981995124,1.0782345086814573,1.8931326113029732,89,3209.0,1.0782345086814573
8830.0,87,2466.0,19.728,1.8265124811954598,87,87,2466.0,0.05280258218576355,1.0220814425402573,1.8265124811954598,87,2466.0,1.0220814425402573
8835.0,88,1973.0,15.658730158730158,1.8768681657069324,88,88,1948.0,0.06128110701348964,1.1285342395875062,1.8768681657069324,88,1948.0,1.1285342395875062
8840.0,92,2266.0,17.84251968503937,1.9630406001317997,92,92,2266.0,0.06687935821173481,1.1992859814307044,1.9630406001317997,92,2266.0,1.1992859814307044
8845.0,99,2641.0,20.315384615384616,1.9155820520945663,99,99,2641.0,0.05283499143713381,1.03455367853167,1.9155820520945663,99,2641.0,1.03455367853167
8850.0,104,3146.0,24.2,1.7961652612516168,104,104,3146.0,0.04404191130310838,0.8751621620756797,1.7961652612516168,104,3146.0,0.8751621620756797
8855.0,111,3691.0,28.8359375,1.4763037000740238,111,111,3691.0,0.031960079298394686,0.6364167130113931,1.4763037000740238,111,3691.0,0.6364167130113931
8860.0,111,4241.0,32.87596899224806,1.2888677565475437,111,111,4241.0,0.02785742724945922,0.5105175114925085,1.2888677565475437,111,4241.0,0.5105175114925085
8865.0,111,4796.0,38.06349206349206,1.1986734171062148,111,111,4791.0,0.03322733055187232,0.5789548867011617,1.1986734171062148,111,4791.0,0.5789548867011617
8870.0,112,5355.0,42.16535433070866,1.0761976020192903,112,112,5355.0,0.03254371953453183,0.5259932166161196,1.0761976020192903,112,5355.0,0.5259932166161196
8875.0,109,5636.0,45.088,1.0819631729257608,109,109,5636.0,0.030883191023874632,0.55308136177152,1.0819631729257608,109,5636.0,0.55308136177152
8880.0,105,5714.0,45.712,1.3043044984627243,105,105,5625.0,0.03744210480595649,0.6540172908774337,1.3043044984627243,105,5625.0,0.6540172908774337
8885.0,100,5769.0,45.0703125,1.6182349019211246,100,100,5769.0,0.05200760389009075,0.9006072793120402,1.6182349019211246,100,5769.0,0.9006072793120402
8890.0,99,5806.0,45.71653543307087,1.6344097443980075,99,99,5806.0,0.047095632188040804,0.8467967152115318,1.6344097443980075,99,5806.0,0.8467967152115318
8895.0,100,5846.0,46.3968253968254,1.5992882890573754,100,100,5846.0,0.046852391499995934,0.8164825749612661,1.5992882890573754,100,5846.0,0.8164825749612661
8900.0,99,5886.0,47.088,1.6095404136823537,99,99,5886.0,0.05330537761780778,0.9510078723962956,1.6095404136823537,99,5886.0,0.9510078723962956
8905.0,102,5931.0,46.7007874015748,1.5288320742299724,102,102,5931.0,0.04295969668266205,0.7889238085637207,1.5288320742299724,102,5931.0,0.7889238085637207
8910.0,101,5980.0,47.08661417322835,1.6102861254949647,101,101,5980.0,0.04592011124415287,0.8583253912029701,1.6102861254949647,101,5980.0,0.8583253912029701
8915.0,102,6031.0,47.488188976377955,1.6097100866301233,102,102,6031.0,0.04678814158216197,0.8583253912029714,1.6097100866301233,102,6031.0,0.8583253912029714
8920.0,102,6072.0,47.811023622047244,1.4565664074864026,102,102,6072.0,0.04355300073283132,0.8387999721101056,1.4565664074864026,102,6072.0,0.8387999721101056
8925.0,103,6127.0,48.62698412698413,1.333037175524639,103,103,6118.0,0.04137126822893091,0.7945782630969451,1.333037175524639,103,6118.0,0.7945782630969451
8930.0,103,6187.0,48.71653543307087,1.265132696747078,103,103,6187.0,0.044435720218753263,0.8183165094267806,1.265132696747078,103,6187.0,0.8183165094267806
8935.0,100,5881.0,46.67460317460318,1.3821160014643863,100,100,5881.0,0.04483666212962895,0.8835205917132497,1.3821160014643863,100,5881.0,0.8835205917132497
8940.0,97,5412.0,43.645161290322584,1.3711942483564172,97,97,5294.0,0.04698488384972828,0.8883888397844539,1.3711942483564172,97,5294.0,0.8883888397844539
8945.0,98,5300.0,41.732283464566926,1.477469715258586,98,98,5300.0,0.05541409810240323,1.0173654754629486,1.477469715258586,98,5300.0,1.0173654754629486
8950.0,101,5191.0,40.5546875,1.4374874805366842,101,101,5191.0,0.05294970780523523,0.9654332743307312,1.4374874805366842,101,5191.0,0.9654332743307312
8955.0,102,5096.0,38.900763358778626,1.563805425312329,102,102,5093.0,0.0521879688392824,0.9545863132058366,1.563805425312329,102,5093.0,0.9545863132058366
8960.0,105,5013.0,38.267175572519086,1.4865118868538103,105,105,5013.0,0.04842011279244396,0.9082214333080435,1.4865118868538103,105,5013.0,0.9082214333080435
8965.0,107,4900.0,36.8421052631579,1.4916894605744235,107,107,4900.0,0.04179421243500927,0.7980613217769029,1.4916894605744235,107,4900.0,0.7980613217769029
8970.0,107,4830.0,36.31578947368421,1.5452840201947111,107,107,4792.0,0.04463367080009326,0.8155947384462766,1.5452840201947111,107,4792.0,0.8155947384462766
8975.0,107,4765.0,36.09848484848485,1.541976395561762,107,107,4765.0,0.04743977930407493,0.8887330487667486,1.541976395561762,107,4765.0,0.8887330487667486
8980.0,106,4788.0,35.73134328358209,1.3764866201313621,106,106,4788.0,0.03290907714657008,0.6415786533734396,1.3764866201313621,106,4788.0,0.6415786533734396
8985.0,108,5097.0,38.03731343283582,1.4865818494011214,108,108,5088.0,0.04114862179682929,0.7747340045289011,1.4865818494011214,108,5088.0,0.7747340045289011
8990.0,111,5621.0,42.583333333333336,1.2973212844990927,111,111,5621.0,0.04469197785775554,0.7879764776823772,1.2973212844990927,111,5621.0,0.7879764776823772
8995.0,113,6050.0,46.18320610687023,1.0600073135962567,113,113,6050.0,0.029163483469122415,0.5486877150723461,1.0600073135962567,113,6050.0,0.5486877150723461
9000.0,111,6387.0,49.13076923076923,1.135994518983457,111,111,6344.0,0.030176709686327265,0.5738460787128347,1.135994518983457,111,6344.0,0.5738460787128347
9005.0,107,6705.0,50.41353383458647,1.4193384750577618,107,107,6705.0,0.04414739776296002,0.8097254138538396,1.4193384750577618,107,6705.0,0.8097254138538396
9010.0,105,6980.0,53.69230769230769,1.3717261344228446,105,105,6980.0,0.0467734474059512,0.8669664263861373,1.3717261344228446,105,6980.0,0.8669664263861373
9015.0,106,7281.0,55.15909090909091,1.4329523277358918,106,106,7256.0,0.04280191884031393,0.7857337132147633,1.4329523277358918,106,7256.0,0.7857337132147633
9020.0,107,7588.0,57.484848484848484,1.4958253948803149,107,107,7588.0,0.04446897623041718,0.8180914367919986,1.4958253948803149,107,7588.0,0.8180914367919986
9025.0,107,7864.0,58.6865671641791,1.636311524771693,107,107,7864.0,0.0467257739085117,0.8865098821868334,1.636311524771693,107,7864.0,0.8865098821868334
9030.0,106,8165.0,61.390977443609025,1.5720527022756723,106,106,8147.0,0.045037985146352495,0.8495572261278889,1.5720527022756723,106,8147.0,0.8495572261278889
9035.0,106,8470.0,64.16666666666667,1.57031004270795,106,106,8470.0,0.05303220821692787,0.9726659421980777,1.57031004270795,106,8470.0,0.9726659421980777
9040.0,106,8775.0,66.47727272727273,1.3221357673060545,106,106,8775.0,0.0401805945631212,0.7671635425888387,1.3221357673060545,106,8775.0,0.7671635425888387
9045.0,108,9116.0,69.06060606060606,1.3880012357856513,108,108,9116.0,0.03954935149248161,0.7651748944292529,1.3880012357856513,108,9116.0,0.7651748944292529
9050.0,112,9641.0,71.94776119402985,1.2994257317600884,112,112,9641.0,0.02896143750390119,0.5790725806451623,1.2994257317600884,112,9641.0,0.5790725806451623
9055.0,115,10196.0,77.83206106870229,1.0720446533015298,115,115,10196.0,0.02454583013564709,0.49162024603401494,1.0720446533015298,115,10196.0,0.49162024603401494
9060.0,118,10783.0,83.5891472868217,0.9021464292450252,118,118,10774.0,0.028236526670401454,0.4892713845595196,0.9021464292450252,118,10774.0,0.4892713845595196
9065.0,118,11373.0,86.1590909090909,0.9482015119988652,118,118,11373.0,0.029350812838389948,0.507128706965468,0.9482015119988652,118,11373.0,0.507128706965468
9070.0,119,11967.0,91.35114503816794,0.978499001490776,119,119,11967.0,0.02330703495030244,0.45817916998103786,0.978499001490776,119,11967.0,0.45817916998103786
9075.0,119,12562.0,94.45112781954887,0.998765673555932,119,119,12562.0,0.02352875012780554,0.4764760946876298,0.998765673555932,119,12562.0,0.4764760946876298
9080.0,121,13164.0,99.72727272727273,0.9247861013787217,121,121,13164.0,0.023347187100214918,0.48678837217599397,0.9247861013787217,121,13164.0,0.48678837217599397
9085.0,120,13178.0,99.0827067669173,0.8966014765542493,120,120,13178.0,0.0253235857455559,0.5329527282528003,0.8966014765542493,120,13178.0,0.5329527282528003
9090.0,115,12783.0,96.11278195488721,1.0784744385779006,115,115,12590.0,0.03676145124948561,0.7045352599013469,1.0784744385779006,115,12590.0,0.7045352599013469
9095.0,110,12368.0,94.41221374045801,1.1825651278856175,110,110,12368.0,0.0493436932838806,0.8909045356032758,1.1825651278856175,110,12368.0,0.8909045356032758
9100.0,109,11937.0,89.75187969924812,1.1378895131651594,109,109,11937.0,0.04029645406998105,0.7294279366512902,1.1378895131651594,109,11937.0,0.7294279366512902
9105.0,110,11512.0,86.55639097744361,1.230444079729285,110,110,11512.0,0.0376865543935059,0.7434689398980779,1.230444079729285,110,11512.0,0.7434689398980779
9110.0,111,11088.0,82.13333333333334,1.2072681525933275,111,111,11088.0,0.030896374708696245,0.6122195767195756,1.2072681525933275,111,11088.0,0.6122195767195756
9115.0,112,10671.0,79.04444444444445,1.227008939696421,112,112,10671.0,0.031719958436049786,0.6316569309741218,1.227008939696421,112,10671.0,0.6316569309741218
9120.0,109,10154.0,75.77611940298507,1.1792678471267217,109,109,10154.0,0.033065483557257185,0.6358037762936978,1.1792678471267217,109,10154.0,0.6358037762936978
9125.0,109,9710.0,71.92592592592592,1.16272063898081,109,109,9670.0,0.04062520466454142,0.7433790716711489,1.16272063898081,109,9670.0,0.7433790716711489
9130.0,109,9280.0,68.74074074074075,1.3860270086668824,109,109,9280.0,0.049831107778347046,0.9025867808969108,1.3860270086668824,109,9280.0,0.9025867808969108
9135.0,106,8469.0,61.81751824817518,1.3581681532555414,106,106,8469.0,0.04181887275260289,0.7920422422671343,1.3581681532555414,106,8469.0,0.7920422422671343
9140.0,103,7394.0,53.97080291970803,1.676474941868348,103,103,7271.0,0.05119308310446306,0.9546597361345769,1.676474941868348,103,7271.0,0.9546597361345769
9145.0,100,6296.0,45.29496402877698,1.9798185293914143,100,100,6296.0,0.06477820858780632,1.1854798865375993,1.9798185293914143,100,6296.0,1.1854798865375993
9150.0,96,5397.0,39.394160583941606,2.1155477294234255,96,96,5397.0,0.07012453705921862,1.3013067966388578,2.1155477294234255,96,5397.0,1.3013067966388578
9155.0,96,5252.0,38.903703703703705,2.242077079719565,96,96,5252.0,0.07899972352963236,1.4517131350483832,2.242077079719565,96,5252.0,1.4517131350483832
9160.0,98,5075.0,36.77536231884058,1.8606537775656697,98,98,5075.0,0.0584466541560762,1.1237626282113125,1.8606537775656697,98,5075.0,1.1237626282113125
9165.0,99,4940.0,35.539568345323744,2.0610910098455237,99,99,4920.0,0.06142173253850385,1.1858463562944508,2.0610910098455237,99,4920.0,1.1858463562944508
9170.0,102,4817.0,33.92253521126761,2.0994024676084324,102,102,4817.0,0.062021907011224314,1.140094473052221,2.0994024676084324,102,4817.0,1.140094473052221
9175.0,100,4659.0,32.809859154929576,2.243668057333589,100,100,4659.0,0.057351191211943396,1.0856672813630996,2.243668057333589,100,4659.0,1.0856672813630996
9180.0,96,4450.0,32.014388489208635,2.346523630096934,96,96,4438.0,0.06247266450342879,1.1664765238903902,2.346523630096934,96,4438.0,1.1664765238903902
9185.0,92,4250.0,30.357142857142858,2.514033485921518,92,92,4250.0,0.07623240459817297,1.3934227642276316,2.514033485921518,92,4250.0,1.3934227642276316
9190.0,89,4247.0,30.553956834532375,2.590319029414246,89,89,4247.0,0.07454884450183524,1.4338674996783205,2.590319029414246,89,4247.0,1.4338674996783205
9195.0,90,4507.0,32.19285714285714,2.524201752249605,90,90,4504.0,0.07287738633252154,1.382953755205795,2.524201752249605,90,4504.0,1.382953755205795
9200.0,95,4902.0,35.78102189781022,2.4317825465006213,95,95,4902.0,0.07676950240064662,1.4200849027467815,2.4317825465006213,95,4902.0,1.4200849027467815
9205.0,101,5276.0,38.231884057971016,2.2426983897990933,101,101,5276.0,0.06130353082006162,1.1575367884308023,2.2426983897990933,101,5276.0,1.1575367884308023
9210.0,105,5718.0,42.044117647058826,1.8785407707334014,105,105,5677.0,0.04504305896002274,0.8462164420935079,1.8785407707334014,105,5677.0,0.8462164420935079
9215.0,106,6178.0,46.1044776119403,1.7702603704054143,106,106,6178.0,0.045623839382021594,0.8812760083091079,1.7702603704054143,106,6178.0,0.8812760083091079
9220.0,106,6627.0,49.82706766917293,1.405569481166913,106,106,6627.0,0.033283730991986483,0.6435393977346778,1.405569481166913,106,6627.0,0.6435393977346778
9225.0,107,7091.0,54.12977099236641,1.3645431971110864,107,107,7084.0,0.041725625179023784,0.7642992400295157,1.3645431971110864,107,7084.0,0.7642992400295157
9230.0,111,7632.0,57.38345864661654,1.3405550134265358,111,111,7632.0,0.04399208647671152,0.7511826881977345,1.3405550134265358,111,7632.0,0.7511826881977345
9235.0,116,8202.0,62.13636363636363,1.1052067763254487,116,116,8202.0,0.025397834660793747,0.46136000381432585,1.1052067763254487,116,8202.0,0.46136000381432585
9240.0,115,8365.0,64.84496124031008,0.9769314353132544,115,115,8365.0,0.02235458767035194,0.42722554305998867,0.9769314353132544,115,8365.0,0.42722554305998867
9245.0,111,8227.0,63.775193798449614,0.9456032174426593,111,111,8089.0,0.032443470116589886,0.5876176595018465,0.9456032174426593,111,8089.0,0.5876176595018465
9250.0,107,8070.0,62.55813953488372,1.2775136311873745,107,107,8070.0,0.04824605749916659,0.8596552014490109,1.2775136311873745,107,8070.0,0.8596552014490109
9255.0,102,7695.0,58.74045801526717,1.4873859633784898,102,102,7695.0,0.04872771732689458,0.9584112638998041,1.4873859633784898,102,7695.0,0.9584112638998041
9260.0,99,7169.0,55.146153846153844,1.594676065973998,99,99,7106.0,0.05166428648729561,1.015625478054838,1.594676065973998,99,7106.0,1.015625478054838
9265.0,96,6624.0,50.18181818181818,1.856787692887356,96,96,6624.0,0.0634952797920502,1.192958936829648,1.856787692887356,96,6624.0,1.192958936829648
9270.0,92,6014.0,45.56060606060606,1.9683852955476844,92,92,6014.0,0.06443665098066677,1.2367414874483231,1.9683852955476844,92,6014.0,1.2367414874483231
9275.0,93,5454.0,41.31818181818182,2.125429544832202,93,93,5408.0,0.06541183226927061,1.2478297851157116,2.125429544832202,93,5408.0,1.2478297851157116
9280.0,94,4896.0,36.81203007518797,1.8750864031715462,94,94,4896.0,0.05175519324164479,0.9843405187655845,1.8750864031715462,94,4896.0,0.9843405187655845
9285.0,92,4249.0,32.43511450381679,1.841008881286513,92,92,4249.0,0.0554522828003574,1.0593789982536903,1.841008881286513,92,4249.0,1.0593789982536903
9290.0,88,3520.0,26.466165413533833,2.0104302123103968,88,88,3492.0,0.06160674046516353,1.136749999999995,2.0104302123103968,88,3492.0,1.136749999999995
9295.0,84,2773.0,20.849624060150376,2.320372153596348,84,84,2773.0,0.07738774383414264,1.3922368402382308,2.320372153596348,84,2773.0,1.3922368402382308
9300.0,82,2011.0,15.351145038167939,2.2040249367029583,82,82,2011.0,0.06741776450068948,1.283293762881889,2.2040249367029583,82,2011.0,1.283293762881889
9305.0,86,1476.0,11.267175572519085,1.9730537103387,86,86,1476.0,0.06233271925594992,1.1738668502442478,1.9730537103387,86,1476.0,1.1738668502442478
9310.0,92,1728.0,13.090909090909092,1.9483033754788432,92,92,1728.0,0.061633690800561344,1.1648512931588877,1.9483033754788432,92,1728.0,1.1648512931588877
9315.0,100,1889.0,14.203007518796992,1.4761248444908592,100,100,1889.0,0.046721030758721235,0.8887768448332244,1.4761248444908592,100,1889.0,0.8887768448332244
9320.0,101,2155.0,16.203007518796994,1.483742320455397,101,101,2088.0,0.052336447045054246,0.9522907412458647,1.483742320455397,101,2088.0,0.9522907412458647
9325.0,105,2515.0,18.62962962962963,1.5808107174727601,105,105,2515.0,0.05919363759181407,1.0603823618243646,1.5808107174727601,105,2515.0,1.0603823618243646
9330.0,104,2885.0,21.37037037037037,1.6493841141019925,104,104,2885.0,0.05337549682265387,0.9494104017058139,1.6493841141019925,104,2885.0,0.9494104017058139
9335.0,105,3260.0,24.51127819548872,1.6670502275409895,105,105,3260.0,0.058980461097593896,1.046402588540303,1.6670502275409895,105,3260.0,1.046402588540303
9340.0,105,3635.0,26.925925925925927,1.593057330062524,105,105,3635.0,0.03991540423364467,0.7687210678559605,1.593057330062524,105,3635.0,0.7687210678559605
9345.0,104,3877.0,28.71851851851852,1.5375115757609488,104,104,3877.0,0.037618736739160386,0.719525298505697,1.5375115757609488,104,3877.0,0.719525298505697
9350.0,100,4061.0,29.642335766423358,1.7972017072349311,100,100,4018.0,0.04978918921015038,0.9307739417402584,1.7972017072349311,100,4018.0,0.9307739417402584
9355.0,102,4342.0,31.926470588235293,1.8062601560635905,102,102,4342.0,0.05250779813655096,0.9500338840585515,1.8062601560635905,102,4342.0,0.9500338840585515
9360.0,104,4624.0,34.25185185185185,1.6541169229823682,104,104,4624.0,0.04274766093404174,0.8161419659403643,1.6541169229823682,104,4624.0,0.8161419659403643
9365.0,106,4920.0,35.39568345323741,1.6509890178474318,106,106,4917.0,0.0411577425969559,0.7202785232875558,1.6509890178474318,106,4917.0,0.7202785232875558
9370.0,108,5230.0,37.357142857142854,1.8262112817977048,108,108,5230.0,0.05019820798278682,0.878792185801151,1.8262112817977048,108,5230.0,0.878792185801151
9375.0,109,5550.0,39.361702127659576,1.7253109087944496,109,109,5550.0,0.042173740097025986,0.7453003480035716,1.7253109087944496,109,5550.0,0.7453003480035716
9380.0,107,5539.0,39.84892086330935,1.7318512252454499,107,107,5539.0,0.045155455623978484,0.8307645968867862,1.7318512252454499,107,5539.0,0.8307645968867862
9385.0,104,5284.0,38.289855072463766,1.7926195878799889,104,104,5176.0,0.056214431392109965,1.0112396392958882,1.7926195878799889,104,5176.0,1.0112396392958882
9390.0,99,5010.0,36.30434782608695,1.987333815922996,99,99,5010.0,0.06535060859790608,1.1490223388477738,1.987333815922996,99,5010.0,1.1490223388477738
9395.0,94,4715.0,34.925925925925924,2.181789980186517,94,94,4715.0,0.07598412662755366,1.3833013242085275,2.181789980186517,94,4715.0,1.3833013242085275
9400.0,92,4279.0,31.46323529411765,1.9501361445195162,92,92,4279.0,0.06132859609556233,1.1497738746169046,1.9501361445195162,92,4279.0,1.1497738746169046
9405.0,89,3752.0,28.210526315789473,1.890512446559965,89,89,3752.0,0.06395135770358643,1.2265605104367987,1.890512446559965,89,3752.0,1.2265605104367987
9410.0,86,3267.0,24.2,2.0235701161454855,86,86,3229.0,0.06639724154133256,1.2407953325806422,2.0235701161454855,86,3229.0,1.2407953325806422
9415.0,88,2860.0,21.185185185185187,2.107579464933516,88,88,2859.0,0.06851917185458394,1.287437329255155,2.107579464933516,88,2859.0,1.287437329255155
9420.0,93,2554.0,18.918518518518518,1.847115496226672,93,93,2487.0,0.06144228883187374,1.132842763466953,1.847115496226672,93,2487.0,1.132842763466953
9425.0,96,2268.0,16.31654676258993,1.859849912029222,96,96,2268.0,0.060535788148874434,1.1036829262494448,1.859849912029222,96,2268.0,1.1036829262494448
9430.0,98,2004.0,14.417266187050359,1.871277653462744,98,98,2004.0,0.05387284323153459,1.0400152542824188,1.871277653462744,98,2004.0,1.0400152542824188
9435.0,98,1846.0,13.185714285714285,1.7477539361439725,98,98,1846.0,0.048399906006950814,0.9621225108968927,1.7477539361439725,98,1846.0,0.9621225108968927
9440.0,97,2013.0,14.58695652173913,1.853581227158672,97,97,1971.0,0.06342934191604549,1.2140910148338997,1.853581227158672,97,1971.0,1.2140910148338997
9445.0,104,2303.0,16.45,1.8738961665304592,104,104,2303.0,0.0635101362204858,1.1740106988884274,1.8738961665304592,104,2303.0,1.1740106988884274
9450.0,105,2464.0,17.6,1.6843284456785992,105,105,2464.0,0.04584111666187637,0.8903228524280835,1.6843284456785992,105,2464.0,0.8903228524280835
9455.0,102,2523.0,18.282608695652176,1.745407175421974,102,102,2475.0,0.04491590161783972,0.8843152802995123,1.745407175421974,102,2475.0,0.8843152802995123
9460.0,99,2564.0,18.715328467153284,1.6653723306936563,99,99,2564.0,0.048403770255305706,0.8833093333333282,1.6653723306936563,99,2564.0,0.8833093333333282
9465.0,96,2653.0,19.50735294117647,1.9596295139455198,96,96,2653.0,0.06014688736292042,1.0897658061115765,1.9596295139455198,96,2653.0,1.0897658061115765
9470.0,96,2842.0,20.897058823529413,1.774013833522901,96,96,2842.0,0.05469722269340444,1.016634395482811,1.774013833522901,96,2842.0,1.016634395482811
9475.0,101,3086.0,22.525547445255473,1.8490175390349322,101,101,3069.0,0.05544538339679563,1.0219853690013467,1.8490175390349322,101,3069.0,1.0219853690013467
9480.0,104,3351.0,24.45985401459854,1.9344771492207675,104,104,3351.0,0.057451596295559085,1.0262103827354485,1.9344771492207675,104,3351.0,1.0262103827354485
9485.0,103,3413.0,24.37857142857143,1.9367547677796575,103,103,3413.0,0.04820117366529143,0.8660323131714235,1.9367547677796575,103,3413.0,0.8660323131714235
9490.0,98,3313.0,23.664285714285715,2.2352033668695936,98,98,3245.0,0.06180362485554896,1.1005502935098208,2.2352033668695936,98,3245.0,1.1005502935098208
9495.0,94,3189.0,22.77857142857143,2.4466045946302297,94,94,3189.0,0.0726603155806745,1.3089803943244822,2.4466045946302297,94,3189.0,1.3089803943244822
9500.0,92,3050.0,22.26277372262774,2.2244269297594674,92,92,3050.0,0.06899872618121362,1.2759157977685083,2.2244269297594674,92,3050.0,1.2759157977685083
9505.0,95,2967.0,21.656934306569344,2.192923102796849,95,95,2967.0,0.06919590234795601,1.324123048766111,2.192923102796849,95,2967.0,1.324123048766111
9510.0,96,3073.0,22.43065693430657,2.2719954184179016,96,96,3073.0,0.06476403142262942,1.24419857485523,2.2719954184179016,96,3073.0,1.24419857485523
9515.0,98,3077.0,22.625,2.1908107816530444,98,98,3077.0,0.06583172372435239,1.2030607512569356,2.1908107816530444,98,3077.0,1.2030607512569356
9520.0,99,2993.0,22.00735294117647,1.8496077196079785,99,99,2950.0,0.047907486240421134,0.8531496330394831,1.8496077196079785,99,2950.0,0.8531496330394831
9525.0,95,2901.0,21.81203007518797,1.963271133015497,95,95,2901.0,0.06296431879919648,1.1064286577592521,1.963271133015497,95,2901.0,1.1064286577592521
9530.0,93,2781.0,20.753731343283583,1.9581575329380263,93,93,2781.0,0.05784262497147296,1.0942654586915623,1.9581575329380263,93,2781.0,1.0942654586915623
9535.0,93,2668.0,20.366412213740457,1.8397314221911163,93,93,2662.0,0.05656178356559912,1.0371207504665372,1.8397314221911163,93,2662.0,1.0371207504665372
9540.0,93,2558.0,19.52671755725191,1.9789099414411526,93,93,2558.0,0.06455154736754269,1.164683775676621,1.9789099414411526,93,2558.0,1.164683775676621
9545.0,93,2448.0,18.68702290076336,1.7645314144135347,93,93,2448.0,0.05212994381535816,0.9843466104900517,1.7645314144135347,93,2448.0,0.9843466104900517
9550.0,92,2352.0,17.954198473282442,1.8873260737630533,92,92,2352.0,0.05659070526928502,1.1036913557766899,1.8873260737630533,92,2352.0,1.1036913557766899
9555.0,92,2487.0,18.84090909090909,1.7646607311601195,92,92,2469.0,0.059026650810217275,1.089571642714279,1.7646607311601195,92,2469.0,1.089571642714279
9560.0,94,2630.0,19.62686567164179,1.9934109453044484,94,94,2630.0,0.07034727563410008,1.2674460005332504,1.9934109453044484,94,2630.0,1.2674460005332504
9565.0,92,2763.0,20.316176470588236,2.2246511409314693,92,92,2763.0,0.0785910006431722,1.4452752707687742,2.2246511409314693,92,2763.0,1.4452752707687742
9570.0,91,3033.0,22.138686131386862,2.1874993511646417,91,91,3033.0,0.07128912272285808,1.3482481550479486,2.1874993511646417,91,3033.0,1.3482481550479486
9575.0,97,3408.0,25.058823529411764,2.1727096078918993,97,97,3398.0,0.0708432890695093,1.3155085767094314,2.1727096078918993,97,3398.0,1.3155085767094314
9580.0,102,3808.0,28.0,1.8907058956647926,102,102,3808.0,0.052035333276626614,0.9811873278236893,1.8907058956647926,102,3808.0,0.9811873278236893
9585.0,100,4023.0,30.477272727272727,1.783444452185329,100,100,4023.0,0.043364896657585986,0.9220282977265201,1.783444452185329,100,4023.0,0.9220282977265201
9590.0,100,4423.0,33.255639097744364,1.8048104726400345,100,100,4302.0,0.04576120306956811,0.9217371739022506,1.8048104726400345,100,4302.0,0.9217371739022506
9595.0,102,4830.0,36.59090909090909,1.807588829740278,102,102,4830.0,0.05114564180017665,0.973074801642741,1.807588829740278,102,4830.0,0.973074801642741
9600.0,102,5243.0,39.71969696969697,1.7780677277367043,102,102,5243.0,0.0432814043390092,0.8457188054431933,1.7780677277367043,102,5243.0,0.8457188054431933
9605.0,105,5741.0,42.525925925925925,1.7686848391357095,105,105,5741.0,0.04140429127395276,0.814088406975787,1.7686848391357095,105,5741.0,0.814088406975787
9610.0,110,6281.0,46.525925925925925,1.75435158856062,110,110,6271.0,0.04190765008802348,0.8135518636674547,1.75435158856062,110,6271.0,0.8135518636674547
9615.0,114,6845.0,50.7037037037037,1.4956914587048291,114,114,6845.0,0.03499317643551884,0.6626199186991873,1.4956914587048291,114,6845.0,0.6626199186991873
9620.0,114,7415.0,56.17424242424242,1.3789118918225534,114,114,7415.0,0.03132492029294607,0.6210926956391951,1.3789118918225534,114,7415.0,0.6210926956391951
9625.0,117,7990.0,61.46153846153846,1.1238649373267315,117,117,7990.0,0.025304384034665964,0.519102583269467,1.1238649373267315,117,7990.0,0.519102583269467
9630.0,116,8569.0,65.91538461538461,1.2401082142529258,116,116,8569.0,0.029172297418447804,0.5972017260669215,1.2401082142529258,116,8569.0,0.5972017260669215
9635.0,114,8741.0,68.2890625,1.084512999152317,114,114,8741.0,0.027603920608669147,0.5579176684373657,1.084512999152317,114,8741.0,0.5579176684373657
9640.0,111,8625.0,66.34615384615384,1.133150966540929,111,111,8492.0,0.03216913799215678,0.598373983739834,1.133150966540929,111,8492.0,0.598373983739834
9645.0,107,8492.0,66.34375,1.2858796652255473,107,107,8492.0,0.04622990520412802,0.8291689480645519,1.2858796652255473,107,8492.0,0.8291689480645519
9650.0,103,8306.0,64.3875968992248,1.261302507750082,103,103,8306.0,0.038463173591562566,0.7431843150101529,1.261302507750082,103,8306.0,0.7431843150101529
9655.0,103,8146.0,63.640625,1.299001816597974,103,103,8127.0,0.037285739676517354,0.7397280569601313,1.299001816597974,103,8127.0,0.7397280569601313
9660.0,104,7991.0,62.92125984251968,1.3796736774647211,104,104,7991.0,0.044832247762758085,0.8532960171139408,1.3796736774647211,104,7991.0,0.8532960171139408
9665.0,101,7785.0,60.348837209302324,1.2622825315681518,101,101,7785.0,0.042769481609984686,0.7886003053767208,1.2622825315681518,101,7785.0,0.7886003053767208
9670.0,97,7529.0,58.36434108527132,1.6273221645314533,97,97,7516.0,0.05684362307604393,1.0282620999723546,1.6273221645314533,97,7516.0,1.0282620999723546
9675.0,92,7249.0,55.33587786259542,1.9615469352015147,92,92,7249.0,0.06647398145953386,1.185871085890135,1.9615469352015147,92,7249.0,1.185871085890135
9680.0,92,6953.0,53.0763358778626,2.0645725064550806,91,92,6952.0,0.06098785469986183,1.1597783416008551,2.0645725064550806,91,6952.0,1.1597783416008551
9685.0,93,6657.0,50.05263157894737,2.22741845001353,93,93,6657.0,0.0639329625831048,1.2163143467889062,2.22741845001353,93,6657.0,1.2163143467889062
9690.0,92,6363.0,48.20454545454545,2.1587036736694447,92,92,6363.0,0.05843499125024105,1.1178969276136368,2.1587036736694447,92,6363.0,1.1178969276136368
9695.0,91,6019.0,45.59848484848485,2.212940384349542,91,91,6019.0,0.06476017300669858,1.2418288812103815,2.212940384349542,91,6019.0,1.2418288812103815
9700.0,93,5884.0,44.916030534351144,1.8890573488209172,93,93,5833.0,0.05388609243344842,1.0098480080467491,1.8890573488209172,93,5833.0,1.0098480080467491
9705.0,99,6294.0,48.41538461538462,1.7356066188079151,99,99,6294.0,0.048796579078089035,0.9279897892327228,1.7356066188079151,99,6294.0,0.9279897892327228
9710.0,103,6717.0,50.88636363636363,1.5719570619453733,103,103,6717.0,0.03977111940986684,0.771468452188652,1.5719570619453733,103,6717.0,0.771468452188652
9715.0,105,7160.0,54.24242424242424,1.422389226533413,105,105,7154.0,0.04136232494017375,0.7672453136829899,1.422389226533413,105,7154.0,0.7672453136829899
9720.0,107,7615.0,57.255639097744364,1.4707771357229482,107,107,7615.0,0.03761202219660613,0.6867701760498959,1.4707771357229482,107,7615.0,0.6867701760498959
9725.0,108,8082.0,59.86666666666667,1.3979487591853497,108,108,8082.0,0.034221691316123376,0.6677518681785235,1.3979487591853497,108,8082.0,0.6677518681785235
9730.0,107,8434.0,63.89393939393939,1.3503202935374292,107,107,8434.0,0.03940882000941452,0.757721395562086,1.3503202935374292,107,8434.0,0.757721395562086
9735.0,108,8720.0,65.07462686567165,1.3136566355451333,108,108,8672.0,0.04091053630515169,0.7503565669041564,1.3136566355451333,108,8672.0,0.7503565669041564
9740.0,109,9014.0,66.77037037037037,1.5068783586231553,109,109,9014.0,0.05235971026102179,0.9621958456088993,1.5068783586231553,109,9014.0,0.9621958456088993
9745.0,109,9290.0,67.81021897810218,1.442645128036693,109,109,9290.0,0.04367566068790038,0.841650060993204,1.442645128036693,109,9290.0,0.841650060993204
9750.0,110,9584.0,69.44927536231884,1.5221346517019865,110,110,9579.0,0.042025195731626,0.8057144700991145,1.5221346517019865,110,9579.0,0.8057144700991145
9755.0,111,9889.0,72.71323529411765,1.5159296781214033,111,111,9889.0,0.04682148153752869,0.8977815862337148,1.5159296781214033,111,9889.0,0.8977815862337148
9760.0,110,10148.0,73.53623188405797,1.3384598272217116,110,110,10148.0,0.032291151176466346,0.6242577146085656,1.3384598272217116,110,10148.0,0.6242577146085656
9765.0,105,10358.0,75.60583941605839,1.5742546379767037,105,105,10345.0,0.04437674559352086,0.8528801303329722,1.5742546379767037,105,10345.0,0.8528801303329722
9770.0,101,10545.0,76.41304347826087,1.7759287970418474,101,101,10545.0,0.052855101258245836,0.9727983050831704,1.7759287970418474,101,10545.0,0.9727983050831704
9775.0,99,10716.0,78.21897810218978,1.7011249719485597,99,99,10716.0,0.05154728656754611,0.979790247586401,1.7011249719485597,99,10716.0,0.979790247586401
9780.0,99,10886.0,79.45985401459853,1.7681171504735151,99,99,10886.0,0.04925235357302381,0.9585019533980815,1.7681171504735151,99,10886.0,0.9585019533980815
9785.0,100,11059.0,78.99285714285715,1.8220639106528196,100,100,11059.0,0.04830616099940597,0.9206521210224632,1.8220639106528196,100,11059.0,0.9206521210224632
9790.0,99,11204.0,81.78102189781022,1.7135937711931613,99,99,11204.0,0.05261557874444743,1.003010890799197,1.7135937711931613,99,11204.0,1.003010890799197
9795.0,101,11453.0,82.9927536231884,1.6667631202016457,101,101,11426.0,0.05127464720919408,0.9615357123359526,1.6667631202016457,101,11426.0,0.9615357123359526
9800.0,107,11903.0,86.2536231884058,1.661481460127063,107,107,11876.0,0.049059027285291795,0.9400040541467761,1.661481460127063,107,11876.0,0.9400040541467761
9805.0,111,12285.0,87.75,1.5573800993641003,111,111,12285.0,0.044781535082206,0.8589930892922919,1.5573800993641003,111,12285.0,0.8589930892922919
9810.0,107,12598.0,89.98571428571428,1.5804383875757948,107,107,12570.0,0.048873717553411904,0.9357584818790838,1.5804383875757948,107,12570.0,0.9357584818790838
9815.0,105,12899.0,92.13571428571429,1.7560691140553513,105,105,12899.0,0.06149027925459039,1.1234101505149767,1.7560691140553513,105,12899.0,1.1234101505149767
9820.0,103,12444.0,88.88571428571429,1.4929601186777586,103,103,12444.0,0.04746434951338605,0.8845735702834746,1.4929601186777586,103,12444.0,0.8845735702834746
9825.0,100,11511.0,83.41304347826087,1.636241883087615,100,100,11263.0,0.05593846320467115,1.0486971183931417,1.636241883087615,100,11263.0,1.0486971183931417
9830.0,100,10611.0,75.25531914893617,1.7307681633020386,100,100,10611.0,0.05760756773287141,1.0573595034815078,1.7307681633020386,100,10611.0,1.0573595034815078
9835.0,102,9674.0,67.65034965034965,1.7718143626088758,102,102,9674.0,0.05554254786072022,1.0197718782943324,1.7718143626088758,102,9674.0,1.0197718782943324
9840.0,99,8695.0,61.232394366197184,1.6871148760262145,99,99,8682.0,0.047799335182293234,0.9306445735926637,1.6871148760262145,99,8682.0,0.9306445735926637
9845.0,97,7704.0,53.13103448275862,1.8521079095133803,97,97,7704.0,0.05640876477883222,1.0837998386735208,1.8521079095133803,97,7704.0,1.0837998386735208
9850.0,94,6580.0,45.69444444444444,1.8528346779383764,94,94,6580.0,0.05558323796226707,1.0952590092680066,1.8528346779383764,94,6580.0,1.0952590092680066
9855.0,92,5531.0,38.144827586206894,1.9092446363123576,92,92,5481.0,0.058270618208775146,1.1099257915347347,1.9092446363123576,92,5481.0,1.1099257915347347
9860.0,92,4511.0,31.32638888888889,2.0513423453160113,92,92,4511.0,0.0694194155400693,1.2516001267106271,2.0513423453160113,92,4511.0,1.2516001267106271
9865.0,92,3448.0,24.111888111888113,1.9176262488616411,92,92,3448.0,0.06612197711844721,1.2049287061336764,1.9176262488616411,92,3448.0,1.2049287061336764
9870.0,88,2575.0,18.26241134751773,2.000196509457385,88,88,2561.0,0.07425990177528345,1.3554981303074145,2.000196509457385,88,2561.0,1.3554981303074145
9875.0,88,2056.0,14.581560283687944,2.156729835965325,88,88,2056.0,0.08211205245424615,1.4692884998060445,2.156729835965325,88,2056.0,1.4692884998060445
9880.0,89,1660.0,11.527777777777779,2.0355338227542554,89,89,1660.0,0.06680459040132035,1.2365652534066056,2.0355338227542554,89,1660.0,1.2365652534066056
9885.0,87,1451.0,10.07638888888889,2.130559179933,87,87,1408.0,0.0683213065110171,1.289578474452596,2.130559179933,87,1408.0,1.289578474452596
9890.0,91,1507.0,10.465277777777779,2.0530831497791677,91,91,1507.0,0.06702541897776014,1.231338461538465,2.0530831497791677,91,1507.0,1.231338461538465
9895.0,91,1492.0,10.219178082191782,2.1024471928560398,91,91,1492.0,0.06272117537378179,1.1919269136291222,2.1024471928560398,91,1492.0,1.1919269136291222
9900.0,91,1572.0,10.767123287671232,2.159554199474092,91,91,1545.0,0.06079151220807122,1.1412803487049117,2.159554199474092,91,1545.0,1.1412803487049117
9905.0,97,1736.0,11.651006711409396,2.1780348010247668,97,97,1736.0,0.0634047989231859,1.1526929560334318,2.1780348010247668,97,1736.0,1.1526929560334318
9910.0,101,1843.0,12.369127516778523,2.0858789317283954,101,101,1843.0,0.053477021491738386,0.9836708648175115,2.0858789317283954,101,1843.0,0.9836708648175115
9915.0,99,1887.0,12.664429530201343,2.117252901368355,99,99,1859.0,0.056391939161547285,1.0466270285876427,2.117252901368355,99,1859.0,1.0466270285876427
9920.0,95,1917.0,13.040816326530612,2.3441696145306463,95,95,1917.0,0.07186208100046416,1.3368403243179312,2.3441696145306463,95,1917.0,1.3368403243179312
9925.0,93,1901.0,12.931972789115646,2.386157660466608,92,93,1900.0,0.07102563266429551,1.3591653076573458,2.386157660466608,92,1900.0,1.3591653076573458
9930.0,92,1920.0,13.333333333333334,2.324222707614495,92,92,1907.0,0.06778974282680614,1.3174566807646113,2.324222707614495,92,1907.0,1.3174566807646113
9935.0,98,2020.0,14.125874125874127,2.116450265917229,98,98,2020.0,0.0655555124167206,1.2676992054857754,2.116450265917229,98,2020.0,1.2676992054857754
9940.0,100,2098.0,14.569444444444445,1.7649894205846886,100,100,2098.0,0.04668544871880461,0.9298062015503874,1.7649894205846886,100,2098.0,0.9298062015503874
9945.0,98,2209.0,15.23448275862069,2.027480911795326,98,98,2196.0,0.0555272747311347,1.1037961603355635,2.027480911795326,98,2196.0,1.1037961603355635
9950.0,101,2482.0,17.0,1.9594570060976846,101,101,2482.0,0.05615638798238959,1.0525564527993314,1.9594570060976846,101,2482.0,1.0525564527993314
9955.0,101,2542.0,17.65277777777778,1.8154129807968777,101,101,2542.0,0.05019049414651308,0.978659652647329,1.8154129807968777,101,2542.0,0.978659652647329
9960.0,103,2826.0,19.356164383561644,1.9245907738637926,103,103,2694.0,0.04840548822670415,0.931587007761097,1.9245907738637926,103,2694.0,0.931587007761097
9965.0,105,3123.0,21.10135135135135,1.9124205914799268,105,105,3123.0,0.05146270953417645,0.9608628141486598,1.9124205914799268,105,3123.0,0.9608628141486598
9970.0,104,3372.0,22.93877551020408,1.9547724269070648,104,104,3372.0,0.04929575603628447,0.9503950736850526,1.9547724269070648,104,3372.0,0.9503950736850526
9975.0,105,3717.0,25.8125,1.8372614558137148,105,105,3690.0,0.05180229161379932,0.9672470123948009,1.8372614558137148,105,3690.0,0.9672470123948009
9980.0,110,4182.0,28.841379310344827,1.881833432779693,110,110,4182.0,0.05487868929980781,0.9964964019056991,1.881833432779693,110,4182.0,0.9964964019056991
9985.0,116,4671.0,31.993150684931507,1.740956011741063,116,116,4671.0,0.04645814997553326,0.8665887988052938,1.740956011741063,116,4671.0,0.8665887988052938
9990.0,116,5171.0,35.66206896551724,1.6402857262897375,116,116,5171.0,0.04081207079855488,0.7626024206699156,1.6402857262897375,116,5171.0,0.7626024206699156
9995.0,115,5555.0,38.576388888888886,1.5444598662913018,115,115,5555.0,0.04136256703524781,0.7890804196995252,1.5444598662913018,115,5555.0,0.7890804196995252
10000.0,112,5848.0,40.611111111111114,1.488524074430928,112,112,5810.0,0.03738541920077489,0.7257706056072706,1.488524074430928,112,5810.0,0.7257706056072706
10005.0,109,6162.0,43.394366197183096,1.674340549845302,109,109,6162.0,0.05343916063432465,0.9866158198016749,1.674340549845302,109,6162.0,0.9866158198016749
10010.0,111,6502.0,45.46853146853147,1.4668741127836316,111,111,6502.0,0.036165934320349695,0.7238336315305153,1.4668741127836316,111,6502.0,0.7238336315305153
10015.0,115,6871.0,48.38732394366197,1.374849350080797,115,115,6865.0,0.03320844824906148,0.6779511206863833,1.374849350080797,115,6865.0,0.6779511206863833
10020.0,116,7250.0,50.6993006993007,1.4550987138485227,116,116,7250.0,0.03797797196642677,0.7152065607293626,1.4550987138485227,116,7250.0,0.7152065607293626
10025.0,119,7636.0,52.66206896551724,1.265423424091025,119,119,7636.0,0.034465112490511894,0.6698596515637607,1.265423424091025,119,7636.0,0.6698596515637607
10030.0,117,7622.0,53.3006993006993,1.2476054916626285,117,117,7622.0,0.03346238312236246,0.6665106667999454,1.2476054916626285,117,7622.0,0.6665106667999454
10035.0,113,7318.0,50.81944444444444,1.4085827490193497,113,113,7185.0,0.04129624125520525,0.774664179104474,1.4085827490193497,113,7185.0,0.774664179104474
10040.0,108,6993.0,48.5625,1.7589320096426724,108,108,6993.0,0.05929119675842551,1.0793609857924624,1.7589320096426724,108,6993.0,1.0793609857924624
10045.0,104,6643.0,45.813793103448276,1.9672726270177354,104,104,6643.0,0.06225469402822156,1.1533494621443015,1.9672726270177354,104,6643.0,1.1533494621443015
10050.0,99,6272.0,43.86013986013986,2.1693343705830803,99,99,6272.0,0.07360380104254395,1.3851124994218067,2.1693343705830803,99,6272.0,1.3851124994218067
10055.0,94,5879.0,41.11188811188811,2.4444796802589273,94,94,5879.0,0.08674750280083052,1.6520838391199246,2.4444796802589273,94,5879.0,1.6520838391199246
10060.0,92,5533.0,38.69230769230769,2.371240442855188,92,92,5533.0,0.08001427686222769,1.5589539740243792,2.371240442855188,92,5533.0,1.5589539740243792
10065.0,93,5320.0,37.730496453900706,2.421810941148827,93,93,5320.0,0.08613485485428947,1.6449703439804304,2.421810941148827,93,5320.0,1.6449703439804304
10070.0,94,5105.0,36.205673758865245,2.213906326769246,94,94,5105.0,0.08129837428241105,1.536103468346612,2.213906326769246,94,5105.0,1.536103468346612
10075.0,87,4793.0,33.75352112676056,2.3587264140390554,87,87,4793.0,0.08614488166748711,1.6483712307305625,2.3587264140390554,87,4793.0,1.6483712307305625
10080.0,89,4548.0,31.804195804195803,2.431322405505329,89,89,4510.0,0.08853384402194539,1.6588008479975984,2.431322405505329,89,4510.0,1.6588008479975984
10085.0,91,4322.0,30.01388888888889,2.580306883196676,89,91,4317.0,0.09280271691320247,1.7277990623907136,2.580306883196676,89,4317.0,1.7277990623907136
10090.0,87,3968.0,27.748251748251747,2.7473853954595304,87,87,3968.0,0.09008390238873375,1.726029081089682,2.7473853954595304,87,3968.0,1.726029081089682
10095.0,90,3893.0,27.03472222222222,2.916276528198594,89,90,3807.0,0.08982349392047839,1.687387534450182,2.916276528198594,89,3807.0,1.687387534450182
10100.0,94,4352.0,30.433566433566433,3.00295204000936,94,94,4352.0,0.08662946719079218,1.64535151725738,3.00295204000936,94,4352.0,1.64535151725738
10105.0,100,4837.0,34.063380281690144,2.71515907607218,100,100,4837.0,0.06692181077484656,1.305383395965616,2.71515907607218,100,4837.0,1.305383395965616
10110.0,103,5331.0,37.27972027972028,2.4103649392613025,103,103,5331.0,0.05152219863057868,0.993456177768192,2.4103649392613025,103,5331.0,0.993456177768192
10115.0,108,5861.0,41.56737588652482,2.170726591724582,108,108,5850.0,0.05074033927409476,0.9453851253190827,2.170726591724582,108,5850.0,0.9453851253190827
10120.0,114,6417.0,45.51063829787234,1.8476714353958459,114,114,6417.0,0.035710815647629596,0.6591757870470546,1.8476714353958459,114,6417.0,0.6591757870470546
10125.0,114,6847.0,48.21830985915493,1.8549319334599783,114,114,6847.0,0.03018354034536685,0.6056101814939501,1.8549319334599783,114,6847.0,0.6056101814939501
10130.0,110,7165.0,51.92028985507246,1.6324577458386311,110,110,7119.0,0.03613205746006507,0.6689734340099929,1.6324577458386311,110,7119.0,0.6689734340099929
10135.0,108,7469.0,53.73381294964029,1.8064016095282143,108,108,7469.0,0.04788084090538499,0.8600742507704197,1.8064016095282143,108,7469.0,0.8600742507704197
10140.0,104,7756.0,57.029411764705884,1.7937208586793314,104,104,7756.0,0.05355064327757975,0.966341441256266,1.7937208586793314,104,7756.0,0.966341441256266
10145.0,102,8013.0,58.06521739130435,1.7636817845781763,102,102,8013.0,0.05501156788379637,0.9940164163990741,1.7636817845781763,102,8013.0,0.9940164163990741
10150.0,103,8285.0,60.03623188405797,1.880865729403609,103,103,8276.0,0.06440299470104316,1.138454478083077,1.880865729403609,103,8276.0,1.138454478083077
10155.0,104,8563.0,62.05072463768116,1.8259532091895603,104,104,8563.0,0.0643273584930107,1.1335109402303152,1.8259532091895603,104,8563.0,1.1335109402303152
10160.0,103,8394.0,60.388489208633096,1.9760221823406574,103,103,8394.0,0.06037799594974865,1.1242228844598088,1.9760221823406574,103,8394.0,1.1242228844598088
10165.0,100,7907.0,56.47857142857143,2.1384331863748813,100,100,7759.0,0.06543660676144668,1.2517828971032585,2.1384331863748813,100,7759.0,1.2517828971032585
10170.0,97,7404.0,52.51063829787234,2.2560803727284395,97,97,7404.0,0.07494490724201784,1.395553787242479,2.2560803727284395,97,7404.0,1.395553787242479
10175.0,93,6831.0,48.4468085106383,2.276557832988534,93,93,6831.0,0.06714168609694303,1.2931945594774275,2.276557832988534,93,6831.0,1.2931945594774275
10180.0,92,6265.0,44.11971830985915,2.2362937823863964,92,92,6237.0,0.06391861993917215,1.2032594769337357,2.2362937823863964,92,6237.0,1.2032594769337357
10185.0,88,5744.0,40.737588652482266,2.518055763479505,88,88,5744.0,0.08345070307244763,1.4837696340057747,2.518055763479505,88,5744.0,1.4837696340057747
10190.0,86,5265.0,37.87769784172662,2.5204085501102753,86,86,5265.0,0.08533225384778262,1.5251134596641807,2.5204085501102753,86,5265.0,1.5251134596641807
10195.0,87,4759.0,34.48550724637681,2.3912257478688677,87,87,4759.0,0.07496322543978941,1.4175271291965172,2.3912257478688677,87,4759.0,1.4175271291965172
10200.0,91,4308.0,31.676470588235293,2.223108751143361,91,91,4288.0,0.06962816804530261,1.273182211936739,2.223108751143361,91,4288.0,1.273182211936739
10205.0,92,3866.0,28.014492753623188,2.232017516880913,92,92,3866.0,0.06675067502450116,1.267258208508441,2.232017516880913,92,3866.0,1.267258208508441
10210.0,89,3315.0,24.375,2.3081403074359876,89,89,3315.0,0.06505477384469953,1.306938790473557,2.3081403074359876,89,3315.0,1.306938790473557
10215.0,85,2671.0,19.355072463768117,2.4605292833930985,85,85,2638.0,0.06681368323579641,1.3226124999999973,2.4605292833930985,85,2638.0,1.3226124999999973
10220.0,81,2013.0,14.911111111111111,2.7023151541484025,81,81,2013.0,0.08778269128262801,1.7284789915966312,2.7023151541484025,81,2013.0,1.7284789915966312
10225.0,79,1412.0,10.306569343065693,2.788224076746456,79,79,1412.0,0.0874192321922356,1.7388466261784157,2.788224076746456,79,1412.0,1.7388466261784157
10230.0,79,1331.0,9.715328467153284,2.822339219945242,79,79,1303.0,0.09100488409992412,1.7001229815655363,2.822339219945242,79,1303.0,1.7001229815655363
10235.0,82,1385.0,10.183823529411764,2.784251553442393,82,82,1385.0,0.09255243297111211,1.7271581529383184,2.784251553442393,82,1385.0,1.7271581529383184
10240.0,85,1296.0,9.459854014598541,2.385288123961624,85,85,1296.0,0.06828323718572503,1.305082470903302,2.385288123961624,85,1296.0,1.305082470903302
10245.0,92,1416.0,10.411764705882353,2.2316570125922515,92,92,1300.0,0.05801780083246394,1.110010168410119,2.2316570125922515,92,1300.0,1.110010168410119
10250.0,94,1557.0,11.533333333333333,2.1777640748898226,94,94,1557.0,0.05648303354610347,1.0498116906435493,2.1777640748898226,94,1557.0,1.0498116906435493
10255.0,95,1704.0,12.716417910447761,1.9711219516178329,95,95,1704.0,0.04674073052255491,0.9155259763578363,1.9711219516178329,95,1704.0,0.9155259763578363
10260.0,95,1854.0,13.93984962406015,1.9791203280132574,95,95,1854.0,0.04824003023705883,0.9330532425558886,1.9791203280132574,95,1854.0,0.9330532425558886
10265.0,93,1893.0,14.233082706766917,1.841475498500658,93,93,1893.0,0.05346441303115598,1.016159553584755,1.841475498500658,93,1893.0,1.016159553584755
10270.0,92,2008.0,15.212121212121213,1.9339028301572494,92,92,1962.0,0.06555042533999998,1.1785775870453643,1.9339028301572494,92,1962.0,1.1785775870453643
10275.0,93,2202.0,16.681818181818183,1.891658178720073,93,93,2202.0,0.0659965199487175,1.2130578120322293,1.891658178720073,93,2202.0,1.2130578120322293
10280.0,99,2489.0,18.856060606060606,1.7502028132763328,99,99,2489.0,0.05772360357239552,1.0640007973736356,1.7502028132763328,99,2489.0,1.0640007973736356
10285.0,106,2723.0,20.32089552238806,1.705359357976826,106,106,2670.0,0.05297062431539772,0.9801531203047756,1.705359357976826,106,2670.0,0.9801531203047756
10290.0,104,2966.0,21.97037037037037,1.817196203385268,104,104,2966.0,0.05431483504393157,0.9783758798266917,1.817196203385268,104,2966.0,0.9783758798266917
10295.0,103,3188.0,23.614814814814814,1.8301523787602054,103,103,3188.0,0.04921196062771681,0.9193041734593274,1.8301523787602054,103,3188.0,0.9193041734593274
10300.0,105,3434.0,25.81954887218045,1.4844565205218518,105,105,3421.0,0.0377437348797875,0.7088678901659656,1.4844565205218518,105,3421.0,0.7088678901659656
10305.0,106,3687.0,27.721804511278197,1.6226535307847851,106,106,3687.0,0.04346845412023653,0.7913624256850894,1.6226535307847851,106,3687.0,0.7913624256850894
10310.0,103,3891.0,28.822222222222223,1.623158167943938,103,103,3891.0,0.04150058320840621,0.7658935079222079,1.623158167943938,103,3891.0,0.7658935079222079
10315.0,100,4047.0,29.977777777777778,1.8224892364869754,100,100,4034.0,0.04507763702035733,0.831890688616217,1.8224892364869754,100,4034.0,0.831890688616217
10320.0,95,4182.0,31.44360902255639,2.0802403512647207,95,95,4182.0,0.06318675797643075,1.1667431669359203,2.0802403512647207,95,4182.0,1.1667431669359203
10325.0,94,4286.0,31.98507462686567,1.862057413543136,93,94,4285.0,0.05194278146440439,0.9934358434172366,1.862057413543136,93,4285.0,0.9934358434172366
10330.0,93,4400.0,33.08270676691729,2.0214509501108537,93,93,4391.0,0.05718215859153084,1.0956516820752285,2.0214509501108537,93,4391.0,1.0956516820752285
10335.0,93,4515.0,33.69402985074627,2.0246089140705585,93,93,4515.0,0.06189167710729188,1.1339630505722567,2.0246089140705585,93,4515.0,1.1339630505722567
10340.0,91,4583.0,34.45864661654135,2.0144483742592527,91,91,4583.0,0.06150857281316624,1.1575163874687409,2.0144483742592527,91,4583.0,1.1575163874687409
10345.0,89,4677.0,35.43181818181818,2.128819530506969,89,89,4664.0,0.07276998208418767,1.3700529741809162,2.128819530506969,89,4664.0,1.3700529741809162
10350.0,89,4967.0,37.34586466165413,2.2519813033130407,89,89,4967.0,0.07541755598394831,1.3898725184054839,2.2519813033130407,89,4967.0,1.3898725184054839
10355.0,89,4916.0,36.6865671641791,2.2253968202812224,89,89,4916.0,0.06933399983769141,1.3242321541950155,2.2253968202812224,89,4916.0,1.3242321541950155
10360.0,88,4626.0,34.01470588235294,2.111006817869533,88,88,4513.0,0.058922199132187575,1.1196563611498922,2.111006817869533,88,4513.0,1.1196563611498922
10365.0,85,4331.0,31.845588235294116,2.3744434285386453,85,85,4331.0,0.07663208667014741,1.4185737165217944,2.3744434285386453,85,4331.0,1.4185737165217944
10370.0,81,4023.0,29.8,2.3132840053998844,81,81,4023.0,0.07556659455844421,1.4033616473237271,2.3132840053998844,81,4023.0,1.4033616473237271
10375.0,79,3737.0,28.097744360902254,2.6084963318081127,79,79,3737.0,0.09191242304313806,1.7228065652808047,2.6084963318081127,79,3737.0,1.7228065652808047
10380.0,78,3421.0,25.529850746268657,2.493791965165543,78,78,3421.0,0.08452191068028429,1.6076300089214457,2.493791965165543,78,3421.0,1.6076300089214457
10385.0,84,3179.0,22.8705035971223,2.5084009986518376,84,84,3152.0,0.0791931781309638,1.493233540167187,2.5084009986518376,84,3152.0,1.493233540167187
10390.0,85,2949.0,21.369565217391305,2.642686688759606,85,85,2949.0,0.09284329523634205,1.6804519058607388,2.642686688759606,85,2949.0,1.6804519058607388
10395.0,86,2600.0,18.705035971223023,2.4985312733733367,86,86,2600.0,0.0771866842196697,1.4037678810094232,2.4985312733733367,86,2600.0,1.4037678810094232
10400.0,88,2392.0,17.333333333333332,2.68850174943203,88,88,2301.0,0.08827169515601918,1.528967978350211,2.68850174943203,88,2301.0,1.528967978350211
10405.0,92,2238.0,16.100719424460433,2.596757106787426,92,92,2238.0,0.08321542824113957,1.5199634972920615,2.596757106787426,92,2238.0,1.5199634972920615
10410.0,94,2333.0,16.905797101449274,2.411251174001118,94,94,2333.0,0.06857307942044806,1.3161543239642433,2.411251174001118,94,2333.0,1.3161543239642433
10415.0,100,2718.0,19.83941605839416,2.2185577635493385,100,100,2708.0,0.07131349727603847,1.3062765762252548,2.2185577635493385,100,2708.0,1.3062765762252548
10420.0,106,3233.0,23.42753623188406,1.7922091905963622,106,106,3233.0,0.057675973294909436,1.000887867818245,1.7922091905963622,106,3233.0,1.000887867818245
10425.0,111,3572.0,25.697841726618705,1.639438807244371,111,111,3572.0,0.040713378415256435,0.7156382339527394,1.639438807244371,111,3572.0,0.7156382339527394
10430.0,112,3782.0,26.822695035460992,1.5573245964821898,112,112,3714.0,0.031878864696640904,0.527014039862777,1.5573245964821898,112,3714.0,0.527014039862777
10435.0,109,3982.0,28.855072463768117,1.6454850300756687,109,109,3982.0,0.04244163710824535,0.7192201409228103,1.6454850300756687,109,3982.0,0.7192201409228103
10440.0,104,3985.0,29.962406015037594,1.5160654048198388,104,104,3985.0,0.04382247949953385,0.766238089004831,1.5160654048198388,104,3985.0,0.766238089004831
10445.0,99,3845.0,28.69402985074627,1.6021549740639602,99,99,3788.0,0.04945732182675301,0.887405593974573,1.6021549740639602,99,3788.0,0.887405593974573
10450.0,96,3688.0,27.52238805970149,1.9447280187592542,96,96,3688.0,0.061336942581980296,1.1505809461558878,1.9447280187592542,96,3688.0,1.1505809461558878
10455.0,92,3482.0,25.98507462686567,1.9498867833939986,92,92,3482.0,0.0655345506109473,1.2281711687268706,1.9498867833939986,92,3482.0,1.2281711687268706
10460.0,93,3299.0,24.619402985074625,2.1058822282358043,93,93,3280.0,0.06485814792925869,1.1976367894013202,2.1058822282358043,93,3280.0,1.1976367894013202
10465.0,95,3119.0,22.933823529411764,2.2125928710039102,95,95,3119.0,0.0727551068114926,1.2659165418052902,2.2125928710039102,95,3119.0,1.2659165418052902
10470.0,91,2845.0,21.074074074074073,2.1421477544320524,91,91,2845.0,0.06740569419040184,1.1991320030224004,2.1421477544320524,91,2845.0,1.1991320030224004
10475.0,86,2490.0,18.721804511278197,2.2933028209229604,86,86,2462.0,0.07268729745947684,1.3431462554061275,2.2933028209229604,86,2462.0,1.3431462554061275
10480.0,83,2113.0,15.651851851851852,2.366480215217445,83,83,2113.0,0.0735871050058561,1.3360242889371923,2.366480215217445,83,2113.0,1.3360242889371923
10485.0,79,1635.0,12.293233082706767,2.319428271752189,79,79,1635.0,0.07410237631096525,1.3856886794319587,2.319428271752189,79,1635.0,1.3856886794319587
10490.0,75,1168.0,8.781954887218046,2.3680589613405516,75,75,1140.0,0.07715578168107243,1.4550198395765213,2.3680589613405516,75,1140.0,1.4550198395765213
10495.0,77,1131.0,8.568181818181818,2.4942311445915837,77,77,1131.0,0.08391430003417279,1.566437397759495,2.4942311445915837,77,1131.0,1.566437397759495
10500.0,83,1208.0,9.151515151515152,2.3341331872164304,83,83,1208.0,0.07333789671222725,1.3985432829771733,2.3341331872164304,83,1208.0,1.3985432829771733
10505.0,89,1338.0,9.911111111111111,2.1467152294395495,89,89,1323.0,0.05998858196186758,1.1004627867677517,2.1467152294395495,89,1323.0,1.1004627867677517
10510.0,92,1493.0,10.977941176470589,2.272035243576565,92,92,1493.0,0.07046085756346383,1.2260387803761945,2.272035243576565,92,1493.0,1.2260387803761945
10515.0,93,1658.0,12.191176470588236,2.2037576661505853,93,93,1658.0,0.06358047615387613,1.1620663007869885,2.2037576661505853,93,1658.0,1.1620663007869885
10520.0,91,1761.0,12.948529411764707,2.320790515962249,91,91,1761.0,0.05747505491818784,1.146070470088243,2.320790515962249,91,1761.0,1.146070470088243
10525.0,88,1801.0,13.145985401459853,2.401375041604388,88,88,1783.0,0.0677800361171291,1.2922045817982601,2.401375041604388,88,1783.0,1.2922045817982601
10530.0,83,1824.0,13.818181818181818,2.4018579429503797,83,83,1824.0,0.08154966336448251,1.5240873724643533,2.4018579429503797,83,1824.0,1.5240873724643533
10535.0,79,1878.0,14.335877862595419,2.6946538036642624,79,79,1878.0,0.09565179057109846,1.7679661719317574,2.6946538036642624,79,1878.0,1.7679661719317574
10540.0,84,2110.0,16.106870229007633,2.1700708892039087,84,84,2110.0,0.0748405064952878,1.3481511031333735,2.1700708892039087,84,2110.0,1.3481511031333735
10545.0,94,2459.0,18.48872180451128,2.1260415297905286,94,94,2450.0,0.06866305672696328,1.248893158888353,2.1260415297905286,94,2450.0,1.248893158888353
10550.0,99,2843.0,21.21641791044776,1.900571289857767,99,99,2843.0,0.05889651858399585,1.0730319806652682,1.900571289857767,99,2843.0,1.0730319806652682
10555.0,99,3016.0,22.507462686567163,1.8662526898479521,99,99,3016.0,0.050379102449870025,0.9478439787910304,1.8662526898479521,99,3016.0,0.9478439787910304
10560.0,100,3416.0,25.492537313432837,2.0254812803247835,100,100,3286.0,0.051984027103362314,0.9493880136008822,2.0254812803247835,100,3286.0,0.9493880136008822
10565.0,101,3819.0,28.288888888888888,1.9257366012540715,101,101,3819.0,0.05043259045018124,0.9184053082744047,1.9257366012540715,101,3819.0,0.9184053082744047
10570.0,99,4138.0,31.112781954887218,1.9581345375576287,99,99,4138.0,0.04916243240058956,0.9486783245864642,1.9581345375576287,99,4138.0,0.9486783245864642
10575.0,98,4473.0,33.38059701492537,2.141469666418295,98,98,4445.0,0.06393575251557494,1.2012354063609065,2.141469666418295,98,4445.0,1.2012354063609065
10580.0,99,4815.0,35.93283582089552,2.209342391546419,99,99,4815.0,0.0659187264277881,1.1986529942957835,2.209342391546419,99,4815.0,1.1986529942957835
10585.0,101,5135.0,38.609022556390975,1.8338440386833528,101,101,5135.0,0.04584405120381028,0.8906136255254183,1.8338440386833528,101,5135.0,0.8906136255254183
10590.0,99,5480.0,41.515151515151516,2.065194804389874,99,99,5462.0,0.054534756850783454,1.0691912937277328,2.065194804389874,99,5462.0,1.0691912937277328
10595.0,100,5828.0,45.53125,1.841120256216704,100,100,5828.0,0.05352676853676633,1.0197009488727007,1.841120256216704,100,5828.0,1.0197009488727007
10600.0,101,6179.0,48.2734375,1.5537993260042207,100,101,6178.0,0.04325820829635098,0.8200394919718852,1.5537993260042207,100,6178.0,0.8200394919718852
10605.0,101,6529.0,51.0078125,1.688105835354603,101,101,6529.0,0.044581416179520286,0.8383045426832093,1.688105835354603,101,6529.0,0.8383045426832093
10610.0,101,6884.0,52.95384615384615,1.6757247775848463,101,101,6884.0,0.03576397345543099,0.6939558157818092,1.6757247775848463,101,6884.0,0.6939558157818092
10615.0,102,7252.0,56.65625,1.5803885204995223,102,102,7252.0,0.03661112888399781,0.7103578737298691,1.5803885204995223,102,7252.0,0.7103578737298691
10620.0,106,7761.0,61.110236220472444,1.483139252886934,106,106,7761.0,0.0341953687814598,0.6631688679248839,1.483139252886934,106,7761.0,0.6631688679248839
10625.0,112,8309.0,64.4108527131783,1.2166904533729737,112,112,8309.0,0.02601748851029822,0.5039941803282251,1.2166904533729737,112,8309.0,0.5039941803282251
10630.0,113,8851.0,69.69291338582677,1.0610922590523757,113,113,8851.0,0.0245116417196471,0.4927102300586775,1.0610922590523757,113,8851.0,0.4927102300586775
10635.0,113,9416.0,73.5625,1.0574732298974776,113,113,9401.0,0.029534780177120513,0.5596850121401806,1.0574732298974776,113,9401.0,0.5596850121401806
10640.0,113,9981.0,79.21428571428571,0.9985464702298498,113,113,9981.0,0.03845620581491685,0.713818517370986,0.9985464702298498,113,9981.0,0.713818517370986
10645.0,116,10550.0,82.421875,1.0166386768330185,116,116,10550.0,0.03062882978941208,0.5994499658519488,1.0166386768330185,116,10550.0,0.5994499658519488
10650.0,115,11123.0,87.58267716535433,1.0840162999109526,115,115,11123.0,0.030453687792618277,0.6289750411026002,1.0840162999109526,115,11123.0,0.6289750411026002
10655.0,116,11701.0,93.608,0.9240723782039937,116,116,11701.0,0.028696726158961173,0.5815481836389315,0.9240723782039937,116,11701.0,0.5815481836389315
10660.0,116,12269.0,97.37301587301587,0.6881280407698639,116,116,12269.0,0.02052447121840302,0.4087697980016986,0.6881280407698639,116,12269.0,0.4087697980016986
10665.0,117,12850.0,101.98412698412699,0.7516201042619274,117,117,12842.0,0.02662269204874991,0.48999931183908313,0.7516201042619274,117,12842.0,0.48999931183908313
10670.0,117,13435.0,104.9609375,0.8170232997055886,117,117,13435.0,0.032842593281688266,0.5611581166521576,0.8170232997055886,117,13435.0,0.5611581166521576
10675.0,116,14004.0,109.40625,0.8633025451431038,116,116,14004.0,0.02640025761423221,0.4756353114550963,0.8633025451431038,116,14004.0,0.4756353114550963
10680.0,117,14589.0,113.9765625,0.8870797439181092,117,117,14578.0,0.022932673530045907,0.397282902531532,0.8870797439181092,117,14578.0,0.397282902531532
10685.0,118,15177.0,116.74615384615385,0.8532316697076735,118,118,15177.0,0.024546942003456168,0.42402514906833494,0.8532316697076735,118,15177.0,0.42402514906833494
10690.0,116,15149.0,118.3515625,0.7989894688570645,116,116,15149.0,0.02510006300819072,0.44894425718326547,0.7989894688570645,116,15149.0,0.44894425718326547
10695.0,111,14689.0,112.99230769230769,1.1183388668548209,111,111,14486.0,0.04305460364133999,0.7572631283401545,1.1183388668548209,111,14486.0,0.7572631283401545
10700.0,108,14207.0,109.28461538461538,1.3293998040195132,108,108,14207.0,0.05088586360431085,0.9073689307175583,1.3293998040195132,108,14207.0,0.9073689307175583
10705.0,105,13347.0,101.11363636363636,1.408974732059326,105,105,13347.0,0.04513467094222266,0.8628620952593642,1.408974732059326,105,13347.0,0.8628620952593642
10710.0,99,12226.0,92.62121212121212,1.6346815663784007,99,99,12108.0,0.0554067775553896,0.9828989042730286,1.6346815663784007,99,12108.0,0.9828989042730286
10715.0,95,11086.0,84.62595419847328,1.9232665336165395,95,95,11086.0,0.072807946342139,1.261564808037977,1.9232665336165395,95,11086.0,1.261564808037977
10720.0,93,9880.0,75.41984732824427,1.584159481258537,92,93,9879.0,0.05294048710099743,1.0132709913809288,1.584159481258537,92,9879.0,1.0132709913809288
10725.0,92,8638.0,65.93893129770993,1.645908035965866,92,92,8638.0,0.05517662692616693,1.0575809880097462,1.645908035965866,92,8638.0,1.0575809880097462
10730.0,88,7364.0,55.36842105263158,1.7889537280146424,88,88,7351.0,0.05991704247621079,1.1246721311475347,1.7889537280146424,88,7351.0,1.1246721311475347
10735.0,86,5969.0,45.21969696969697,1.853047705364757,86,86,5969.0,0.06667889556258631,1.2366561811679457,1.853047705364757,86,5969.0,1.2366561811679457
10740.0,84,4647.0,35.20454545454545,1.8979622517533594,84,84,4599.0,0.06426608632842873,1.2008423706163818,1.8979622517533594,84,4599.0,1.2008423706163818
10745.0,85,3348.0,24.8,2.0014653055145777,85,85,3348.0,0.06607777140624123,1.2241925283196209,2.0014653055145777,85,3348.0,1.2241925283196209
10750.0,83,2039.0,15.216417910447761,2.0197892891272553,83,83,2039.0,0.0659981630419593,1.241345682973692,2.0197892891272553,83,2039.0,1.241345682973692
10755.0,79,1137.0,8.548872180451127,2.049427392242401,79,79,1122.0,0.07488185810887271,1.4166446090323341,2.049427392242401,79,1122.0,1.4166446090323341
10760.0,82,1288.0,9.68421052631579,2.265590185901566,82,82,1288.0,0.08014894364220602,1.5415724348325286,2.265590185901566,82,1288.0,1.5415724348325286
10765.0,89,1397.0,10.272058823529411,2.038418368742768,89,89,1397.0,0.06293228998571258,1.2146254460727655,2.038418368742768,89,1397.0,1.2146254460727655
10770.0,88,1431.0,10.445255474452555,2.120615926302897,88,88,1388.0,0.06210261819838329,1.1682168621157436,2.120615926302897,88,1388.0,1.1682168621157436
10775.0,86,1461.0,10.58695652173913,2.4003211525770163,86,86,1461.0,0.07482967630937178,1.3797940048763258,2.4003211525770163,86,1461.0,1.3797940048763258
10780.0,84,1483.0,10.592857142857143,2.4693711303071093,84,84,1483.0,0.07107088436295927,1.3261985753138434,2.4693711303071093,84,1483.0,1.3261985753138434
10785.0,81,1445.0,10.39568345323741,2.5236529399823744,81,81,1445.0,0.07315334552312026,1.407076028110094,2.5236529399823744,81,1445.0,1.407076028110094
10790.0,81,1512.0,10.877697841726619,2.505722171034907,81,81,1479.0,0.07827320809588728,1.4320325851965452,2.505722171034907,81,1479.0,1.4320325851965452
10795.0,87,1625.0,11.861313868613138,2.495164826099367,87,87,1625.0,0.07519286358039476,1.3603177599253098,2.495164826099367,87,1625.0,1.3603177599253098
10800.0,88,1651.0,12.05109489051095,2.487496712412454,87,88,1650.0,0.06758609860996175,1.295313824748001,2.487496712412454,87,1650.0,1.295313824748001
10805.0,89,1778.0,12.7,2.459622018067303,89,89,1701.0,0.061300944034145315,1.1526693543601265,2.459622018067303,89,1701.0,1.1526693543601265
10810.0,89,1913.0,14.170370370370371,2.4241906227897476,89,89,1913.0,0.06774248676840063,1.3035041351666248,2.4241906227897476,89,1913.0,1.3035041351666248
10815.0,89,2060.0,15.488721804511279,2.156590464579792,89,89,2060.0,0.06654069061258004,1.2780442653892858,2.156590464579792,89,2060.0,1.2780442653892858
10820.0,96,2452.0,18.29850746268657,2.200664097728969,96,96,2445.0,0.0674215515469016,1.2666473104282951,2.200664097728969,96,2445.0,1.2666473104282951
10825.0,108,2961.0,21.613138686131386,1.9371493034665044,108,108,2961.0,0.05908018804675126,1.0505448927480252,1.9371493034665044,108,2961.0,1.0505448927480252
10830.0,109,3306.0,23.956521739130434,1.7355054881967258,109,109,3306.0,0.03725764936374332,0.7065785509607615,1.7355054881967258,109,3306.0,0.7065785509607615
10835.0,108,3524.0,25.91176470588235,1.75298834377425,108,108,3461.0,0.041471809257604124,0.7699843691702244,1.75298834377425,108,3461.0,0.7699843691702244
10840.0,106,3731.0,27.84328358208955,1.6794140729893914,106,106,3731.0,0.04669061608329078,0.8697381914632053,1.6794140729893914,106,3731.0,0.8697381914632053
10845.0,102,3742.0,27.925373134328357,1.6970727220013733,102,102,3742.0,0.03867250680542317,0.7608161364488536,1.6970727220013733,102,3742.0,0.7608161364488536
10850.0,98,3612.0,27.157894736842106,1.7258004850265858,98,98,3554.0,0.042302440154814436,0.8280021104594524,1.7258004850265858,98,3554.0,0.8280021104594524
10855.0,94,3463.0,26.435114503816795,1.9385532943760144,94,94,3463.0,0.056903308751276215,1.0658145493926303,1.9385532943760144,94,3463.0,1.0658145493926303
10860.0,90,3267.0,25.325581395348838,1.913060521141219,90,90,3267.0,0.057938876996780596,1.1054355293241278,1.913060521141219,90,3267.0,1.1054355293241278
10865.0,90,3092.0,23.424242424242426,2.1076753410583797,90,90,3075.0,0.059177186133024515,1.1385225988700536,2.1076753410583797,90,3075.0,1.1385225988700536
10870.0,91,2920.0,22.12121212121212,2.2458890075726488,91,91,2920.0,0.06308001645318208,1.2264076492097986,2.2458890075726488,91,2920.0,1.2264076492097986
10875.0,91,2750.0,20.67669172932331,2.2976746529788716,91,91,2750.0,0.05464127940956969,1.0892277383243871,2.2976746529788716,91,2750.0,1.0892277383243871
10880.0,91,2544.0,19.419847328244273,2.2025803298251807,91,91,2544.0,0.057891104905283784,1.139996942965116,2.2025803298251807,91,2544.0,1.139996942965116
10885.0,93,2374.0,18.12213740458015,2.0666810661686243,93,93,2340.0,0.05958250810924694,1.1763904137150647,2.0666810661686243,93,2340.0,1.1763904137150647
10890.0,93,2211.0,17.13953488372093,1.9600423122214976,93,93,2211.0,0.06259163059006596,1.1913058124460756,1.9600423122214976,93,2211.0,1.1913058124460756
10895.0,91,2050.0,16.015625,1.9311285654979264,91,91,2050.0,0.05811156036375128,1.16740407668129,1.9311285654979264,91,2050.0,1.16740407668129
10900.0,96,2239.0,17.356589147286822,1.6070206383352164,96,96,2191.0,0.051394254359079954,0.9760751152666484,1.6070206383352164,96,2191.0,0.9760751152666484
10905.0,101,2483.0,18.954198473282442,1.707324436972656,101,101,2483.0,0.05493102389976382,1.0147728415867372,1.707324436972656,101,2483.0,1.0147728415867372
10910.0,101,2704.0,20.641221374045802,1.4562254661953962,101,101,2704.0,0.03823875023058162,0.746326300899025,1.4562254661953962,101,2704.0,0.746326300899025
10915.0,104,2965.0,22.633587786259543,1.386436678532176,104,104,2946.0,0.035425004991625625,0.7024276236857023,1.386436678532176,104,2946.0,0.7024276236857023
10920.0,105,3240.0,25.11627906976744,1.441235952745032,105,105,3240.0,0.04437840249525338,0.8553780369088377,1.441235952745032,105,3240.0,0.8553780369088377
10925.0,102,3464.0,26.442748091603054,1.3173739017791841,102,102,3464.0,0.038411031646804476,0.7578324075572173,1.3173739017791841,102,3464.0,0.7578324075572173
10930.0,98,3638.0,27.770992366412212,1.6726204020676843,98,98,3625.0,0.05338370122159737,1.0115316321050314,1.6726204020676843,98,3625.0,1.0115316321050314
10935.0,94,3789.0,28.48872180451128,2.005689105868042,94,94,3789.0,0.06242814972996313,1.1737964776502874,2.005689105868042,94,3789.0,1.1737964776502874
10940.0,93,3923.0,29.49624060150376,2.1101333191210836,92,93,3922.0,0.06006409001734863,1.1565339801679773,2.1101333191210836,92,3922.0,1.1565339801679773
10945.0,94,4057.0,30.276119402985074,2.2643667750385656,94,94,4056.0,0.06314344872693438,1.2463197816307114,2.2643667750385656,94,4056.0,1.2463197816307114
10950.0,93,4194.0,31.29850746268657,2.2647831723622636,93,93,4194.0,0.061307191204726046,1.1812306881407062,2.2647831723622636,93,4194.0,1.1812306881407062
10955.0,90,4285.0,32.70992366412214,2.092107207777087,90,90,4285.0,0.062173164973732674,1.2146274586522436,2.092107207777087,90,4285.0,1.2146274586522436
10960.0,88,4398.0,33.57251908396947,1.939475232208657,88,88,4385.0,0.058355116061425065,1.0952796453316633,1.939475232208657,88,4385.0,1.0952796453316633
10965.0,89,4693.0,35.82442748091603,2.1479703236427627,89,89,4693.0,0.07154203599004724,1.3039631187210239,2.1479703236427627,89,4693.0,1.3039631187210239
10970.0,89,4987.0,37.49624060150376,2.1894989055779353,89,89,4987.0,0.06748655773487697,1.27261728565948,2.1894989055779353,89,4987.0,1.27261728565948
10975.0,87,4931.0,37.07518796992481,2.2077813370653083,87,87,4931.0,0.07391532615480863,1.3619285759890045,2.2077813370653083,87,4931.0,1.3619285759890045
10980.0,84,4631.0,34.81954887218045,2.3568936323763916,84,84,4518.0,0.0721365567221633,1.3643777543658802,2.3568936323763916,84,4518.0,1.3643777543658802
10985.0,82,4322.0,32.01481481481481,2.5283259730467207,82,82,4322.0,0.08396376474496679,1.5315554444292088,2.5283259730467207,82,4322.0,1.5315554444292088
10990.0,78,4031.0,30.53787878787879,2.7316830344717755,78,78,4031.0,0.09968825616753907,1.8062638965585498,2.7316830344717755,78,4031.0,1.8062638965585498
10995.0,80,3773.0,27.94814814814815,2.81217754064549,80,80,3773.0,0.09869021913048653,1.759881131237802,2.81217754064549,80,3773.0,1.759881131237802
11000.0,79,3435.0,25.25735294117647,2.7643557993399472,79,79,3435.0,0.09866164220916417,1.819012685858378,2.7643557993399472,79,3435.0,1.819012685858378
11005.0,81,3169.0,22.963768115942027,2.851020478833118,81,81,3132.0,0.09911678064285008,1.8493931309484102,2.851020478833118,81,3132.0,1.8493931309484102
11010.0,82,2924.0,21.18840579710145,2.9778378070048097,82,82,2924.0,0.10160109643849878,1.8854659795357003,2.9778378070048097,82,2924.0,1.8854659795357003
11015.0,80,2565.0,18.860294117647058,3.034586981742965,80,80,2565.0,0.09376701877412977,1.812754516001514,3.034586981742965,80,2565.0,1.812754516001514
11020.0,79,2146.0,15.896296296296295,2.900331515837572,79,79,2108.0,0.08722404883195327,1.6685424982084383,2.900331515837572,79,2108.0,1.6685424982084383
11025.0,79,1789.0,13.251851851851852,3.080563293131402,79,79,1789.0,0.09873000144942291,1.892404567173962,3.080563293131402,79,1789.0,1.892404567173962
11030.0,81,1565.0,11.507352941176471,2.659672886919529,81,81,1565.0,0.07257204560746593,1.4371920281276231,2.659672886919529,81,1565.0,1.4371920281276231
11035.0,79,1533.0,11.272058823529411,2.7966859663150565,79,79,1506.0,0.08380527561252993,1.6122114624591228,2.7966859663150565,79,1506.0,1.6122114624591228
11040.0,80,1586.0,11.576642335766424,2.942171554777512,80,80,1586.0,0.09151668763140995,1.675774694253419,2.942171554777512,80,1586.0,1.675774694253419
11045.0,83,1613.0,11.773722627737227,2.5661934259522203,83,83,1613.0,0.06951598998060768,1.3403900118335659,2.5661934259522203,83,1613.0,1.3403900118335659
11050.0,91,1704.0,12.347826086956522,2.3331122648393303,91,91,1683.0,0.06013254550190344,1.1320408240159936,2.3331122648393303,91,1683.0,1.1320408240159936
11055.0,92,1816.0,13.06474820143885,2.3583084990919363,92,92,1816.0,0.06343821301891342,1.1768299550960264,2.3583084990919363,92,1816.0,1.1768299550960264
11060.0,90,1837.0,13.408759124087592,2.258579030823705,90,90,1837.0,0.06069481763385957,1.1402092803747816,2.258579030823705,90,1837.0,1.1402092803747816
11065.0,87,1777.0,13.162962962962963,2.3742889633593696,87,87,1749.0,0.07131756165787324,1.3687203306836906,2.3742889633593696,87,1749.0,1.3687203306836906
11070.0,81,1693.0,12.634328358208956,2.6306917116329265,81,81,1693.0,0.08466223739675739,1.589445502324434,2.6306917116329265,81,1693.0,1.589445502324434
11075.0,77,1616.0,12.430769230769231,2.6655797757461444,77,77,1616.0,0.0933578629438328,1.7828873755515102,2.6655797757461444,77,1616.0,1.7828873755515102
11080.0,75,1594.0,12.16793893129771,2.72850926859281,75,75,1594.0,0.09748165145487034,1.8792931673685807,2.72850926859281,75,1594.0,1.8792931673685807
11085.0,79,1691.0,12.81060606060606,2.548365923650532,78,79,1690.0,0.08483207639577336,1.622706653308844,2.548365923650532,78,1690.0,1.622706653308844
11090.0,86,1747.0,12.940740740740742,2.4127876537119466,85,86,1708.0,0.07740582666459495,1.4431059946047606,2.4127876537119466,85,1708.0,1.4431059946047606
11095.0,82,1808.0,13.593984962406015,2.5876106383059656,82,82,1806.0,0.08698586754898312,1.5865771411690257,2.5876106383059656,82,1806.0,1.5865771411690257
11100.0,80,1814.0,13.742424242424242,2.5463828515320914,80,80,1814.0,0.07968923813533163,1.5007115413462953,2.5463828515320914,80,1814.0,1.5007115413462953
11105.0,81,1869.0,14.052631578947368,2.663072871854388,81,81,1845.0,0.08249975814401347,1.5541678212097294,2.663072871854388,81,1845.0,1.5541678212097294
11110.0,82,1928.0,14.606060606060606,2.815017825103018,82,82,1928.0,0.09006165529478208,1.6683706413372368,2.815017825103018,82,1928.0,1.6683706413372368
11115.0,80,1519.0,11.507575757575758,2.6885856248480384,80,80,1519.0,0.08090607205309,1.5444428140548034,2.6885856248480384,80,1519.0,1.5444428140548034
11120.0,80,1530.0,11.679389312977099,2.8351909829803534,80,80,1319.0,0.08757375448743644,1.6739278313107229,2.8351909829803534,80,1319.0,1.6739278313107229
11125.0,83,1634.0,12.378787878787879,2.856407538460943,83,83,1634.0,0.094606780367733,1.7749682512108558,2.856407538460943,83,1634.0,1.7749682512108558
11130.0,85,1762.0,13.348484848484848,2.6345749114101373,85,85,1762.0,0.07896926447909111,1.4875963783664647,2.6345749114101373,85,1762.0,1.4875963783664647
11135.0,86,1878.0,14.014925373134329,2.6719033754384665,86,86,1850.0,0.07301272053236812,1.3907329419570968,2.6719033754384665,86,1850.0,1.3907329419570968
11140.0,90,2160.0,16.119402985074625,2.408466595660019,90,90,2160.0,0.0681035518236045,1.2087838922504313,2.408466595660019,90,2160.0,1.2087838922504313
11145.0,92,2415.0,18.295454545454547,2.1077109689372135,92,92,2415.0,0.05303809345597135,0.973881905308897,2.1077109689372135,92,2415.0,0.973881905308897
11150.0,95,2736.0,20.571428571428573,2.033505085242159,95,95,2710.0,0.052974928122289516,0.9380525754163088,2.033505085242159,95,2710.0,0.9380525754163088
11155.0,98,3066.0,23.227272727272727,1.9337587020465514,98,98,3066.0,0.05472744510921583,0.9474255877244463,1.9337587020465514,98,3066.0,0.9474255877244463
11160.0,98,3387.0,25.466165413533833,1.9884513343511185,98,98,3387.0,0.04743872237246151,0.8667844559036414,1.9884513343511185,98,3387.0,0.8667844559036414
11165.0,101,3735.0,27.87313432835821,1.812336599982299,101,101,3718.0,0.0399153792020561,0.763148701047341,1.812336599982299,101,3718.0,0.763148701047341
11170.0,105,4102.0,30.842105263157894,1.6904919781711811,105,105,4102.0,0.04407846731838293,0.8080482985593416,1.6904919781711811,105,4102.0,0.8080482985593416
11175.0,104,4466.0,33.578947368421055,1.606128473213898,104,104,4466.0,0.042086743696252156,0.8242519813177922,1.606128473213898,104,4466.0,0.8242519813177922
11180.0,105,4893.0,37.06818181818182,1.6018268672958642,105,105,4887.0,0.04754401716391745,0.8758773189249216,1.6018268672958642,105,4887.0,0.8758773189249216
11185.0,112,5433.0,40.849624060150376,1.5504443360049045,112,112,5433.0,0.05009736965362529,0.9055088555859233,1.5504443360049045,112,5433.0,0.9055088555859233
11190.0,115,5998.0,45.097744360902254,1.4534011493704397,115,115,5998.0,0.03547890557185163,0.6700563614568769,1.4534011493704397,115,5998.0,0.6700563614568769
11195.0,116,6576.0,49.81818181818182,1.380987562523028,116,116,6576.0,0.028209785419573502,0.5545466434409234,1.380987562523028,116,6576.0,0.5545466434409234
11200.0,117,7158.0,55.06153846153846,0.9945310792550052,117,117,7158.0,0.024391511949737266,0.44588881553263227,0.9945310792550052,117,7158.0,0.44588881553263227
11205.0,117,7738.0,60.453125,0.8629469152486662,117,117,7738.0,0.019978604840020064,0.3881101182687088,0.8629469152486662,117,7738.0,0.3881101182687088
11210.0,117,8323.0,64.51937984496124,0.8526969559909563,117,117,8321.0,0.026890466204297157,0.46489639175081715,0.8526969559909563,117,8321.0,0.46489639175081715
11215.0,117,8908.0,69.59375,0.7651804640531177,117,117,8908.0,0.02665675521813633,0.4736302627185605,0.7651804640531177,117,8908.0,0.4736302627185605
11220.0,118,9497.0,74.1953125,0.8570134395755573,118,118,9497.0,0.023096352980051953,0.42714617467202187,0.8570134395755573,118,9497.0,0.42714617467202187
11225.0,116,9665.0,73.77862595419847,0.9030037216658341,116,116,9665.0,0.022005895603400643,0.4253260726748443,0.9030037216658341,116,9665.0,0.4253260726748443
11230.0,112,9539.0,72.81679389312977,1.1479918708528971,112,112,9402.0,0.03511934330877929,0.6648099436425805,1.1479918708528971,112,9402.0,0.6648099436425805
11235.0,107,9389.0,71.12878787878788,1.3735376973406677,107,107,9389.0,0.049295158805659135,0.9014854082582806,1.3735376973406677,107,9389.0,0.9014854082582806
11240.0,104,8935.0,68.20610687022901,1.3864522653031395,104,104,8935.0,0.04340096825651473,0.8402514583588718,1.3864522653031395,104,8935.0,0.8402514583588718
11245.0,101,8270.0,62.65151515151515,1.6277480480995354,101,101,8177.0,0.05338109078819998,1.0028458861488752,1.6277480480995354,101,8177.0,1.0028458861488752
11250.0,95,7583.0,57.446969696969695,1.9637121878808435,95,95,7583.0,0.06542879755956738,1.23581082101026,1.9637121878808435,95,7583.0,1.23581082101026
11255.0,91,6826.0,52.10687022900763,1.971344618997296,91,91,6826.0,0.06450561202077638,1.221226855783793,1.971344618997296,91,6826.0,1.221226855783793
11260.0,91,6111.0,46.64885496183206,1.8547161675403108,91,91,6085.0,0.057716225977135625,1.1021183007940154,1.8547161675403108,91,6085.0,1.1021183007940154
11265.0,93,5406.0,41.267175572519086,2.001737262519855,93,93,5406.0,0.06438077265919465,1.1993054308604993,2.001737262519855,93,5406.0,1.1993054308604993
11270.0,92,4691.0,35.27067669172932,1.9244129995490014,92,92,4691.0,0.05104403715528104,0.9827881673085245,1.9244129995490014,92,4691.0,0.9827881673085245
11275.0,94,3989.0,30.21969696969697,1.9430339817007292,94,94,3984.0,0.05317785130748864,0.9927496700968056,1.9430339817007292,94,3984.0,0.9927496700968056
11280.0,94,3295.0,24.96212121212121,2.0289781658944954,94,94,3295.0,0.05647129702963532,1.083175359457478,2.0289781658944954,94,3295.0,1.083175359457478
11285.0,94,2637.0,19.977272727272727,1.7238661777107764,94,94,2637.0,0.04638109987490749,0.9285520233970191,1.7238661777107764,94,2637.0,0.9285520233970191
11290.0,95,2267.0,17.30534351145038,1.81867445921716,95,95,2257.0,0.0588555049220042,1.1324482876664654,1.81867445921716,95,2257.0,1.1324482876664654
11295.0,101,2657.0,19.828358208955223,1.6654144984067896,101,101,2657.0,0.05146927270122807,0.9852016129032353,1.6654144984067896,101,2657.0,0.9852016129032353
11300.0,108,3005.0,22.425373134328357,1.5002266339473929,108,108,3005.0,0.04124461656706322,0.831733759028217,1.5002266339473929,108,3005.0,0.831733759028217
11305.0,111,3245.0,24.21641791044776,1.3164457479535272,111,111,3187.0,0.037923408309268526,0.7135663848929742,1.3164457479535272,111,3187.0,0.7135663848929742
11310.0,108,3485.0,25.814814814814813,1.589388905919548,108,108,3485.0,0.051641821319670655,0.9258787844016952,1.589388905919548,108,3485.0,0.9258787844016952
11315.0,104,3535.0,26.380597014925375,1.6652326886707378,104,104,3535.0,0.049630864279232266,0.9331028530271973,1.6652326886707378,104,3535.0,0.9331028530271973
11320.0,100,3442.0,25.8796992481203,1.4883412774974192,100,100,3384.0,0.045424154997853204,0.8456877995304397,1.4883412774974192,100,3384.0,0.8456877995304397
11325.0,97,3336.0,25.082706766917294,1.813840784068345,97,97,3336.0,0.06022555855700451,1.0870086886965373,1.813840784068345,97,3336.0,1.0870086886965373
11330.0,93,3176.0,23.525925925925925,1.9095966447250232,93,93,3176.0,0.059634454764971125,1.1127693234641107,1.9095966447250232,93,3176.0,1.1127693234641107
11335.0,94,3044.0,22.887218045112782,1.9111955333266781,94,94,3025.0,0.056058849678457354,1.066263626798787,1.9111955333266781,94,3025.0,1.066263626798787
11340.0,94,2914.0,21.909774436090224,2.036514445390304,94,94,2914.0,0.05315312227008456,0.9955513666778588,2.036514445390304,94,2914.0,0.9955513666778588
11345.0,95,2786.0,20.485294117647058,1.9391284914139197,95,95,2786.0,0.0532164583910866,0.9840713909522255,1.9391284914139197,95,2786.0,0.9840713909522255
11350.0,92,2550.0,19.029850746268657,2.0592179895015765,92,92,2550.0,0.054380364142646666,1.0679883414677767,2.0592179895015765,92,2550.0,1.0679883414677767
11355.0,88,2221.0,16.330882352941178,2.27360633820521,88,88,2188.0,0.0650605571115009,1.2531181773664224,2.27360633820521,88,2188.0,1.2531181773664224
11360.0,84,1876.0,14.0,2.4804019594711435,84,84,1876.0,0.08186850614035382,1.5424049709832597,2.4804019594711435,84,1876.0,1.5424049709832597
11365.0,82,1485.0,11.0,2.421935681824262,82,82,1485.0,0.07197739573447272,1.4303730270306378,2.421935681824262,82,1485.0,1.4303730270306378
11370.0,82,1367.0,10.278195488721805,2.4319477277391606,82,82,1334.0,0.07697553607537393,1.4930045954903979,2.4319477277391606,82,1334.0,1.4930045954903979
11375.0,86,1432.0,10.848484848484848,2.3727865884611345,86,86,1432.0,0.08097844511123856,1.5456578262795528,2.3727865884611345,86,1432.0,1.5456578262795528
11380.0,89,1483.0,11.150375939849624,1.9139391647577657,89,89,1483.0,0.05892384458421277,1.119983111908292,1.9139391647577657,89,1483.0,1.119983111908292
11385.0,93,1592.0,11.880597014925373,2.062887981289358,93,93,1574.0,0.057952183327581355,1.1090318389730534,2.062887981289358,93,1574.0,1.1090318389730534
11390.0,94,1712.0,12.681481481481482,2.051838626709322,94,94,1712.0,0.06220871930561268,1.1344674247399817,2.051838626709322,94,1712.0,1.1344674247399817
11395.0,92,1739.0,12.977611940298507,1.9822421154430427,92,92,1739.0,0.0557408233258704,1.0556413998476022,1.9822421154430427,92,1739.0,1.0556413998476022
11400.0,87,1684.0,12.661654135338345,2.2130452693019205,87,87,1656.0,0.06579627157920337,1.2129605120390248,2.2130452693019205,87,1656.0,1.2129605120390248
11405.0,84,1609.0,11.91851851851852,2.376107682070573,84,84,1609.0,0.0747671031569524,1.368518019314448,2.376107682070573,84,1609.0,1.368518019314448
11410.0,79,1426.0,10.803030303030303,2.3611912700550994,79,79,1426.0,0.07402191533432782,1.4536396673748213,2.3611912700550994,79,1426.0,1.4536396673748213
11415.0,77,1217.0,9.150375939849624,2.356623559977769,77,77,1189.0,0.07642733749839549,1.4595016424153011,2.356623559977769,77,1189.0,1.4595016424153011
11420.0,77,1187.0,8.85820895522388,2.663328113915825,77,77,1187.0,0.09161101087290256,1.717738930550896,2.663328113915825,77,1187.0,1.717738930550896
11425.0,84,1140.0,8.444444444444445,2.408786817980768,84,84,1140.0,0.07557776276384291,1.4709335527646308,2.408786817980768,84,1140.0,1.4709335527646308
11430.0,90,1274.0,9.507462686567164,2.095318482805426,90,90,1175.0,0.06403542673949945,1.2236297002417857,2.095318482805426,90,1175.0,1.2236297002417857
11435.0,93,1434.0,10.622222222222222,2.1323386332901717,93,93,1434.0,0.0634921080858033,1.2247693527353247,2.1323386332901717,93,1434.0,1.2247693527353247
11440.0,92,1529.0,11.16058394160584,2.017347380355158,92,92,1529.0,0.046823523381113535,0.9415794814806423,2.017347380355158,92,1529.0,0.9415794814806423
11445.0,93,1691.0,12.525925925925925,2.116721889620334,93,93,1658.0,0.05619291055716202,1.0938338789249054,2.116721889620334,93,1658.0,1.0938338789249054
11450.0,93,1856.0,13.748148148148148,2.0781211520489236,93,93,1856.0,0.0565342911362932,1.0877741046832,2.0781211520489236,93,1856.0,1.0877741046832
11455.0,91,1930.0,14.296296296296296,2.1200326479302354,91,91,1930.0,0.05316941969582018,1.0318512277213627,2.1200326479302354,91,1930.0,1.0318512277213627
11460.0,87,1974.0,14.954545454545455,2.3215445183881176,87,87,1946.0,0.06678924345522537,1.2687675983502944,2.3215445183881176,87,1946.0,1.2687675983502944
11465.0,89,2201.0,16.425373134328357,2.3408334012745873,89,89,2201.0,0.07290064937905939,1.341813891239639,2.3408334012745873,89,2201.0,1.341813891239639
11470.0,97,2516.0,19.060606060606062,1.9181741261181824,97,97,2516.0,0.0548352755640983,1.0600757052188539,1.9181741261181824,97,2516.0,1.0600757052188539
11475.0,102,2865.0,21.380597014925375,1.7901625164447406,102,102,2865.0,0.0441808979276604,0.8602868037204984,1.7901625164447406,102,2865.0,0.8602868037204984
11480.0,105,3232.0,24.30075187969925,1.6608357344274716,105,105,3232.0,0.044358220079466215,0.8564647807391875,1.6608357344274716,105,3232.0,0.8564647807391875
11485.0,105,3561.0,26.377777777777776,1.7581280504759356,105,105,3561.0,0.04415834977193175,0.8651804711938033,1.7581280504759356,105,3561.0,0.8651804711938033
11490.0,100,3840.0,28.444444444444443,1.9131663462378978,100,100,3827.0,0.052113401753419934,0.9897834313843519,1.9131663462378978,100,3827.0,0.9897834313843519
11495.0,95,4100.0,30.827067669172934,2.087908338759899,95,95,4100.0,0.06830076016089293,1.2600565515885571,2.087908338759899,95,4100.0,1.2600565515885571
11500.0,93,4330.0,32.3134328358209,1.8694221977520775,93,93,4330.0,0.05198744740989333,0.9809294839691048,1.8694221977520775,93,4330.0,0.9809294839691048
11505.0,94,4579.0,34.954198473282446,1.8383651582931384,94,94,4571.0,0.05996838647913572,1.0800877176844415,1.8383651582931384,94,4571.0,1.0800877176844415
11510.0,97,4958.0,37.278195488721806,1.8813556729793983,97,97,4958.0,0.06322774564602891,1.0850809604004417,1.8813556729793983,97,4958.0,1.0850809604004417
11515.0,100,5291.0,40.083333333333336,1.7002338461550923,100,100,5291.0,0.04680079193868394,0.8320794347520762,1.7002338461550923,100,5291.0,0.8320794347520762
11520.0,103,5728.0,43.725190839694655,1.7043048112032215,103,103,5658.0,0.04602681983455729,0.8246419876726132,1.7043048112032215,103,5658.0,0.8246419876726132
11525.0,103,6168.0,47.083969465648856,1.4990487470171632,103,103,6168.0,0.04389302639516197,0.7997722993708507,1.4990487470171632,103,6168.0,0.7997722993708507
11530.0,104,6612.0,50.86153846153846,1.5281204768872603,104,104,6612.0,0.039545076714906285,0.7577782464796782,1.5281204768872603,104,6612.0,0.7577782464796782
11535.0,105,7081.0,53.64393939393939,1.6873627448160415,105,105,7081.0,0.04220654479986337,0.8116115702479346,1.6873627448160415,105,7081.0,0.8116115702479346
11540.0,110,7621.0,58.17557251908397,1.5197645097526267,110,110,7621.0,0.04545840526987118,0.8208148880312517,1.5197645097526267,110,7621.0,0.8208148880312517
11545.0,117,8186.0,62.48854961832061,1.2389842455170093,117,117,8186.0,0.03082157921276267,0.5736401927595953,1.2389842455170093,117,8186.0,0.5736401927595953
11550.0,115,8761.0,67.3923076923077,1.2710687624490509,115,115,8761.0,0.03372753596221836,0.6493479346925738,1.2710687624490509,115,8761.0,0.6493479346925738
11555.0,116,9339.0,72.3953488372093,1.1712857291026446,116,116,9339.0,0.028604471091800948,0.5521145564237587,1.1712857291026446,116,9339.0,0.5521145564237587
11560.0,117,9921.0,76.90697674418605,0.9347720786783689,117,117,9921.0,0.02568529665404594,0.45763057723601785,0.9347720786783689,117,9921.0,0.45763057723601785
11565.0,117,10501.0,82.0390625,0.8667269885100832,117,117,10501.0,0.02528432245392415,0.4507259098363131,0.8667269885100832,117,10501.0,0.4507259098363131
11570.0,117,11086.0,85.93798449612403,0.9042622294059434,117,117,11084.0,0.02069695256814808,0.39674796747967483,0.9042622294059434,117,11084.0,0.39674796747967483
11575.0,117,11671.0,91.1796875,0.7836292965466949,117,117,11671.0,0.021821473258348528,0.42192428092644196,0.7836292965466949,117,11671.0,0.42192428092644196
11580.0,118,12261.0,95.7890625,0.8736147080475585,118,118,12261.0,0.022226144164609014,0.4452614642858184,0.8736147080475585,118,12261.0,0.4452614642858184
11585.0,118,12851.0,98.09923664122137,0.8936821540707098,118,118,12851.0,0.019624079003323833,0.3878151421648383,0.8936821540707098,118,12851.0,0.3878151421648383
11590.0,116,12899.0,98.46564885496183,0.9931219025089285,116,116,12899.0,0.024659239769393777,0.47630144413365544,0.9931219025089285,116,12899.0,0.47630144413365544
11595.0,111,12564.0,95.90839694656489,1.1042234999717904,111,111,12386.0,0.03674332020614272,0.6873069558458994,1.1042234999717904,111,12386.0,0.6873069558458994
11600.0,108,12210.0,93.92307692307692,1.3306685295788865,108,108,12210.0,0.05078120945156311,0.9092832401061761,1.3306685295788865,108,12210.0,0.9092832401061761
11605.0,105,11520.0,87.27272727272727,1.422332621810542,105,105,11520.0,0.04601818206085707,0.8757582969272631,1.422332621810542,105,11520.0,0.8757582969272631
11610.0,100,10600.0,80.3030303030303,1.6592131995521757,100,100,10497.0,0.053144803028223636,0.9837756803189649,1.6592131995521757,100,10497.0,0.9837756803189649
11615.0,95,9660.0,73.74045801526718,1.9703061652365403,95,95,9660.0,0.06824726212168926,1.2690114828586427,1.9703061652365403,95,9660.0,1.2690114828586427
11620.0,92,8665.0,65.64393939393939,1.7604843703107138,92,92,8665.0,0.05607891622446053,1.0433598515027613,1.7604843703107138,92,8665.0,1.0433598515027613
11625.0,93,7705.0,58.371212121212125,1.9628608983461178,93,93,7686.0,0.0584895116689481,1.088531424378411,1.9628608983461178,93,7686.0,1.088531424378411
11630.0,93,6745.0,51.09848484848485,2.012910521459638,93,93,6745.0,0.06361701830476126,1.1608663823170966,2.012910521459638,93,6745.0,1.1608663823170966
11635.0,91,5692.0,43.121212121212125,1.913371830672868,91,91,5692.0,0.05631311711886287,1.0716183520895508,1.913371830672868,91,5692.0,1.0716183520895508
11640.0,86,4557.0,34.52272727272727,2.172978294157331,86,86,4529.0,0.06145536628191874,1.1895460281475376,2.172978294157331,86,4529.0,1.1895460281475376
11645.0,82,3400.0,25.37313432835821,2.390402176881284,82,82,3400.0,0.07670317346193854,1.4015422382368767,2.390402176881284,82,3400.0,1.4015422382368767
11650.0,78,2137.0,16.189393939393938,2.4528570138205454,78,78,2137.0,0.07947789167018433,1.4838246742614183,2.4528570138205454,78,2137.0,1.4838246742614183
11655.0,76,1132.0,8.575757575757576,2.40203558716212,76,76,1104.0,0.07902775651656177,1.4755250287951245,2.40203558716212,76,1104.0,1.4755250287951245
11660.0,76,1087.0,8.172932330827068,2.711893854939131,76,76,1087.0,0.09212710308334147,1.735969473239571,2.711893854939131,76,1087.0,1.735969473239571
11665.0,83,1153.0,8.604477611940299,2.436527857960195,83,83,1153.0,0.07837863649908189,1.4778244895876753,2.436527857960195,83,1153.0,1.4778244895876753
11670.0,89,1278.0,9.609022556390977,2.1348167779724143,89,89,1260.0,0.06401085396127942,1.2016425779270405,2.1348167779724143,89,1260.0,1.2016425779270405
11675.0,91,1428.0,10.656716417910447,2.28002233659328,91,91,1428.0,0.06896078678343363,1.2800042999612664,2.28002233659328,91,1428.0,1.2800042999612664
11680.0,90,1537.0,11.470149253731343,2.0617984471114856,90,90,1537.0,0.048483899944251535,0.9501752152935962,2.0617984471114856,90,1537.0,0.9501752152935962
11685.0,86,1602.0,12.136363636363637,2.205071923114939,86,86,1589.0,0.06221516319759583,1.1596504033338204,2.205071923114939,86,1589.0,1.1596504033338204
11690.0,81,1642.0,12.253731343283581,2.4769726951087194,81,81,1642.0,0.07543969470725786,1.3870968225245341,2.4769726951087194,81,1642.0,1.3870968225245341
11695.0,79,1665.0,12.613636363636363,2.4098543979262916,79,79,1665.0,0.07064516122860595,1.338961574608559,2.4098543979262916,79,1665.0,1.338961574608559
11700.0,81,1744.0,13.212121212121213,2.6039140257474336,81,81,1744.0,0.07372630749916072,1.4299701663115187,2.6039140257474336,81,1744.0,1.4299701663115187
11705.0,88,2034.0,15.17910447761194,2.3603081708711193,88,88,2034.0,0.06803646566067366,1.2979449996242514,2.3603081708711193,88,2034.0,1.2979449996242514
11710.0,97,2307.0,17.477272727272727,1.9440003076076884,97,97,2307.0,0.0516109322644047,1.01661668764251,1.9440003076076884,97,2307.0,1.01661668764251
11715.0,102,2731.0,20.533834586466167,1.6690597187221201,102,102,2644.0,0.04706036065483839,0.8836328857712332,1.6690597187221201,102,2644.0,0.8836328857712332
11720.0,106,3178.0,24.075757575757574,1.5223766767672342,106,106,3178.0,0.049366115581681524,0.9072321046844998,1.5223766767672342,106,3178.0,0.9072321046844998
11725.0,105,3542.0,26.833333333333332,1.4999789606456873,105,105,3542.0,0.04025990758458319,0.8176238248096029,1.4999789606456873,105,3542.0,0.8176238248096029
11730.0,101,3831.0,29.244274809160306,1.5107124470349942,101,101,3803.0,0.050789150082033205,0.9622016626165886,1.5107124470349942,101,3803.0,0.9622016626165886
11735.0,100,4180.0,31.908396946564885,1.7645638786905393,100,100,4180.0,0.06172844283138381,1.1550122099078732,1.7645638786905393,100,4180.0,1.1550122099078732
11740.0,102,4470.0,33.86363636363637,1.4174774062444109,102,102,4470.0,0.039801843730159985,0.748442160119793,1.4174774062444109,102,4470.0,0.748442160119793
11745.0,102,4827.0,37.13076923076923,1.4900569558896541,102,102,4801.0,0.04718315521302601,0.8576221340583473,1.4900569558896541,102,4801.0,0.8576221340583473
11750.0,104,5192.0,39.93846153846154,1.4851146649244038,104,104,5192.0,0.05268067850697407,0.9246080919493481,1.4851146649244038,104,5192.0,0.9246080919493481
11755.0,103,5542.0,42.63076923076923,1.441709771601189,102,103,5541.0,0.03815590035644799,0.7011875869149162,1.441709771601189,102,5541.0,0.7011875869149162
11760.0,103,5906.0,45.43076923076923,1.6245324760816195,103,103,5895.0,0.04112080131263051,0.7646144016256278,1.6245324760816195,103,5895.0,0.7646144016256278
11765.0,104,6272.0,47.515151515151516,1.5770089055598457,104,104,6272.0,0.038041812488271994,0.7554406372032447,1.5770089055598457,104,6272.0,0.7554406372032447
11770.0,104,6639.0,50.29545454545455,1.5972006796076097,104,104,6639.0,0.038830237993640895,0.7796563107522986,1.5972006796076097,104,6639.0,0.7796563107522986
11775.0,105,7081.0,53.2406015037594,1.6458747306052894,105,105,7080.0,0.04801124897256329,0.8913234881394272,1.6458747306052894,105,7080.0,0.8913234881394272
11780.0,110,7621.0,57.30075187969925,1.5652518658921584,110,110,7621.0,0.04347954027711784,0.7933353452640727,1.5652518658921584,110,7621.0,0.7933353452640727
11785.0,116,8186.0,61.08955223880597,1.4427266307861615,116,116,8186.0,0.028392846465459202,0.5428747307622596,1.4427266307861615,116,8186.0,0.5428747307622596
11790.0,116,8765.0,66.40151515151516,1.3241151448110067,116,116,8765.0,0.030457218139149967,0.5723198443052413,1.3241151448110067,116,8765.0,0.5723198443052413
11795.0,117,9348.0,71.9076923076923,1.1687402537204146,117,117,9348.0,0.03001936506736204,0.5659152012612643,1.1687402537204146,117,9348.0,0.5659152012612643
11800.0,117,9919.0,76.3,0.9063026456460535,117,117,9919.0,0.01997733241415727,0.36711056391359026,0.9063026456460535,117,9919.0,0.36711056391359026
11805.0,117,10501.0,82.68503937007874,0.7438604721736675,117,117,10492.0,0.024827196080409494,0.4486787707110408,0.7438604721736675,117,10492.0,0.4486787707110408
11810.0,117,11086.0,85.93798449612403,0.843110726573577,117,117,11086.0,0.023792388044579182,0.43209677419354814,0.843110726573577,117,11086.0,0.43209677419354814
11815.0,117,11671.0,91.1796875,0.9010481457157711,117,117,11671.0,0.028904143701318986,0.5423426910944598,0.9010481457157711,117,11671.0,0.5423426910944598
11820.0,115,11742.0,91.734375,0.9749116401692097,115,115,11742.0,0.024501827823803855,0.4861582727654424,0.9749116401692097,115,11742.0,0.4861582727654424
11825.0,111,11453.0,87.42748091603053,1.0894251008932987,111,111,11285.0,0.032772041107664365,0.5996064195834492,1.0894251008932987,111,11285.0,0.5996064195834492
11830.0,107,11147.0,85.09160305343511,1.4426158935943363,107,107,11147.0,0.0501507539296713,0.8936845205556663,1.4426158935943363,107,11147.0,0.8936845205556663
11835.0,103,10533.0,80.40458015267176,1.3602035046506888,103,103,10533.0,0.0428664307654685,0.8078531356263817,1.3602035046506888,103,10533.0,0.8078531356263817
11840.0,99,9710.0,74.12213740458016,1.655552146474239,99,99,9617.0,0.0525861192117155,0.9821937742337373,1.655552146474239,99,9617.0,0.9821937742337373
11845.0,96,8865.0,66.65413533834587,2.001320464870221,96,96,8865.0,0.06823946846956191,1.259007458632375,2.001320464870221,96,8865.0,1.259007458632375
11850.0,91,7960.0,60.303030303030305,1.989039354703303,91,91,7960.0,0.0641266562564808,1.235870301382578,1.989039354703303,91,7960.0,1.235870301382578
11855.0,91,7090.0,54.12213740458015,2.1042662268867396,91,91,7069.0,0.06580729061144519,1.255829948185643,2.1042662268867396,91,7069.0,1.255829948185643
11860.0,92,6222.0,47.13636363636363,1.9751301806187007,92,92,6222.0,0.060644088288665514,1.1381237892863894,1.9751301806187007,92,6222.0,1.1381237892863894
11865.0,93,5362.0,40.93129770992366,1.9245658745940102,93,93,5362.0,0.057296739235490314,1.0946131157560735,1.9245658745940102,93,5362.0,1.0946131157560735
11870.0,92,4490.0,33.7593984962406,1.9537810920554912,92,92,4490.0,0.048984445619321575,0.9667274661815808,1.9537810920554912,92,4490.0,0.9667274661815808
11875.0,94,3633.0,27.522727272727273,1.9629957884348028,94,94,3626.0,0.05362072080447741,1.014239773677352,1.9629957884348028,94,3626.0,1.014239773677352
11880.0,94,2780.0,21.221374045801525,1.9006005182362942,94,94,2780.0,0.053077907141402446,1.0237777855924772,1.9006005182362942,94,2780.0,1.0237777855924772
11885.0,94,2110.0,15.864661654135338,1.8127779007602864,94,94,2110.0,0.04994038673855231,0.9298025231679309,1.8127779007602864,94,2110.0,0.9298025231679309
11890.0,95,2249.0,17.16793893129771,1.8049742090637237,95,95,2201.0,0.06162033499299136,1.1146140725632425,1.8049742090637237,95,2201.0,1.1146140725632425
11895.0,100,2488.0,18.42962962962963,1.8184259464619064,100,100,2488.0,0.060210703144179395,1.0764264095517984,1.8184259464619064,100,2488.0,1.0764264095517984
11900.0,102,2593.0,19.643939393939394,1.5166169304243404,102,102,2593.0,0.046916047377904516,0.8935812405796751,1.5166169304243404,102,2593.0,0.8935812405796751
11905.0,101,2593.0,19.350746268656717,1.650756754186636,101,101,2545.0,0.05243780257349305,0.9978936393833704,1.650756754186636,101,2545.0,0.9978936393833704
11910.0,97,2583.0,19.42105263157895,1.8710043471383977,97,97,2583.0,0.06392619477641998,1.2066512606532702,1.8710043471383977,97,2583.0,1.2066512606532702
11915.0,95,2559.0,19.53435114503817,1.8195746372809096,95,95,2559.0,0.06443262605696023,1.2122150771060052,1.8195746372809096,95,2559.0,1.2122150771060052
11920.0,96,2537.0,19.075187969924812,1.7531515500535828,96,96,2537.0,0.046818192735137494,0.9205150476145179,1.7531515500535828,96,2537.0,0.9205150476145179
11925.0,97,2522.0,19.106060606060606,1.7686056866956363,97,97,2522.0,0.05045102367974626,0.9718678932757949,1.7686056866956363,97,2522.0,0.9718678932757949
11930.0,95,2365.0,17.649253731343283,1.73973867148918,95,95,2365.0,0.04759578503234863,0.9228149675581525,1.73973867148918,95,2365.0,0.9228149675581525
11935.0,93,2290.0,17.08955223880597,1.9143973386719015,93,93,2235.0,0.058162362676583756,1.095481634224816,1.9143973386719015,93,2235.0,1.095481634224816
11940.0,93,2255.0,16.828358208955223,2.108652521646277,93,93,2255.0,0.065404184477146,1.2313305478361942,2.108652521646277,93,2255.0,1.2313305478361942
11945.0,94,2224.0,16.597014925373134,1.960182722445977,94,94,2224.0,0.06104371553077012,1.0947912606811467,1.960182722445977,94,2224.0,1.0947912606811467
11950.0,95,2268.0,17.181818181818183,1.9318006829295167,95,95,2268.0,0.059964306594110235,1.124143538842557,1.9318006829295167,95,2268.0,1.124143538842557
11955.0,99,2487.0,18.42222222222222,1.7945993178413924,99,99,2487.0,0.04211042579494365,0.8246549577669459,1.7945993178413924,99,2487.0,0.8246549577669459
11960.0,104,2721.0,20.30597014925373,1.6902795435155735,104,104,2668.0,0.049128640443535126,0.9245264218682724,1.6902795435155735,104,2668.0,0.9245264218682724
11965.0,107,2966.0,21.97037037037037,1.6150292653590799,107,107,2966.0,0.053241415378182444,0.9344240017632037,1.6150292653590799,107,2966.0,0.9344240017632037
11970.0,104,3046.0,22.562962962962963,1.5796659360305205,104,104,3046.0,0.045396425559566286,0.8424300609383572,1.5796659360305205,104,3046.0,0.8424300609383572
11975.0,100,3006.0,22.266666666666666,1.874703963237353,100,100,2953.0,0.054566315052273884,1.0189813731509136,1.874703963237353,100,2953.0,1.0189813731509136
11980.0,96,2943.0,21.48175182481752,2.1149021214038526,96,96,2943.0,0.06591487746486699,1.1854875850957851,2.1149021214038526,96,2943.0,1.1854875850957851
11985.0,92,2812.0,20.82962962962963,2.0319672873561694,92,92,2812.0,0.059868214323952715,1.1486909139551629,2.0319672873561694,92,2812.0,1.1486909139551629
11990.0,93,2727.0,19.905109489051096,2.094071808759015,93,93,2701.0,0.05669839773452781,1.0676643910951664,2.094071808759015,93,2701.0,1.0676643910951664
11995.0,94,2645.0,19.59259259259259,2.1019901403294154,94,94,2645.0,0.06124263630570474,1.1423323258517548,2.1019901403294154,94,2645.0,1.1423323258517548
12000.0,91,2469.0,18.704545454545453,1.9986410568289934,91,91,2469.0,0.056986570356756326,1.0796830968651534,1.9986410568289934,91,2469.0,1.0796830968651534
12005.0,88,2214.0,16.4,2.1566635025928953,88,88,2186.0,0.06028086969995286,1.11594271617728,2.1566635025928953,88,2186.0,1.11594271617728
12010.0,83,1939.0,14.362962962962962,2.550487546851773,83,83,1939.0,0.08378872940703597,1.4906649238762466,2.550487546851773,83,1939.0,1.4906649238762466
12015.0,79,1642.0,12.253731343283581,2.5764516968062603,79,79,1642.0,0.08555341461710585,1.5733010881610845,2.5764516968062603,79,1642.0,1.5733010881610845
12020.0,76,1405.0,10.643939393939394,2.9465408492281875,76,76,1405.0,0.10938188421316775,2.0071938408981427,2.9465408492281875,76,1405.0,2.0071938408981427
12025.0,77,1360.0,10.074074074074074,2.6511933327891977,77,77,1360.0,0.08524276525944745,1.65350675247264,2.6511933327891977,77,1360.0,1.65350675247264
12030.0,81,1404.0,10.4,2.650239303419488,81,81,1366.0,0.09114625272452373,1.7327635135322204,2.650239303419488,81,1366.0,1.7327635135322204
12035.0,82,1459.0,10.969924812030076,2.619977739448961,82,82,1459.0,0.09515608136581298,1.7086521500580742,2.619977739448961,82,1459.0,1.7086521500580742
12040.0,81,1446.0,10.71111111111111,2.522356643771217,81,81,1446.0,0.07974263388727366,1.4841130037776689,2.522356643771217,81,1446.0,1.4841130037776689
12045.0,83,1508.0,11.424242424242424,2.5129154093617845,83,83,1475.0,0.07900209695694589,1.5222361138081737,2.5129154093617845,83,1475.0,1.5222361138081737
12050.0,83,1573.0,11.738805970149254,2.5955423937286874,83,83,1573.0,0.08238429012514203,1.5120506281944415,2.5955423937286874,83,1573.0,1.5120506281944415
12055.0,81,1547.0,11.544776119402986,2.5807385757202472,81,81,1547.0,0.07660993568160104,1.4480929976521322,2.5807385757202472,81,1547.0,1.4480929976521322
12060.0,76,1444.0,10.776119402985074,2.8733640642137788,76,76,1417.0,0.09051221447887305,1.6457006704917416,2.8733640642137788,76,1417.0,1.6457006704917416
12065.0,74,1372.0,10.088235294117647,2.971196962681984,74,74,1372.0,0.09684874329953888,1.7604901358693146,2.971196962681984,74,1372.0,1.7604901358693146
12070.0,74,1307.0,9.753731343283581,2.9030243397653757,74,74,1307.0,0.09161203139515593,1.7431206370824948,2.9030243397653757,74,1307.0,1.7431206370824948
12075.0,76,1183.0,8.698529411764707,2.795552718044678,76,76,1155.0,0.08497852719015524,1.6258760614381365,2.795552718044678,76,1155.0,1.6258760614381365
12080.0,75,1145.0,8.609022556390977,2.8294122753206365,75,75,1145.0,0.0940560186154054,1.7823952924461401,2.8294122753206365,75,1145.0,1.7823952924461401
12085.0,80,1206.0,9.0,2.5836056625346853,80,80,1206.0,0.07710952896169058,1.5291875661626604,2.5836056625346853,80,1206.0,1.5291875661626604
12090.0,84,1318.0,9.762962962962963,2.607204252799193,84,84,1301.0,0.07250675016767379,1.4011280252376965,2.607204252799193,84,1301.0,1.4011280252376965
12095.0,88,1453.0,10.683823529411764,2.5930862844203357,88,88,1453.0,0.07447043865246808,1.3932532857437798,2.5930862844203357,88,1453.0,1.3932532857437798
12100.0,86,1421.0,10.372262773722628,2.339248314332159,86,86,1421.0,0.054394217309896416,1.0433494284043021,2.339248314332159,86,1421.0,1.0433494284043021
12105.0,89,1568.0,11.789473684210526,2.206986793625979,89,89,1458.0,0.06310909138860442,1.1754133934036977,2.206986793625979,89,1458.0,1.1754133934036977
12110.0,92,1732.0,12.925373134328359,1.988922222991606,92,92,1732.0,0.059876077178631075,1.0882130651443682,1.988922222991606,92,1732.0,1.0882130651443682
12115.0,91,1819.0,13.676691729323307,2.00597841844202,91,91,1819.0,0.05140051169066032,0.9882850824759009,2.00597841844202,91,1819.0,0.9882850824759009
12120.0,87,1844.0,14.294573643410853,2.003923574558793,87,87,1801.0,0.06702557703348093,1.2184269404975956,2.003923574558793,87,1801.0,1.2184269404975956
12125.0,90,1999.0,15.030075187969924,2.0852567340156996,90,90,1999.0,0.06754743527428991,1.243182900219774,2.0852567340156996,90,1999.0,1.243182900219774
12130.0,95,2103.0,15.81203007518797,1.9067491223418678,95,95,2103.0,0.05586806679691987,1.072764778379939,1.9067491223418678,95,2103.0,1.072764778379939
12135.0,96,2128.0,15.762962962962963,1.8588921998240595,96,96,2085.0,0.0539304551436673,0.9958087140005693,1.8588921998240595,96,2085.0,0.9958087140005693
12140.0,94,2150.0,15.925925925925926,2.102239683706589,94,94,2150.0,0.06542315105613686,1.235221937141066,2.102239683706589,94,2150.0,1.235221937141066
12145.0,92,2097.0,15.419117647058824,2.097091136745225,92,92,2097.0,0.06286314011956126,1.2242390667437726,2.097091136745225,92,2097.0,1.2242390667437726
12150.0,91,2098.0,15.426470588235293,2.263166554772196,91,91,2068.0,0.06497416360792925,1.2684200697302042,2.263166554772196,91,2068.0,1.2684200697302042
12155.0,91,2103.0,15.694029850746269,2.293105747271025,91,91,2103.0,0.07341966874875146,1.362110529057214,2.293105747271025,91,2103.0,1.362110529057214
12160.0,89,2014.0,14.91851851851852,2.0103465623656813,89,89,2014.0,0.055025792391091614,1.039861678394661,2.0103465623656813,89,2014.0,1.039861678394661
12165.0,85,1849.0,14.007575757575758,2.17238879815306,85,85,1821.0,0.06761841253353701,1.2762476073395104,2.17238879815306,85,1821.0,1.2762476073395104
12170.0,80,1659.0,12.380597014925373,2.466225157774068,80,80,1659.0,0.07644203770176972,1.4145513706183175,2.466225157774068,80,1659.0,1.4145513706183175
12175.0,77,1454.0,10.850746268656716,2.7042651386373744,77,77,1454.0,0.08623316461877908,1.5624653334360796,2.7042651386373744,77,1454.0,1.5624653334360796
12180.0,76,1283.0,9.793893129770993,2.612151890563837,75,76,1281.0,0.08449041628103839,1.582015724532938,2.612151890563837,75,1281.0,1.582015724532938
12185.0,83,1464.0,11.007518796992482,2.439904682448581,83,83,1447.0,0.07750680713883598,1.42444110375093,2.439904682448581,83,1447.0,1.42444110375093
12190.0,93,1758.0,13.022222222222222,2.4042997386837643,93,93,1758.0,0.06862105705141543,1.2687666159405788,2.4042997386837643,93,1758.0,1.2687666159405788
12195.0,96,2050.0,15.185185185185185,2.2640761117539854,96,96,2050.0,0.05256792625383202,0.9977266075867682,2.2640761117539854,96,2050.0,0.9977266075867682
12200.0,99,2387.0,17.94736842105263,2.0790441923662346,99,99,2367.0,0.05697992485020012,1.0472858242659884,2.0790441923662346,99,2367.0,1.0472858242659884
12205.0,101,2737.0,20.57894736842105,2.105261587733251,101,101,2737.0,0.05647267035473752,1.0101516820901608,2.105261587733251,101,2737.0,1.0101516820901608
12210.0,98,2887.0,22.0381679389313,1.8375992448946825,98,98,2887.0,0.0545131945133837,1.0109403969525521,1.8375992448946825,98,2887.0,1.0109403969525521
12215.0,93,2887.0,22.20769230769231,2.1132602808729337,93,93,2824.0,0.06448798786762444,1.2186326462486363,2.1132602808729337,93,2824.0,1.2186326462486363
12220.0,88,2864.0,22.03076923076923,2.182917018470866,88,88,2864.0,0.0709897261109715,1.3296342538591384,2.182917018470866,88,2864.0,1.3296342538591384
12225.0,89,2879.0,22.31782945736434,2.1684216074140195,89,89,2879.0,0.06898971646191696,1.3050969728719748,2.1684216074140195,89,2879.0,1.3050969728719748
12230.0,94,3014.0,23.00763358778626,2.1697517703728617,94,94,3014.0,0.06486575163642681,1.2187001100763868,2.1697517703728617,94,3014.0,1.2187001100763868
12235.0,100,3177.0,24.627906976744185,1.7694162363315362,100,100,3177.0,0.04991528071435805,0.9710679987873858,1.7694162363315362,100,3177.0,0.9710679987873858
12240.0,103,3358.0,25.83076923076923,1.686613932375692,103,103,3358.0,0.04473473767740805,0.8876990755318606,1.686613932375692,103,3358.0,0.8876990755318606
12245.0,104,3524.0,26.29850746268657,1.6654280506419614,103,104,3523.0,0.04133696669947112,0.8150746148014144,1.6654280506419614,103,3523.0,0.8150746148014144
12250.0,105,3718.0,27.746268656716417,1.6360055386146741,105,105,3699.0,0.04306028166575301,0.8253602406342666,1.6360055386146741,105,3699.0,0.8253602406342666
12255.0,109,3924.0,29.066666666666666,1.4806868172244492,109,109,3924.0,0.03517765342853177,0.662615745461257,1.4806868172244492,109,3924.0,0.662615745461257
12260.0,108,4042.0,29.94074074074074,1.453013069868913,108,108,4042.0,0.04276083948920089,0.7789148194975669,1.453013069868913,108,4042.0,0.7789148194975669
12265.0,104,4244.0,31.671641791044777,1.4901789144985216,104,104,4211.0,0.05261800560228402,0.9292899134967655,1.4901789144985216,104,4211.0,0.9292899134967655
12270.0,104,4588.0,34.49624060150376,1.5334500790092596,104,104,4588.0,0.05996364368618225,1.0611757739100514,1.5334500790092596,104,4588.0,1.0611757739100514
12275.0,105,4909.0,37.18939393939394,1.438148066393239,105,105,4909.0,0.052781397665940866,0.9504317837847089,1.438148066393239,105,4909.0,0.9504317837847089
12280.0,106,5264.0,39.28358208955224,1.3789920040601624,106,106,5248.0,0.036789632375215896,0.691386402297122,1.3789920040601624,106,5248.0,0.691386402297122
12285.0,108,5629.0,42.32330827067669,1.437983753343765,108,108,5629.0,0.04122766011865082,0.7735593242764348,1.437983753343765,108,5629.0,0.7735593242764348
12290.0,105,5658.0,42.223880597014926,1.3987687544902248,105,105,5658.0,0.03730009888426225,0.7027843813360931,1.3987687544902248,105,5658.0,0.7027843813360931
12295.0,102,5450.0,40.97744360902256,1.5678459385940238,102,102,5342.0,0.04734231125993268,0.8336820901481895,1.5678459385940238,102,5342.0,0.8336820901481895
12300.0,97,5220.0,39.24812030075188,1.9381103484549576,97,97,5220.0,0.06594980317365434,1.1512067237537884,1.9381103484549576,97,5220.0,1.1512067237537884
12305.0,93,4877.0,36.12592592592593,1.8258807246609585,93,93,4877.0,0.05521531432716966,0.9949195952898185,1.8258807246609585,93,4877.0,0.9949195952898185
12310.0,89,4457.0,33.01481481481481,2.161657941908167,89,89,4429.0,0.06836828656195178,1.233374571981276,2.161657941908167,89,4429.0,1.233374571981276
12315.0,85,4092.0,30.08823529411765,2.3496263651866616,85,85,4092.0,0.07951745641825328,1.4231976948026661,2.3496263651866616,85,4092.0,1.4231976948026661
12320.0,86,3779.0,28.20149253731343,2.2904942611341994,86,86,3779.0,0.07323585788832575,1.3851958289423143,2.2904942611341994,86,3779.0,1.3851958289423143
12325.0,93,3524.0,26.49624060150376,2.0301964390274896,93,93,3500.0,0.06525517227386696,1.1887418275852777,2.0301964390274896,93,3500.0,1.1887418275852777
12330.0,92,3280.0,24.848484848484848,2.0938328395295014,92,92,3280.0,0.06906455978471857,1.2511083554407552,2.0938328395295014,92,3280.0,1.2511083554407552
12335.0,91,2985.0,22.613636363636363,2.221816857621276,91,91,2985.0,0.06670997473567324,1.250240927501649,2.221816857621276,91,2985.0,1.250240927501649
12340.0,91,2740.0,20.601503759398497,2.155112578520637,91,91,2690.0,0.06272195092652912,1.1474015923668361,2.155112578520637,91,2690.0,1.1474015923668361
12345.0,93,2504.0,18.827067669172934,2.10987325729434,93,93,2504.0,0.05955183361782839,1.0985288672650273,2.10987325729434,93,2504.0,1.0985288672650273
12350.0,92,2287.0,17.195488721804512,1.990660859778467,92,92,2287.0,0.05062336144136167,0.9860787818439862,1.990660859778467,92,2287.0,0.9860787818439862
12355.0,94,2216.0,17.046153846153846,1.9035158509475267,94,94,2212.0,0.05682695109549447,1.082789805659106,1.9035158509475267,94,2212.0,1.082789805659106
12360.0,101,2657.0,20.43846153846154,1.7394069736088733,101,101,2657.0,0.055312338658852024,0.9936517541771195,1.7394069736088733,101,2657.0,0.9936517541771195
12365.0,111,3191.0,23.992481203007518,1.3397544020294765,111,111,3191.0,0.03331500362333751,0.6418471967941775,1.3397544020294765,111,3191.0,0.6418471967941775
12370.0,113,3559.0,26.96212121212121,1.1853621788394906,113,113,3559.0,0.027324230888448243,0.5350829483969826,1.1853621788394906,113,3559.0,0.5350829483969826
12375.0,111,3790.0,28.28358208955224,1.2631020352743443,111,111,3727.0,0.03669758376135223,0.6528633704538558,1.2631020352743443,111,3727.0,0.6528633704538558
12380.0,108,4012.0,30.165413533834588,1.5054815187275083,108,108,4012.0,0.05083086514821857,0.906378397634927,1.5054815187275083,108,4012.0,0.906378397634927
12385.0,107,4218.0,31.714285714285715,1.4709493317528903,107,107,4218.0,0.0443607270259348,0.8518479126070897,1.4709493317528903,107,4218.0,0.8518479126070897
12390.0,108,4428.0,33.29323308270677,1.390155404229158,108,108,4428.0,0.039758794950515125,0.7653825603773605,1.390155404229158,108,4428.0,0.7653825603773605
12395.0,108,4643.0,35.44274809160305,1.3638228766226337,108,108,4643.0,0.04378051122900499,0.8628074482761438,1.3638228766226337,108,4643.0,0.8628074482761438
12400.0,106,4818.0,36.225563909774436,1.2604647969100011,106,106,4818.0,0.03445638635976069,0.6780308061779469,1.2604647969100011,106,4818.0,0.6780308061779469
12405.0,107,5026.0,37.78947368421053,1.3469423140604089,107,107,5005.0,0.04013088171081065,0.7690877167470538,1.3469423140604089,107,5005.0,0.7690877167470538
12410.0,107,5236.0,38.785185185185185,1.4464843551487472,107,107,5236.0,0.045868789680787315,0.8411778442102246,1.4464843551487472,107,5236.0,0.8411778442102246
12415.0,108,5449.0,40.96992481203007,1.3080039689903091,108,108,5449.0,0.03955782754073371,0.7588118483219309,1.3080039689903091,108,5449.0,0.7588118483219309
12420.0,108,5664.0,42.90909090909091,1.3436749018763154,108,108,5664.0,0.038311953821221705,0.702684581686682,1.3436749018763154,108,5664.0,0.702684581686682
12425.0,106,5560.0,41.18518518518518,1.4010312486121095,106,106,5560.0,0.03872121024868751,0.7057559206164502,1.4010312486121095,106,5560.0,0.7057559206164502
12430.0,101,5227.0,38.71851851851852,1.6789226539749649,101,101,5124.0,0.053559829492517114,0.929682200234996,1.6789226539749649,101,5124.0,0.929682200234996
12435.0,98,4957.0,36.18248175182482,1.8471310638540168,98,98,4957.0,0.060641193618372204,1.0165911943148638,1.8471310638540168,98,4957.0,1.0165911943148638
12440.0,99,4762.0,35.27407407407407,1.8142055022976358,99,99,4762.0,0.059366327383920114,1.037978303271362,1.8142055022976358,99,4762.0,1.037978303271362
12445.0,102,4457.0,32.53284671532847,1.7441894066709502,102,102,4404.0,0.05272053753988003,0.9594118181339351,1.7441894066709502,102,4404.0,0.9594118181339351
12450.0,97,4141.0,30.226277372262775,1.8407428281843892,97,97,4141.0,0.06112546390862469,1.1037171431933364,1.8407428281843892,97,4141.0,1.1037171431933364
12455.0,96,3774.0,27.547445255474454,1.7932986057891012,96,96,3774.0,0.057751021054424756,1.076702632268104,1.7932986057891012,96,3774.0,1.076702632268104
12460.0,95,3370.0,24.598540145985403,1.5695496382582375,95,95,3357.0,0.05153993576028367,0.920630954586131,1.5695496382582375,95,3357.0,0.920630954586131
12465.0,90,2950.0,21.691176470588236,1.9266432984247301,90,90,2950.0,0.06918704077946677,1.2478360022228143,1.9266432984247301,90,2950.0,1.2478360022228143
12470.0,86,2448.0,17.868613138686133,1.8080597338986075,86,86,2448.0,0.057519871035058165,1.0863962804729606,1.8080597338986075,86,2448.0,1.0863962804729606
12475.0,86,2007.0,14.64963503649635,2.0698773368329215,86,86,1977.0,0.06720657715689743,1.2287595061402563,2.0698773368329215,86,1977.0,1.2287595061402563
12480.0,87,1758.0,12.926470588235293,2.150577926290292,87,87,1758.0,0.07395761679415677,1.30905218906709,2.150577926290292,87,1758.0,1.30905218906709
12485.0,85,1664.0,11.971223021582734,2.169151730773171,85,85,1664.0,0.0636784209440505,1.1673664239445782,2.169151730773171,85,1664.0,1.1673664239445782
12490.0,85,1579.0,11.359712230215827,2.3845553370625026,85,85,1550.0,0.07146057572454154,1.305008825265313,2.3845553370625026,85,1550.0,1.305008825265313
12495.0,86,1495.0,10.833333333333334,2.3149448222501716,86,86,1495.0,0.07338289373980507,1.2859633459871358,2.3149448222501716,86,1495.0,1.2859633459871358
12500.0,83,1402.0,10.308823529411764,2.2720070297108172,83,83,1402.0,0.07361603211868355,1.3315379601657658,2.2720070297108172,83,1402.0,1.3315379601657658
12505.0,85,1386.0,10.191176470588236,2.226692597878148,85,85,1385.0,0.06872512912419429,1.2526072531534809,2.226692597878148,85,1385.0,1.2526072531534809
12510.0,89,1589.0,11.77037037037037,2.1029054114552044,89,89,1589.0,0.06711904301849937,1.223555674377669,2.1029054114552044,89,1589.0,1.223555674377669
12515.0,95,1849.0,13.696296296296296,1.9718935924539724,95,95,1849.0,0.05635222481450399,1.0280598578484927,1.9718935924539724,95,1849.0,1.0280598578484927
12520.0,99,2105.0,15.477941176470589,1.7425207250453587,99,99,2092.0,0.05251933782711735,0.902762238911068,1.7425207250453587,99,2092.0,0.902762238911068
12525.0,96,2364.0,17.511111111111113,1.930159586532126,96,96,2364.0,0.06445636208552956,1.1075905267928565,1.930159586532126,96,2364.0,1.1075905267928565
12530.0,92,2603.0,19.0,2.1700715089440137,92,92,2603.0,0.07381115695685588,1.2772697083872224,2.1700715089440137,92,2603.0,1.2772697083872224
12535.0,93,2823.0,20.605839416058394,2.0430696210578665,92,93,2821.0,0.05878268314402582,1.088053846782727,2.0430696210578665,92,2821.0,1.088053846782727
12540.0,92,3051.0,22.433823529411764,2.1945445839570077,92,92,3051.0,0.06713159419824469,1.233732796769547,2.1945445839570077,92,3051.0,1.233732796769547
12545.0,91,3260.0,24.328358208955223,1.9998949624782254,91,91,3260.0,0.06243138470726878,1.1946058457117799,1.9998949624782254,91,3260.0,1.1946058457117799
12550.0,91,3474.0,26.318181818181817,2.094570465124356,91,91,3467.0,0.068639164285498,1.2944352840884714,2.094570465124356,91,3467.0,1.2944352840884714
12555.0,92,3779.0,28.20149253731343,1.947019205616635,92,92,3766.0,0.07086076149560896,1.2832775260781264,1.947019205616635,92,3766.0,1.2832775260781264
12560.0,92,4092.0,30.53731343283582,2.111693075581812,92,92,4092.0,0.07668296589390144,1.418685102516494,2.111693075581812,92,4092.0,1.418685102516494
12565.0,91,4109.0,30.21323529411765,2.028549934858718,91,91,4109.0,0.06823243553649376,1.3190821763324347,2.028549934858718,91,4109.0,1.3190821763324347
12570.0,89,3930.0,28.686131386861312,2.273100752887246,89,89,3837.0,0.07601601621883734,1.4481200764415805,2.273100752887246,89,3837.0,1.4481200764415805
12575.0,84,3736.0,27.470588235294116,2.512736113701593,84,84,3736.0,0.08927344470959157,1.6802639556772407,2.512736113701593,84,3736.0,1.6802639556772407
12580.0,83,3475.0,25.181159420289855,2.3556027316865737,83,83,3475.0,0.07931530729541195,1.4519958542396687,2.3556027316865737,83,3475.0,1.4519958542396687
12585.0,86,3328.0,24.470588235294116,2.3705621803433994,86,86,3300.0,0.08094678166677409,1.4762467632487932,2.3705621803433994,86,3300.0,1.4762467632487932
12590.0,93,3225.0,23.201438848920862,2.0920084362494618,93,93,3225.0,0.06858976065262426,1.1614011810233014,2.0920084362494618,93,3225.0,1.1614011810233014
12595.0,92,3048.0,21.928057553956833,2.0988642027687043,92,92,3048.0,0.06461533818469288,1.12977725468976,2.0988642027687043,92,3048.0,1.12977725468976
12600.0,89,2797.0,20.12230215827338,2.2145893800277388,89,89,2769.0,0.06601718628217892,1.19469566458032,2.2145893800277388,89,2769.0,1.19469566458032
12605.0,87,2535.0,17.727272727272727,2.411047140656458,87,87,2535.0,0.07496822792100907,1.356679236928756,2.411047140656458,87,2535.0,1.356679236928756
12610.0,85,2195.0,15.34965034965035,2.3993063422639374,85,85,2195.0,0.07102983890307242,1.3502180683889595,2.3993063422639374,85,2195.0,1.3502180683889595
12615.0,83,1829.0,12.79020979020979,2.4386494390019626,83,83,1801.0,0.07485040963095652,1.4116122892137122,2.4386494390019626,83,1801.0,1.4116122892137122
12620.0,84,1535.0,10.886524822695035,2.545893468482619,84,84,1535.0,0.08932183147435925,1.6422655388529197,2.545893468482619,84,1535.0,1.6422655388529197
12625.0,87,1430.0,9.930555555555555,2.3101706055703737,87,87,1430.0,0.07289768774068552,1.3601583611249752,2.3101706055703737,87,1430.0,1.3601583611249752
12630.0,90,1561.0,10.840277777777779,2.393855236010145,90,90,1533.0,0.07814280770900486,1.3995007981815188,2.393855236010145,90,1533.0,1.3995007981815188
12635.0,97,1731.0,12.104895104895105,2.2664497997494752,97,97,1731.0,0.07532319825239289,1.303612897836235,2.2664497997494752,97,1731.0,1.303612897836235
12640.0,99,1836.0,12.75,1.9657853815273993,99,99,1836.0,0.047424751552338766,0.9034753412417386,1.9657853815273993,99,1836.0,0.9034753412417386
12645.0,94,1866.0,12.958333333333334,2.251540734990932,94,94,1838.0,0.0601848193822557,1.1315083816717284,2.251540734990932,94,1838.0,1.1315083816717284
12650.0,90,1873.0,13.190140845070422,2.3226124561309653,90,90,1873.0,0.06821449098175625,1.2667759504027265,2.3226124561309653,90,1873.0,1.2667759504027265
12655.0,86,1774.0,12.67142857142857,2.2673927895968182,86,86,1774.0,0.06612265334883756,1.2752310920313996,2.2673927895968182,86,1774.0,1.2752310920313996
12660.0,82,1643.0,11.905797101449275,2.371751377209972,82,82,1615.0,0.07487523739186946,1.3988898960361447,2.371751377209972,82,1615.0,1.3988898960361447
12665.0,84,1611.0,11.425531914893616,2.4117330478493306,84,84,1611.0,0.08043996693244063,1.4751235432929477,2.4117330478493306,84,1611.0,1.4751235432929477
12670.0,85,1593.0,11.297872340425531,2.3161476744554608,85,85,1593.0,0.07581594466283774,1.4042664244266134,2.3161476744554608,85,1593.0,1.4042664244266134
12675.0,92,1733.0,12.290780141843971,2.0977257745601343,92,92,1707.0,0.0698821407460278,1.2636488584816303,2.0977257745601343,92,1707.0,1.2636488584816303
12680.0,98,1908.0,13.43661971830986,2.1355621138177963,98,98,1908.0,0.0671207991851838,1.2284374917304641,2.1355621138177963,98,1908.0,1.2284374917304641
12685.0,98,2052.0,14.34965034965035,2.0571084178271737,98,98,2052.0,0.05833069449827686,1.0966053221620249,2.0571084178271737,98,2052.0,1.0966053221620249
12690.0,93,2150.0,15.24822695035461,2.17663442005463,93,93,2137.0,0.06550609242712652,1.2156135577580418,2.17663442005463,93,2137.0,1.2156135577580418
12695.0,88,2225.0,15.892857142857142,2.4302140813528426,88,88,2225.0,0.08293940928954875,1.4976772942906975,2.4302140813528426,88,2225.0,1.4976772942906975
12700.0,87,2274.0,16.127659574468087,2.2136556912369034,87,87,2274.0,0.06501964336078339,1.2147507746950605,2.2136556912369034,87,2274.0,1.2147507746950605
12705.0,88,2388.0,17.179856115107913,2.3061855960231177,88,88,2379.0,0.07215268232732915,1.3585354527325,2.3061855960231177,88,2379.0,1.3585354527325
12710.0,94,2620.0,18.714285714285715,2.077682636597222,94,94,2620.0,0.058812129637695915,1.0640366168566102,2.077682636597222,94,2620.0,1.0640366168566102
12715.0,98,2804.0,20.02857142857143,1.9228536193464525,98,98,2804.0,0.05608040248240424,1.0323286168565875,1.9228536193464525,98,2804.0,1.0323286168565875
12720.0,99,2919.0,20.70212765957447,2.0299944744569896,99,99,2861.0,0.05560089832675161,1.025020616856606,2.0299944744569896,99,2861.0,1.025020616856606
12725.0,100,3043.0,21.131944444444443,2.066960062120119,100,100,3043.0,0.05873122104042365,1.0632081629650605,2.066960062120119,100,3043.0,1.0632081629650605
12730.0,97,2533.0,18.223021582733814,1.8711830067923843,97,97,2533.0,0.05857874361509467,1.0954274291831831,1.8711830067923843,97,2533.0,1.0954274291831831
12735.0,97,2511.0,17.935714285714287,1.868011097116008,97,97,2244.0,0.05753232971978022,1.0594906131636095,1.868011097116008,97,2244.0,1.0594906131636095
12740.0,97,2631.0,18.792857142857144,2.1628141566947026,97,97,2631.0,0.06821917829361998,1.2194504629742318,2.1628141566947026,97,2631.0,1.2194504629742318
12745.0,102,2801.0,20.007142857142856,2.050666455900444,102,102,2801.0,0.06260416453936979,1.1269459403150577,2.050666455900444,102,2801.0,1.1269459403150577
12750.0,105,3016.0,21.697841726618705,1.9726329898376558,105,105,3002.0,0.04813299999507639,0.8814777591947581,1.9726329898376558,105,3002.0,0.8814777591947581
12755.0,106,3246.0,23.86764705882353,1.9244570110158468,106,106,3246.0,0.05435356858951023,0.9882122338312694,1.9244570110158468,106,3246.0,0.9882122338312694
12760.0,106,3382.0,24.86764705882353,1.567551307858227,106,106,3382.0,0.031898312069886144,0.6159285239231449,1.567551307858227,106,3382.0,0.6159285239231449
12765.0,101,3447.0,25.345588235294116,1.7966237240377658,101,101,3419.0,0.04514673732032042,0.8544394528848884,1.7966237240377658,101,3419.0,0.8544394528848884
12770.0,96,3487.0,25.452554744525546,1.9764793903156854,96,96,3487.0,0.05713922606846154,1.0700762072852485,1.9764793903156854,96,3487.0,1.0700762072852485
12775.0,92,3283.0,24.139705882352942,2.0015202659028515,92,92,3283.0,0.05347618343360848,1.036441724624182,2.0015202659028515,92,3283.0,1.036441724624182
12780.0,89,2992.0,22.16296296296296,2.1638584385272512,89,89,2919.0,0.0644093826053795,1.1620118807248743,2.1638584385272512,89,2919.0,1.1620118807248743
12785.0,91,2918.0,21.614814814814814,2.040044136015381,91,91,2918.0,0.07251301306984144,1.2334882789841184,2.040044136015381,91,2918.0,1.2334882789841184
12790.0,91,2802.0,20.602941176470587,2.0329214198170966,91,91,2802.0,0.06862949102374558,1.2274898838366506,2.0329214198170966,91,2802.0,1.2274898838366506
12795.0,90,2646.0,19.17391304347826,1.8903174587108436,90,90,2633.0,0.05699102013662427,1.044455924715913,1.8903174587108436,90,2633.0,1.044455924715913
12800.0,87,2481.0,17.97826086956522,2.104517446736733,87,87,2481.0,0.07365311560335952,1.313355473710143,2.104517446736733,87,2481.0,1.313355473710143
12805.0,86,2207.0,15.764285714285714,2.1006331596096284,86,86,2207.0,0.0692151270409333,1.2567155693163707,2.1006331596096284,86,2207.0,1.2567155693163707
12810.0,84,2009.0,14.453237410071942,2.120659125213187,84,84,1968.0,0.06934280404242903,1.2621584946782454,2.120659125213187,84,1968.0,1.2621584946782454
12815.0,84,1824.0,13.313868613138686,2.2294366276675315,84,84,1824.0,0.07897104592502552,1.414572381913042,2.2294366276675315,84,1824.0,1.414572381913042
12820.0,83,1592.0,11.620437956204379,1.9409439481996538,83,83,1592.0,0.06578623040847621,1.1926296161040684,1.9409439481996538,83,1592.0,1.1926296161040684
12825.0,81,1370.0,10.0,2.195572722773083,81,81,1356.0,0.0769807814111676,1.3873076106293905,2.195572722773083,81,1356.0,1.3873076106293905
12830.0,82,1344.0,9.882352941176471,2.0625815998352643,82,82,1344.0,0.07587733912346499,1.3636928269548851,2.0625815998352643,82,1344.0,1.3636928269548851
12835.0,85,1423.0,10.31159420289855,2.0557000101149763,85,85,1423.0,0.06874742060163339,1.2398217517581802,2.0557000101149763,85,1423.0,1.2398217517581802
12840.0,86,1463.0,10.525179856115107,2.184911333456234,86,86,1420.0,0.07183373089141637,1.2616342292721967,2.184911333456234,86,1420.0,1.2616342292721967
12845.0,88,1514.0,10.587412587412587,2.28544899246231,88,88,1514.0,0.06965060207793523,1.2153509367686615,2.28544899246231,88,1514.0,1.2153509367686615
12850.0,84,1486.0,10.614285714285714,2.2965571243570153,84,84,1486.0,0.06817220854753311,1.2588920317159464,2.2965571243570153,84,1486.0,1.2588920317159464
12855.0,85,1549.0,11.064285714285715,2.2545925092113177,85,85,1522.0,0.06770354148102066,1.2345837194502034,2.2545925092113177,85,1522.0,1.2345837194502034
12860.0,89,1678.0,11.900709219858156,2.4686816523194928,89,89,1678.0,0.07745077894166683,1.3579983535965474,2.4686816523194928,89,1678.0,1.3579983535965474
12865.0,96,1833.0,13.0,2.2279993595710827,96,96,1833.0,0.06438911834799944,1.1884339058147093,2.2279993595710827,96,1833.0,1.1884339058147093
12870.0,97,1853.0,13.235714285714286,2.05945004654327,97,97,1853.0,0.05460255684195459,1.0631195300273462,2.05945004654327,97,1853.0,1.0631195300273462
12875.0,97,2033.0,14.731884057971014,2.0925703977270107,97,97,1927.0,0.06547672722578342,1.2157757667232636,2.0925703977270107,97,1927.0,1.2157757667232636
12880.0,99,2218.0,16.07246376811594,1.763959748508997,99,99,2218.0,0.05818756503121915,1.011260877847587,1.763959748508997,99,2218.0,1.011260877847587
12885.0,97,2272.0,16.705882352941178,1.748689199760676,97,97,2272.0,0.05542058569844593,1.023128327047109,1.748689199760676,97,2272.0,1.023128327047109
12890.0,99,2294.0,16.385714285714286,1.697362227869781,99,99,2246.0,0.047926239554764744,0.8687746969194415,1.697362227869781,99,2246.0,0.8687746969194415
12895.0,100,2499.0,17.85,1.8621037731026373,100,100,2499.0,0.05852565768115924,1.0466065330679455,1.8621037731026373,100,2499.0,1.0466065330679455
12900.0,102,2606.0,18.4822695035461,1.8568704875047382,102,102,2606.0,0.04752944454127454,0.9129406094581588,1.8568704875047382,102,2606.0,0.9129406094581588
12905.0,105,2625.0,18.356643356643357,1.7604877130844792,105,105,2577.0,0.04315739182972222,0.7979284848833822,1.7604877130844792,105,2577.0,0.7979284848833822
12910.0,100,2635.0,18.821428571428573,1.9887979703791305,100,100,2635.0,0.06227907978945981,1.117904086028715,1.9887979703791305,100,2635.0,1.117904086028715
12915.0,97,2520.0,18.0,1.8704690327673266,97,97,2520.0,0.05588253847327871,1.0525367925725064,1.8704690327673266,97,2520.0,1.0525367925725064
12920.0,95,2481.0,17.97826086956522,2.056669368841449,95,95,2439.0,0.0649222283107317,1.228214143054891,2.056669368841449,95,2439.0,1.228214143054891
12925.0,97,2456.0,17.66906474820144,2.0826037478071693,97,97,2456.0,0.0684289501402022,1.2392172839366404,2.0826037478071693,97,2456.0,1.2392172839366404
12930.0,94,2342.0,16.848920863309353,2.1206113492489522,94,94,2342.0,0.06444449029421215,1.1903868991239333,2.1206113492489522,94,2342.0,1.1903868991239333
12935.0,89,2147.0,15.446043165467627,2.3979218769120543,89,89,2119.0,0.07368225463000905,1.3528519974780993,2.3979218769120543,89,2119.0,1.3528519974780993
12940.0,87,1933.0,13.906474820143885,2.3051066669935487,87,87,1933.0,0.07289752397677718,1.2794182116617085,2.3051066669935487,87,1933.0,1.2794182116617085
12945.0,82,1614.0,11.781021897810218,2.377889623227685,82,82,1614.0,0.07217764431033305,1.3456357788812179,2.377889623227685,82,1614.0,1.3456357788812179
12950.0,79,1281.0,9.35036496350365,2.395399553952181,79,79,1253.0,0.0743425413565313,1.3878765377650941,2.395399553952181,79,1253.0,1.3878765377650941
12955.0,80,1140.0,8.321167883211679,2.5433548782304274,80,80,1140.0,0.08480829084715644,1.5624741479271482,2.5433548782304274,80,1140.0,1.5624741479271482
12960.0,82,1127.0,8.107913669064748,2.3993959571975276,82,82,1127.0,0.06817117815638186,1.3113121641700165,2.3993959571975276,82,1127.0,1.3113121641700165
12965.0,88,1252.0,8.942857142857143,2.264823278022573,88,88,1224.0,0.06355973182773147,1.2203365523586556,2.264823278022573,88,1224.0,1.2203365523586556
12970.0,94,1411.0,10.151079136690647,2.220687304996416,94,94,1411.0,0.0652344312407659,1.2239760925833827,2.220687304996416,94,1411.0,1.2239760925833827
12975.0,93,1491.0,10.574468085106384,2.1465776688648455,93,93,1491.0,0.0525554136367938,1.0199115197567445,2.1465776688648455,93,1491.0,1.0199115197567445
12980.0,89,1496.0,10.840579710144928,2.327014393270458,89,89,1468.0,0.06754596886615438,1.2753865573484213,2.327014393270458,89,1468.0,1.2753865573484213
12985.0,86,1476.0,10.773722627737227,2.4092433678603187,86,86,1476.0,0.07977406451324465,1.470668993321115,2.4092433678603187,86,1476.0,1.470668993321115
12990.0,81,1351.0,9.861313868613138,2.5517431462331785,81,81,1351.0,0.0774579188609395,1.4981223575784446,2.5517431462331785,81,1351.0,1.4981223575784446
12995.0,77,1195.0,8.786764705882353,2.7523582976493874,77,77,1167.0,0.08609650389423071,1.6458734092714191,2.7523582976493874,77,1167.0,1.6458734092714191
13000.0,79,1141.0,8.451851851851853,2.4423756383062374,79,79,1141.0,0.07994416178026074,1.498356784871152,2.4423756383062374,79,1141.0,1.498356784871152
13005.0,83,1180.0,8.676470588235293,2.3662697748055144,83,83,1180.0,0.0713897100358507,1.3916599913642695,2.3662697748055144,83,1180.0,1.3916599913642695
13010.0,89,1310.0,9.492753623188406,2.186048926920645,89,89,1285.0,0.06092498390758189,1.1558330542197914,2.186048926920645,89,1285.0,1.1558330542197914
13015.0,94,1472.0,10.823529411764707,2.0659784554507543,94,94,1472.0,0.06392595026681758,1.1523419486989424,2.0659784554507543,94,1472.0,1.1523419486989424
13020.0,92,1551.0,11.488888888888889,2.057679096002819,92,92,1551.0,0.05767979100336389,1.0552389037763918,2.057679096002819,92,1551.0,1.0552389037763918
13025.0,89,1551.0,11.404411764705882,2.0931194257055075,89,89,1523.0,0.060800116235518134,1.0931292332605111,2.0931194257055075,89,1523.0,1.0931292332605111
13030.0,84,1531.0,11.257352941176471,2.4734581092593366,84,84,1531.0,0.08119597382469,1.46453864353768,2.4734581092593366,84,1531.0,1.46453864353768
13035.0,79,1398.0,10.130434782608695,2.5417551027067034,79,79,1398.0,0.0764536962647716,1.4415819014468623,2.5417551027067034,79,1398.0,1.4415819014468623
13040.0,77,1241.0,9.192592592592593,2.6874057686962107,77,77,1213.0,0.08531411531802478,1.6179354248716942,2.6874057686962107,77,1213.0,1.6179354248716942
13045.0,78,1207.0,8.940740740740742,2.649031668401482,78,78,1207.0,0.08900253080373687,1.6377515906727453,2.649031668401482,78,1207.0,1.6377515906727453
13050.0,83,1270.0,9.338235294117647,2.417865292119108,83,83,1270.0,0.07473335580536937,1.4287010579861055,2.417865292119108,83,1270.0,1.4287010579861055
13055.0,89,1400.0,10.447761194029852,2.1641188896043624,89,89,1377.0,0.06736173267445263,1.2283825796724581,2.1641188896043624,89,1377.0,1.2283825796724581
13060.0,93,1558.0,11.372262773722628,2.162698294327151,93,93,1558.0,0.0659562255228188,1.1585635963875907,2.162698294327151,93,1558.0,1.1585635963875907
13065.0,92,1637.0,12.216417910447761,2.032060090237265,92,92,1637.0,0.053536175425652976,1.0142626126752503,2.032060090237265,92,1637.0,1.0142626126752503
13070.0,87,1632.0,12.088888888888889,2.1121390999507397,87,87,1604.0,0.061865265941399204,1.134798107613094,2.1121390999507397,87,1604.0,1.134798107613094
13075.0,84,1610.0,12.014925373134329,2.2988605987235284,84,84,1610.0,0.07676135527228428,1.3685116991741177,2.2988605987235284,84,1610.0,1.3685116991741177
13080.0,79,1477.0,11.022388059701493,2.4739914294675796,79,79,1477.0,0.07566459820785282,1.4387459316022109,2.4739914294675796,79,1477.0,1.4387459316022109
13085.0,77,1313.0,9.798507462686567,2.481236911323222,77,77,1285.0,0.07934454355736308,1.5040383961880133,2.481236911323222,77,1285.0,1.5040383961880133
13090.0,78,1321.0,9.85820895522388,2.633801206541954,78,78,1321.0,0.0892385744669001,1.6569473318754768,2.633801206541954,78,1321.0,1.6569473318754768
13095.0,84,1398.0,10.279411764705882,2.2433037220168486,84,84,1398.0,0.0688935360373359,1.2807638892374793,2.2433037220168486,84,1398.0,1.2807638892374793
13100.0,90,1533.0,11.272058823529411,2.229678975406313,90,90,1513.0,0.06542308593382833,1.193770791583491,2.229678975406313,90,1513.0,1.193770791583491
13105.0,94,1688.0,12.411764705882353,2.179048191496644,94,94,1688.0,0.07095699831239119,1.2910460216409478,2.179048191496644,94,1688.0,1.2910460216409478
13110.0,91,1803.0,13.257352941176471,2.1918857565661787,91,91,1803.0,0.05742826395111643,1.1185244952691458,2.1918857565661787,91,1803.0,1.1185244952691458
13115.0,86,1868.0,13.940298507462687,2.3922947026382766,86,86,1855.0,0.07547947924298662,1.4104042274942294,2.3922947026382766,86,1855.0,1.4104042274942294
13120.0,82,1909.0,14.14074074074074,2.423925123949332,82,82,1909.0,0.07788018296737573,1.4264735178312784,2.423925123949332,82,1909.0,1.4264735178312784
13125.0,81,1940.0,14.477611940298507,2.4340785405707166,81,81,1940.0,0.07052528342566702,1.3715830659078372,2.4340785405707166,81,1940.0,1.3715830659078372
13130.0,82,2024.0,15.218045112781954,2.3852757958565074,82,82,2023.0,0.0670973960514239,1.3055527065527055,2.3852757958565074,82,2023.0,1.3055527065527055
13135.0,90,2348.0,17.654135338345863,2.1611166917044065,90,90,2348.0,0.06250525651580904,1.190770550597651,2.1611166917044065,90,2348.0,1.190770550597651
13140.0,97,2566.0,19.293233082706767,1.8251056839866535,97,97,2566.0,0.048784058092466616,0.9220927562233935,1.8251056839866535,97,2566.0,0.9220927562233935
13145.0,97,2676.0,19.676470588235293,1.8281306792906211,97,97,2618.0,0.049017900723372476,0.9175646943692152,1.8281306792906211,97,2618.0,0.9175646943692152
13150.0,95,2780.0,20.746268656716417,1.9554597158167653,95,95,2780.0,0.06366452326628837,1.1820319074839694,1.9554597158167653,95,2780.0,1.1820319074839694
13155.0,93,2863.0,21.051470588235293,2.020392460016584,93,93,2863.0,0.06002630884984218,1.146417742103874,2.020392460016584,93,2863.0,1.146417742103874
13160.0,94,2972.0,22.17910447761194,2.01303910786863,94,94,2964.0,0.05944999551365168,1.1467624433083432,2.01303910786863,94,2964.0,1.1467624433083432
13165.0,101,3157.0,23.385185185185186,1.9534734247821566,101,101,3157.0,0.059568318802618855,1.0908315404381435,1.9534734247821566,101,3157.0,1.0908315404381435
13170.0,103,2853.0,21.291044776119403,1.783026057530244,103,103,2853.0,0.05332318348735238,0.9567519796804838,1.783026057530244,103,2853.0,0.9567519796804838
13175.0,101,3004.0,22.931297709923665,1.7208953842417762,101,101,3002.0,0.0495547255420644,0.890022397101072,1.7208953842417762,101,3002.0,0.890022397101072
13180.0,101,3209.0,24.310606060606062,1.7264761568266604,101,101,3208.0,0.048086531306568814,0.8894518130182453,1.7264761568266604,101,3208.0,0.8894518130182453
13185.0,103,3418.0,26.091603053435115,1.557071453145589,103,103,3418.0,0.04423985628435946,0.8168888606831181,1.557071453145589,103,3418.0,0.8168888606831181
13190.0,103,3633.0,27.522727272727273,1.650047160159417,103,103,3633.0,0.04149063170933174,0.7471096255774989,1.650047160159417,103,3633.0,0.7471096255774989
13195.0,103,3848.0,29.151515151515152,1.6799934526281632,103,103,3848.0,0.044516136905236016,0.7899581667249801,1.6799934526281632,103,3848.0,0.7899581667249801
13200.0,101,3929.0,30.223076923076924,1.6910750424466439,101,101,3929.0,0.03951877992771406,0.7586960428166335,1.6910750424466439,101,3929.0,0.7586960428166335
13205.0,98,3980.0,30.38167938931298,1.6837136614605102,98,98,3937.0,0.048959988462823824,0.8962453139247002,1.6837136614605102,98,3937.0,0.8962453139247002
13210.0,99,4249.0,32.684615384615384,1.7703137651792744,99,99,4249.0,0.058402249887774337,1.0801119805913693,1.7703137651792744,99,4249.0,1.0801119805913693
13215.0,100,4249.0,31.708955223880597,1.6928695978546369,100,100,4249.0,0.04594465896942372,0.8901496986010625,1.6928695978546369,100,4249.0,0.8901496986010625
13220.0,97,4061.0,30.533834586466167,1.8141475178658457,97,97,3973.0,0.05514434260253119,1.0228510550958179,1.8141475178658457,97,3973.0,1.0228510550958179
13225.0,96,3861.0,28.389705882352942,2.089005352673891,96,96,3861.0,0.06890470308236317,1.2358805352318087,2.089005352673891,96,3861.0,1.2358805352318087
13230.0,94,3610.0,26.74074074074074,2.0776187535388573,94,94,3610.0,0.06677476340269166,1.208031956603968,2.0776187535388573,94,3610.0,1.208031956603968
13235.0,94,3405.0,25.795454545454547,1.9945015264249806,94,94,3363.0,0.06377420382739256,1.201380466294963,1.9945015264249806,94,3363.0,1.201380466294963
13240.0,95,3203.0,23.902985074626866,1.8033847199445456,95,95,3203.0,0.05459386572693313,0.9835556920693858,1.8033847199445456,95,3203.0,0.9835556920693858
13245.0,96,3008.0,22.44776119402985,1.8861008521271843,96,96,3008.0,0.05409316484326584,1.0065228088037004,1.8861008521271843,96,3008.0,1.0065228088037004
13250.0,93,2702.0,20.16417910447761,1.8003310300580508,93,93,2702.0,0.04947031423436243,0.9542793324598523,1.8003310300580508,93,2702.0,0.9542793324598523
13255.0,90,2310.0,17.36842105263158,1.900963106791223,90,90,2277.0,0.05980145177818757,1.113364037342821,1.900963106791223,90,2277.0,1.113364037342821
13260.0,85,1897.0,14.371212121212121,2.1990688420820694,85,85,1897.0,0.07871213010381671,1.42583191821094,2.1990688420820694,85,1897.0,1.42583191821094
13265.0,86,1650.0,12.406015037593985,2.019311859396878,86,86,1650.0,0.06503910944634388,1.2698818486534305,2.019311859396878,86,1650.0,1.2698818486534305
13270.0,92,1839.0,13.931818181818182,1.8831293078484803,92,92,1839.0,0.05784750040517792,1.1443037959193647,1.8831293078484803,92,1839.0,1.1443037959193647
13275.0,103,2156.0,15.852941176470589,1.6902240369585793,103,103,2156.0,0.047714798168884215,0.9134327198563853,1.6902240369585793,103,2156.0,0.9134327198563853
13280.0,106,2460.0,18.08823529411765,1.5589305199722954,106,106,2460.0,0.041245371007162045,0.8210100531897292,1.5589305199722954,106,2460.0,0.8210100531897292
13285.0,105,2731.0,20.22962962962963,1.4709672253604695,105,105,2718.0,0.048268190814528406,0.9236062992125981,1.4709672253604695,105,2718.0,0.9236062992125981
13290.0,101,2992.0,22.328358208955223,1.632810687734399,101,101,2992.0,0.061807851743619024,1.166945865235386,1.632810687734399,101,2992.0,1.166945865235386
13295.0,99,3238.0,24.16417910447761,1.6513883298441774,99,99,3238.0,0.055032435543338656,1.0664077931809106,1.6513883298441774,99,3238.0,1.0664077931809106
13300.0,100,3488.0,25.647058823529413,1.6579805646223968,100,100,3488.0,0.04947154065746995,0.9397614036823528,1.6579805646223968,100,3488.0,0.9397614036823528
13305.0,101,3743.0,27.522058823529413,1.6756053295857285,101,101,3743.0,0.044845846477627904,0.8822156272659267,1.6756053295857285,101,3743.0,0.8822156272659267
13310.0,99,3716.0,27.525925925925925,1.5089362305560214,99,99,3716.0,0.04542822285698231,0.9027354497354485,1.5089362305560214,99,3716.0,0.9027354497354485
13315.0,96,3754.0,28.225563909774436,1.5712983077848428,96,96,3652.0,0.05734553889861266,1.1115198412698366,1.5712983077848428,96,3652.0,1.1115198412698366
13320.0,99,4136.0,30.865671641791046,1.6552305245518006,99,99,4136.0,0.06126618872737481,1.1284616402116423,1.6552305245518006,99,4136.0,1.1284616402116423
13325.0,105,4482.0,32.24460431654676,1.4944713970187504,105,105,4482.0,0.048365759782313354,0.8924270678794153,1.4944713970187504,105,4482.0,0.8924270678794153
13330.0,104,4779.0,34.135714285714286,1.6652585462933822,104,104,4751.0,0.04981819457110356,0.9005123217848335,1.6652585462933822,104,4751.0,0.9005123217848335
13335.0,103,5068.0,35.690140845070424,1.784193060860657,103,103,5068.0,0.05665928348829743,1.0073159860035923,1.784193060860657,103,5068.0,1.0073159860035923
13340.0,99,5305.0,37.6241134751773,1.9046931913545613,99,99,5305.0,0.057983020378233614,1.0826749137370304,1.9046931913545613,99,5305.0,1.0826749137370304
13345.0,98,5544.0,39.319148936170215,1.9178519911949619,98,98,5531.0,0.0568722529319116,1.09791248488966,1.9178519911949619,98,5531.0,1.09791248488966
13350.0,102,5893.0,42.09285714285714,1.895013587462496,102,102,5893.0,0.06062535413576209,1.1323542355439644,1.895013587462496,102,5893.0,1.1323542355439644
13355.0,108,6226.0,43.84507042253521,1.705143243002725,108,108,6226.0,0.04775400885680322,0.9193580077418875,1.705143243002725,108,6226.0,0.9193580077418875
13360.0,107,6533.0,45.0551724137931,1.693262345685154,107,107,6520.0,0.04457480180870946,0.820963270950473,1.693262345685154,107,6520.0,0.820963270950473
13365.0,104,6833.0,46.8013698630137,2.0576590190979873,104,104,6833.0,0.05719876916810515,1.0364935620012923,2.0576590190979873,104,6833.0,1.0364935620012923
13370.0,103,7075.0,49.13194444444444,1.790557366323057,102,103,7074.0,0.04536370360919572,0.8436497995050464,1.790557366323057,102,7074.0,0.8436497995050464
13375.0,101,7316.0,50.80555555555556,1.933265529856522,101,101,7302.0,0.04862747058534202,0.9199576625775969,1.933265529856522,101,7302.0,0.9199576625775969
13380.0,99,7583.0,53.401408450704224,1.9994820415079715,99,99,7583.0,0.05667349599978856,1.0688345685002967,1.9994820415079715,99,7583.0,1.0688345685002967
13385.0,101,7818.0,54.67132867132867,1.7297399667611824,101,101,7818.0,0.047598532341979014,0.9110093994404515,1.7297399667611824,101,7818.0,0.9110093994404515
13390.0,97,8062.0,56.774647887323944,1.968966831524274,97,97,8049.0,0.06111658590754241,1.11704853537358,1.968966831524274,97,8049.0,1.11704853537358
13395.0,99,8403.0,58.354166666666664,2.0572224582125127,99,99,8403.0,0.06509184240624452,1.1620667838302996,2.0572224582125127,99,8403.0,1.1620667838302996
13400.0,100,8700.0,59.58904109589041,2.1170031320405593,99,100,8699.0,0.0595824592212316,1.142184633814519,2.1170031320405593,99,8699.0,1.142184633814519
13405.0,101,9018.0,61.76712328767123,1.9748438391727166,101,101,9004.0,0.05159448466341614,0.9960693283898693,1.9748438391727166,101,9004.0,0.9960693283898693
13410.0,101,9366.0,65.04166666666667,1.8957578584879629,101,101,9366.0,0.0611654570532813,1.1573559038138408,1.8957578584879629,101,9366.0,1.1573559038138408
13415.0,103,9689.0,68.23239436619718,1.7082659475356785,103,103,9689.0,0.05532497414796432,1.0666641674440263,1.7082659475356785,103,9689.0,1.0666641674440263
13420.0,100,10005.0,69.96503496503496,1.7406308845322065,100,100,9992.0,0.05456005449810911,1.0529333749487082,1.7406308845322065,100,9992.0,1.0529333749487082
13425.0,102,10362.0,71.95833333333333,1.9045410055719434,102,102,10362.0,0.05972680348319755,1.1283233902426526,1.9045410055719434,102,10362.0,1.1283233902426526
13430.0,104,10675.0,73.11643835616438,1.6371083498135286,103,104,10674.0,0.04645586973469977,0.9057055747282866,1.6371083498135286,103,10674.0,0.9057055747282866
13435.0,104,11022.0,75.4931506849315,1.716316700312647,104,104,11008.0,0.048188262163951764,0.9266754165351412,1.716316700312647,104,11008.0,0.9266754165351412
13440.0,105,11390.0,77.48299319727892,1.7867643646191946,105,105,11390.0,0.05092153127459716,0.9430837520420475,1.7867643646191946,105,11390.0,0.9430837520420475
13445.0,106,11730.0,78.7248322147651,1.7312369949272903,106,106,11730.0,0.04653643821672707,0.8621478903817004,1.7312369949272903,106,11730.0,0.8621478903817004
13450.0,102,12059.0,81.47972972972973,1.9861058273878929,102,102,12046.0,0.0579537170326491,1.07294825318762,1.9861058273878929,102,12046.0,1.07294825318762
13455.0,102,12419.0,84.48299319727892,2.0098304894460295,102,102,12419.0,0.06320837717371591,1.1462730535368866,2.0098304894460295,102,12419.0,1.1462730535368866
13460.0,104,12736.0,86.05405405405405,1.974049743851112,103,104,12735.0,0.056933336062312746,1.0825966106214449,1.974049743851112,103,12735.0,1.0825966106214449
13465.0,104,13090.0,87.85234899328859,1.956482013305509,104,104,13076.0,0.05271267526165816,1.0024835400803316,1.956482013305509,104,13076.0,1.0024835400803316
13470.0,105,13460.0,91.56462585034014,1.9022285781134676,105,105,13460.0,0.05862773483259778,1.0996325278036612,1.9022285781134676,105,13460.0,1.0996325278036612
13475.0,105,13798.0,95.15862068965517,1.7533448676457954,105,105,13798.0,0.05428035006332873,1.0435677279761912,1.7533448676457954,105,13798.0,1.0435677279761912
13480.0,103,14125.0,98.09027777777777,1.6588579456605832,103,103,14112.0,0.050404370771375856,0.9578223630453644,1.6588579456605832,103,14112.0,0.9578223630453644
13485.0,103,14490.0,99.93103448275862,1.9133468630302668,103,103,14490.0,0.06199207383252513,1.1242466054696125,1.9133468630302668,103,14490.0,1.1242466054696125
13490.0,104,14812.0,100.08108108108108,1.8008324027093043,103,104,14811.0,0.04751114740411881,0.9118728829811852,1.8008324027093043,103,14811.0,0.9118728829811852
13495.0,104,15176.0,103.94520547945206,1.7442259333889658,104,104,15162.0,0.04833860150976163,0.9157252969500312,1.7442259333889658,104,15162.0,0.9157252969500312
13500.0,106,15551.0,106.51369863013699,1.7547774562482672,106,106,15551.0,0.05079543416861995,0.950315715356137,1.7547774562482672,106,15551.0,0.950315715356137
13505.0,106,15893.0,107.38513513513513,1.7109143781994256,106,106,15893.0,0.04641264711115223,0.8798346410531616,1.7109143781994256,106,15893.0,0.8798346410531616
13510.0,102,16222.0,110.35374149659864,1.9586171207048693,102,102,16209.0,0.060083826337594896,1.0841901632295383,1.9586171207048693,102,16209.0,1.0841901632295383
13515.0,103,16583.0,113.58219178082192,1.9017976004423185,103,103,16583.0,0.06316481268934222,1.1060871750844286,1.9017976004423185,103,16583.0,1.1060871750844286
13520.0,103,16947.0,114.50675675675676,2.139844434589008,103,103,16947.0,0.0693427953629872,1.216500480937082,2.139844434589008,103,16947.0,1.216500480937082
13525.0,100,16412.0,111.64625850340136,2.144711023789091,100,100,16412.0,0.07643832923942173,1.3607641539292437,2.144711023789091,100,16412.0,1.3607641539292437
13530.0,97,15274.0,103.9047619047619,2.19285910971524,97,97,14981.0,0.06836061549501665,1.2868824130865657,2.19285910971524,97,14981.0,1.2868824130865657
13535.0,93,14126.0,96.75342465753425,2.4404321405578977,93,93,14126.0,0.08463540445203319,1.5388350058167803,2.4404321405578977,93,14126.0,1.5388350058167803
13540.0,90,12896.0,89.55555555555556,2.1858180812696073,90,90,12896.0,0.07390678556527276,1.3797515177792,2.1858180812696073,90,12896.0,1.3797515177792
13545.0,94,11792.0,81.32413793103449,2.2854026862642938,94,94,11758.0,0.07051424958024013,1.3362489709845586,2.2854026862642938,94,11758.0,1.3362489709845586
13550.0,99,10726.0,72.47297297297297,2.2680398877643553,99,99,10726.0,0.06628436631209861,1.2451437202843094,2.2680398877643553,99,10726.0,1.2451437202843094
13555.0,98,9578.0,64.71621621621621,2.208482622201872,98,98,9578.0,0.05770558728798528,1.1218644626120948,2.208482622201872,98,9578.0,1.1218644626120948
13560.0,95,8358.0,56.857142857142854,2.2683996722535715,95,95,8330.0,0.0641544673782663,1.2078371443600429,2.2683996722535715,95,8330.0,1.2078371443600429
13565.0,92,7128.0,48.16216216216216,2.455666110275675,92,92,7128.0,0.07711177736350285,1.39356020412245,2.455666110275675,92,7128.0,1.39356020412245
13570.0,88,5912.0,40.772413793103446,2.6652664327843514,88,88,5912.0,0.08811808301459885,1.6198748851528941,2.6652664327843514,88,5912.0,1.6198748851528941
13575.0,88,4622.0,32.09722222222222,2.491002288756942,88,88,4622.0,0.08496439221602892,1.5979674370690928,2.491002288756942,88,4622.0,1.5979674370690928
13580.0,90,3415.0,23.71527777777778,2.420013821184209,90,90,3382.0,0.07538080050028115,1.4642303921015742,2.420013821184209,90,3382.0,1.4642303921015742
13585.0,87,2458.0,16.835616438356166,2.6161054904667873,87,87,2458.0,0.08539468454144415,1.6131509495685097,2.6161054904667873,87,2458.0,1.6131509495685097
13590.0,84,1802.0,12.258503401360544,2.700709624050616,84,84,1802.0,0.082382954914261,1.6269581962097361,2.700709624050616,84,1802.0,1.6269581962097361
13595.0,90,1909.0,13.075342465753424,2.512018156441223,90,90,1876.0,0.07299636051905564,1.4355449054937566,2.512018156441223,90,1876.0,1.4355449054937566
13600.0,99,2057.0,13.993197278911564,2.1728814635108735,99,99,2057.0,0.06410863020195066,1.2250839195375904,2.1728814635108735,99,2057.0,1.2250839195375904
13605.0,98,2133.0,14.412162162162161,2.18070743429373,98,98,2133.0,0.059822930939776586,1.1332012095889183,2.18070743429373,98,2133.0,1.1332012095889183
13610.0,95,2138.0,14.253333333333334,2.3796717271052694,95,95,2110.0,0.06624963967832112,1.238395618447975,2.3796717271052694,95,2110.0,1.238395618447975
13615.0,92,2155.0,14.76027397260274,2.4539293865146856,92,92,2155.0,0.07485806730483484,1.4163996954256475,2.4539293865146856,92,2155.0,1.4163996954256475
13620.0,88,2117.0,14.5,2.553391413462898,88,88,2117.0,0.07148950512287607,1.3871781886523773,2.553391413462898,88,2117.0,1.3871781886523773
13625.0,89,2085.0,14.087837837837839,2.6390604406465066,89,89,2057.0,0.07312852140626158,1.3961417322834668,2.6390604406465066,89,2057.0,1.3961417322834668
13630.0,90,2055.0,14.075342465753424,2.535324990277221,90,90,2055.0,0.07553280057041686,1.4214492187500003,2.535324990277221,90,2055.0,1.4214492187500003
13635.0,87,2020.0,14.027777777777779,2.4974291426963644,87,87,2020.0,0.08363019756858796,1.53462161027118,2.4974291426963644,87,2020.0,1.53462161027118
13640.0,85,1968.0,13.572413793103449,2.525844034452189,84,85,1967.0,0.07997840382714572,1.5646147824772139,2.525844034452189,84,1967.0,1.5646147824772139
13645.0,91,2009.0,13.95138888888889,2.321674983807585,91,91,2009.0,0.07335452032549024,1.4333832764985426,2.321674983807585,91,2009.0,1.4333832764985426
13650.0,94,2048.0,13.931972789115646,2.2707191827880853,94,94,2030.0,0.06862973197759141,1.3410597166857339,2.2707191827880853,94,2030.0,1.3410597166857339
13655.0,92,1993.0,13.744827586206897,2.0277538698291875,92,92,1988.0,0.06322332478538151,1.222132551190384,2.0277538698291875,92,1988.0,1.222132551190384
13660.0,97,2025.0,13.86986301369863,1.8679536537960986,96,97,1986.0,0.06222669730370099,1.1623127299309295,1.8679536537960986,96,1986.0,1.1623127299309295
13665.0,96,2088.0,14.301369863013699,1.881620330097504,96,96,2088.0,0.06321132006068986,1.2021715436318483,1.881620330097504,96,2088.0,1.2021715436318483
13670.0,97,2174.0,15.202797202797203,1.6176687874566151,97,97,2171.0,0.05553169379390548,1.075553708677617,1.6176687874566151,97,2171.0,1.075553708677617
13675.0,97,2309.0,16.03472222222222,1.7925489998198667,97,97,2296.0,0.06501933420851586,1.2153931123541326,1.7925489998198667,97,2296.0,1.2153931123541326
13680.0,97,2445.0,16.746575342465754,1.979861296365335,97,97,2445.0,0.06866191065707272,1.2689825722842027,1.979861296365335,97,2445.0,1.2689825722842027
13685.0,95,2586.0,17.355704697986578,1.966468464349267,95,95,2586.0,0.05997847022701225,1.171888491754925,1.966468464349267,95,2586.0,1.171888491754925
13690.0,100,2853.0,19.02,1.9723754415159465,100,100,2840.0,0.05474821344750555,1.115113331181775,1.9723754415159465,100,2840.0,1.115113331181775
13695.0,107,3173.0,21.013245033112582,1.8084320508251228,107,107,3173.0,0.04867490621802517,0.9533065887418478,1.8084320508251228,107,3173.0,0.9533065887418478
13700.0,107,2677.0,17.846666666666668,1.7364521862787559,107,107,2677.0,0.04975570579529757,0.9386956684587581,1.7364521862787559,107,2677.0,0.9386956684587581
13705.0,108,2739.0,18.26,1.7006550008794692,108,108,2403.0,0.04800682461715163,0.9174083797008706,1.7006550008794692,108,2403.0,0.9174083797008706
13710.0,110,3183.0,21.079470198675498,1.8496150092823687,110,110,3183.0,0.05187405682633297,0.9618331609740275,1.8496150092823687,110,3183.0,0.9618331609740275
13715.0,116,3633.0,24.22,1.578180391564844,116,116,3633.0,0.04403725375717207,0.8187890754650058,1.578180391564844,116,3633.0,0.8187890754650058
13720.0,123,4157.0,27.348684210526315,1.41446548298159,123,123,4143.0,0.03520560940196808,0.6438509445607045,1.41446548298159,123,4143.0,0.6438509445607045
13725.0,123,4697.0,31.105960264900663,1.5116179920581763,123,123,4697.0,0.039313102057715626,0.7234126361207525,1.5116179920581763,123,4697.0,0.7234126361207525
13730.0,120,5096.0,33.973333333333336,1.3821416502018549,120,120,5096.0,0.029480470489175858,0.5767375426330457,1.3821416502018549,120,5096.0,0.5767375426330457
13735.0,117,5404.0,36.76190476190476,1.413968934844225,117,117,5361.0,0.038276907702044866,0.7239646109135977,1.413968934844225,117,5361.0,0.7239646109135977
13740.0,117,5764.0,38.945945945945944,1.577214804362888,117,117,5764.0,0.04423215338641978,0.8045557021977976,1.577214804362888,117,5764.0,0.8045557021977976
13745.0,118,5811.0,38.23026315789474,1.5546447888686756,118,118,5811.0,0.03416363074615583,0.6672692933064555,1.5546447888686756,118,5811.0,0.6672692933064555
13750.0,114,5636.0,37.324503311258276,1.7006461990411448,114,114,5533.0,0.04435387563956446,0.8365546590499149,1.7006461990411448,114,5533.0,0.8365546590499149
13755.0,112,5447.0,35.83552631578947,1.8304951792678035,112,112,5447.0,0.05162252157731187,0.962130434782604,1.8304951792678035,112,5447.0,0.962130434782604
13760.0,108,5247.0,34.51973684210526,2.1535884438903294,108,108,5247.0,0.062396109324541746,1.1595924528773693,2.1535884438903294,108,5247.0,1.1595924528773693
13765.0,104,4959.0,32.841059602649004,2.0576407330286584,104,104,4959.0,0.06263926735190563,1.1318087291118755,2.0576407330286584,104,4959.0,1.1318087291118755
13770.0,103,4724.0,31.70469798657718,2.0974159679584568,103,103,4694.0,0.06775761631096233,1.2285079105264693,2.0974159679584568,103,4694.0,1.2285079105264693
13775.0,103,4489.0,30.746575342465754,2.1068291154149765,103,103,4489.0,0.07259104424529135,1.30866456405676,2.1068291154149765,103,4489.0,1.30866456405676
13780.0,100,4143.0,28.183673469387756,2.0522187307007487,100,100,4143.0,0.05526648012470545,1.0505417779828157,2.0522187307007487,100,4143.0,1.0505417779828157
13785.0,97,3713.0,25.258503401360546,2.317992370481269,97,97,3680.0,0.06447061830487814,1.220320194989869,2.317992370481269,97,3680.0,1.220320194989869
13790.0,92,3260.0,22.328767123287673,2.39740819982631,92,92,3260.0,0.07215105408544967,1.3612016076283966,2.39740819982631,92,3260.0,1.3612016076283966
13795.0,89,2764.0,19.32867132867133,2.3236613874884484,89,89,2764.0,0.07116145413893527,1.3671726472665646,2.3236613874884484,89,2764.0,1.3671726472665646
13800.0,89,2359.0,16.381944444444443,2.464781161467581,89,89,2331.0,0.07237730391191588,1.3829344063034479,2.464781161467581,89,2331.0,1.3829344063034479
13805.0,90,1980.0,13.378378378378379,2.6082511429167092,90,90,1980.0,0.07959655608434131,1.4733314735493033,2.6082511429167092,90,1980.0,1.4733314735493033
13810.0,88,1680.0,11.506849315068493,2.5563013853601713,87,88,1679.0,0.0792087954947312,1.483886656498863,2.5563013853601713,87,1679.0,1.483886656498863
13815.0,92,1723.0,11.72108843537415,2.370861922222683,92,92,1710.0,0.06613077515834737,1.265347203532419,2.370861922222683,92,1710.0,1.265347203532419
13820.0,93,1778.0,12.347222222222221,2.249438084914101,93,93,1778.0,0.06926514610063435,1.2864856650708776,2.249438084914101,93,1778.0,1.2864856650708776
13825.0,92,1824.0,12.666666666666666,2.1854951809004435,92,92,1824.0,0.07374643604220749,1.37308806656432,2.1854951809004435,92,1824.0,1.37308806656432
13830.0,87,1508.0,10.4,2.3563395627549144,87,87,1508.0,0.07856209017231185,1.4605863343913015,2.3563395627549144,87,1508.0,1.4605863343913015
13835.0,87,1366.0,9.48611111111111,2.351066740858213,87,87,1252.0,0.08165904769123435,1.4641217319488493,2.351066740858213,87,1252.0,1.4641217319488493
13840.0,90,1400.0,9.655172413793103,2.3344523041302874,90,90,1400.0,0.07837707144548725,1.3675701176105306,2.3344523041302874,90,1400.0,1.3675701176105306
13845.0,91,1344.0,9.333333333333334,2.2436726402489606,91,91,1344.0,0.07186044407532984,1.2856661879605713,2.2436726402489606,91,1344.0,1.2856661879605713
13850.0,94,1506.0,10.531468531468532,2.026678621379371,94,94,1446.0,0.06411973543075833,1.14944716570043,2.026678621379371,94,1446.0,1.14944716570043
13855.0,98,1776.0,12.248275862068965,2.1191749607415127,98,98,1776.0,0.06585726735980459,1.1769147430899916,2.1191749607415127,98,1776.0,1.1769147430899916
13860.0,99,2026.0,14.069444444444445,1.9611102925373822,99,99,2026.0,0.05918386629453562,1.0659073834561037,1.9611102925373822,99,2026.0,1.0659073834561037
13865.0,101,2291.0,15.585034013605442,1.991096156166073,101,101,2263.0,0.05760174289321085,1.0469707858425121,1.991096156166073,101,2263.0,1.0469707858425121
13870.0,103,2570.0,17.364864864864863,2.089676713579307,103,103,2570.0,0.062029578691331674,1.1473312729129135,2.089676713579307,103,2570.0,1.1473312729129135
13875.0,101,2680.0,17.986577181208055,2.008817666123983,101,101,2680.0,0.05379418259365078,1.019264395909432,2.008817666123983,101,2680.0,1.019264395909432
13880.0,102,2703.0,18.140939597315437,2.1317842613151323,102,102,2640.0,0.062101946802654455,1.1663732281654822,2.1317842613151323,102,2640.0,1.1663732281654822
13885.0,103,2737.0,18.125827814569536,2.2732604303137216,103,103,2737.0,0.06634409682840965,1.2263371685991393,2.2732604303137216,103,2737.0,1.2263371685991393
13890.0,103,2731.0,18.08609271523179,2.210270376106318,103,103,2731.0,0.06065083551297254,1.1346619728486649,2.210270376106318,103,2731.0,1.1346619728486649
13895.0,105,2778.0,18.52,2.161838813444969,105,105,2735.0,0.05477581822939133,1.0410847388758033,2.161838813444969,105,2735.0,1.0410847388758033
13900.0,108,2838.0,18.92,1.9177108255874855,108,108,2838.0,0.04787568040191617,0.8755884882606283,1.9177108255874855,108,2838.0,0.8755884882606283
13905.0,107,2812.0,19.0,1.8403800668442292,107,107,2812.0,0.04609394602490071,0.8953948513659037,1.8403800668442292,107,2812.0,0.8953948513659037
13910.0,103,2708.0,18.421768707482993,1.8365609566139036,103,103,2680.0,0.050160927836326606,0.9414285714285668,1.8365609566139036,103,2680.0,0.9414285714285668
13915.0,98,2583.0,17.813793103448276,2.0407742569485645,98,98,2583.0,0.06661290542151545,1.218132425789097,2.0407742569485645,98,2583.0,1.218132425789097
13920.0,93,2267.0,15.964788732394366,1.8529448276731737,93,93,2267.0,0.056453457769510385,1.1061283384494103,1.8529448276731737,93,2267.0,1.1061283384494103
13925.0,90,2036.0,14.237762237762238,1.9912300434884846,90,90,1978.0,0.06349663409291276,1.2392025641025624,1.9912300434884846,90,1978.0,1.2392025641025624
13930.0,95,2026.0,14.069444444444445,2.0621249897826783,95,95,2026.0,0.06704238453845474,1.2325889686584912,2.0621249897826783,95,2026.0,1.2325889686584912
13935.0,101,2001.0,13.993006993006993,1.7192880362957639,101,101,2001.0,0.05556053454747211,1.0389047881592859,1.7192880362957639,101,2001.0,1.0389047881592859
13940.0,99,2035.0,14.131944444444445,1.857695001350499,99,99,2022.0,0.065088296050786,1.1651883953581508,1.857695001350499,99,2022.0,1.1651883953581508
13945.0,103,2311.0,15.82876712328767,1.8494931885984984,103,103,2311.0,0.06493692638071119,1.1203245945142315,1.8494931885984984,103,2311.0,1.1203245945142315
13950.0,103,2600.0,17.56756756756757,2.079673775136885,103,103,2600.0,0.06746576015140282,1.1892321232413485,2.079673775136885,103,2600.0,1.1892321232413485
13955.0,99,2875.0,19.5578231292517,2.3502491833034282,99,99,2875.0,0.08630351906854986,1.4867992518198676,2.3502491833034282,99,2875.0,1.4867992518198676
13960.0,97,3136.0,21.046979865771814,2.4555857062246806,97,97,3136.0,0.07884491369908077,1.4341293508014497,2.4555857062246806,97,3136.0,1.4341293508014497
13965.0,94,3392.0,22.91891891891892,2.505634562087896,94,94,3392.0,0.0843550767222059,1.5710497215049324,2.505634562087896,94,3392.0,1.5710497215049324
13970.0,92,3441.0,23.568493150684933,2.4257110962228285,92,92,3441.0,0.08225962584795286,1.5714521722924837,2.4257110962228285,92,3441.0,1.5714521722924837
13975.0,93,3424.0,23.45205479452055,2.4502737065916484,93,93,3346.0,0.08334205027740127,1.5814627784824988,2.4502737065916484,93,3346.0,1.5814627784824988
13980.0,93,3407.0,23.17687074829932,2.540592307916752,93,93,3407.0,0.08984806235687065,1.6226550387596668,2.540592307916752,93,3407.0,1.6226550387596668
13985.0,89,3334.0,22.375838926174495,2.6678562468676303,89,89,3334.0,0.08883185077094471,1.6527982309313636,2.6678562468676303,89,3334.0,1.6527982309313636
13990.0,87,3215.0,21.433333333333334,2.793711827901409,87,87,3201.0,0.08258501739017629,1.57942316591235,2.793711827901409,87,3201.0,1.57942316591235
13995.0,84,3086.0,20.573333333333334,2.9176758368745626,84,84,3086.0,0.0916294097356823,1.7410248907536452,2.9176758368745626,84,3086.0,1.7410248907536452
14000.0,80,2970.0,20.34246575342466,3.0455546809353855,80,80,2970.0,0.11006275003165923,2.018103744239993,3.0455546809353855,80,2970.0,2.018103744239993
14005.0,82,2887.0,19.773972602739725,2.9981023981916444,82,82,2887.0,0.11154008607996158,2.027190340104488,2.9981023981916444,82,2887.0,2.027190340104488
14010.0,84,2580.0,17.43243243243243,2.8423924628156456,84,84,2580.0,0.09763584360349144,1.840262742580415,2.8423924628156456,84,2580.0,1.840262742580415
14015.0,88,2199.0,14.959183673469388,2.479107198712016,87,88,2198.0,0.07809126124793049,1.445468709126742,2.479107198712016,87,2198.0,1.445468709126742
14020.0,87,2036.0,13.945205479452055,2.3784611955100767,87,87,2036.0,0.06912006446403901,1.3072496417811605,2.3784611955100767,87,2036.0,1.3072496417811605
14025.0,86,1884.0,13.083333333333334,2.3694493929305667,86,86,1882.0,0.07099466231917559,1.3645442394375318,2.3694493929305667,86,1882.0,1.3645442394375318
14030.0,92,1834.0,12.648275862068965,2.2397829863386667,92,92,1775.0,0.06799619271904303,1.2602245276677042,2.2397829863386667,92,1775.0,1.2602245276677042
14035.0,96,1929.0,13.584507042253522,1.9776833892256147,96,96,1929.0,0.06626464511557299,1.219026541902178,1.9776833892256147,96,1929.0,1.219026541902178
14040.0,101,2350.0,16.549295774647888,1.7456606862865727,101,101,2350.0,0.05613216720656626,1.0232936275658049,1.7456606862865727,101,2350.0,1.0232936275658049
14045.0,105,2783.0,19.061643835616437,1.746942929438803,105,105,2769.0,0.058660595076816716,1.0627724222583363,1.746942929438803,105,2769.0,1.0627724222583363
14050.0,107,3233.0,21.697986577181208,1.855298493494304,107,107,3233.0,0.06224464194849384,1.120317964162289,1.855298493494304,107,3233.0,1.120317964162289
14055.0,113,3651.0,24.178807947019866,1.7319001673558794,113,113,3651.0,0.052437432395473105,0.9721031721232763,1.7319001673558794,113,3651.0,0.9721031721232763
14060.0,119,4016.0,26.953020134228186,1.5319941795938217,119,119,3974.0,0.04169807300013153,0.7509782189650922,1.5319941795938217,119,3974.0,0.7509782189650922
14065.0,118,4389.0,29.066225165562916,1.8415950074181404,118,118,4389.0,0.05604857759251288,0.9920322861015828,1.8415950074181404,118,4389.0,0.9920322861015828
14070.0,116,4702.0,31.346666666666668,1.6905337562036333,116,116,4702.0,0.04611296666681194,0.8754855764268201,1.6905337562036333,116,4702.0,0.8754855764268201
14075.0,111,4970.0,33.13333333333333,1.6855278563460487,111,111,4957.0,0.0446667744910259,0.8394441995278529,1.6855278563460487,111,4957.0,0.8394441995278529
14080.0,111,5279.0,34.96026490066225,1.732655340233654,111,111,5279.0,0.04775668568477171,0.8874072174319166,1.732655340233654,111,5279.0,0.8874072174319166
14085.0,114,5581.0,36.96026490066225,1.558734041032146,114,114,5581.0,0.04011800342689626,0.7533020551875659,1.558734041032146,114,5581.0,0.7533020551875659
14090.0,115,5861.0,38.30718954248366,1.6432598520261787,115,115,5848.0,0.04149921612610185,0.7566225357568138,1.6432598520261787,115,5848.0,0.7566225357568138
14095.0,111,6129.0,40.32236842105263,1.8402407129789604,111,111,6129.0,0.052677889974540364,0.952908517356173,1.8402407129789604,111,6129.0,0.952908517356173
14100.0,110,6382.0,41.98684210526316,1.8759701825795743,110,110,6382.0,0.0538899819970958,0.9514857811231988,1.8759701825795743,110,6382.0,0.9514857811231988
14105.0,106,6264.0,41.21052631578947,1.9641742675583258,106,106,6264.0,0.06220042863916742,1.11846358057264,1.9641742675583258,106,6264.0,1.11846358057264
14110.0,101,5912.0,39.152317880794705,2.124625171309195,101,101,5794.0,0.06292030206527018,1.1804610572433039,2.124625171309195,101,5794.0,1.1804610572433039
14115.0,97,5596.0,36.81578947368421,2.3889268742799588,97,97,5596.0,0.07669376761003159,1.3854743956350564,2.3889268742799588,97,5596.0,1.3854743956350564
14120.0,93,5214.0,34.52980132450331,2.4846411355885785,93,93,5214.0,0.08049005027111482,1.4699006824826726,2.4846411355885785,93,5214.0,1.4699006824826726
14125.0,95,4827.0,32.18,2.3979436352065804,95,95,4793.0,0.07561571126168808,1.3833052624882187,2.3979436352065804,95,4793.0,1.3833052624882187
14130.0,96,4580.0,30.13157894736842,2.607876410654365,96,96,4580.0,0.08402595910775759,1.5399088344784422,2.607876410654365,96,4580.0,1.5399088344784422
14135.0,97,4295.0,28.25657894736842,2.4429196390241423,97,97,4295.0,0.06824960858242522,1.2984584419044136,2.4429196390241423,97,4295.0,1.2984584419044136
14140.0,99,3961.0,26.583892617449663,2.1146585718844184,99,99,3933.0,0.05900275129549063,1.1285240109932466,2.1146585718844184,99,3933.0,1.1285240109932466
14145.0,95,3623.0,24.47972972972973,2.4063286650230125,95,95,3623.0,0.07609457231063803,1.3965509118405166,2.4063286650230125,95,3623.0,1.3965509118405166
14150.0,92,3208.0,21.82312925170068,2.2953461844788476,92,92,3208.0,0.06595491839525924,1.2785320609622914,2.2953461844788476,92,3208.0,1.2785320609622914
14155.0,92,2768.0,18.829931972789115,2.4368463105326157,92,92,2740.0,0.07201564021878651,1.3673190807127007,2.4368463105326157,92,2740.0,1.3673190807127007
14160.0,94,2329.0,15.952054794520548,2.212480593395963,94,94,2329.0,0.06986225627931994,1.2510461538461544,2.212480593395963,94,2329.0,1.2510461538461544
14165.0,91,1781.0,12.033783783783784,2.244774348318846,91,91,1781.0,0.06602407305823763,1.266311127706094,2.244774348318846,91,1781.0,1.266311127706094
14170.0,93,1483.0,10.157534246575343,2.128683870217285,93,93,1403.0,0.06597302755950414,1.2438193832932798,2.128683870217285,93,1403.0,1.2438193832932798
14175.0,101,1674.0,11.234899328859061,2.096287188247463,101,101,1674.0,0.06225235556004152,1.1762515499892892,2.096287188247463,101,1674.0,1.1762515499892892
14180.0,105,1803.0,12.02,1.9294477872048048,105,105,1803.0,0.050597952169335755,1.010661854120539,1.9294477872048048,105,1803.0,1.010661854120539
14185.0,105,1871.0,12.30921052631579,1.9520929710824295,105,105,1843.0,0.057362214541514085,1.0672116788321147,1.9520929710824295,105,1843.0,1.0672116788321147
14190.0,100,1929.0,12.86,2.077428683690098,100,100,1929.0,0.07264586688926473,1.3222969085757308,2.077428683690098,100,1929.0,1.3222969085757308
14195.0,99,1819.0,12.208053691275168,1.9734403235263174,98,99,1818.0,0.062212443002842455,1.1725188323353137,1.9734403235263174,98,1818.0,1.1725188323353137
14200.0,97,1639.0,11.074324324324325,1.8840141488186193,97,97,1581.0,0.05778181283459004,1.0791228483007294,1.8840141488186193,97,1581.0,1.0791228483007294
14205.0,98,1716.0,11.594594594594595,1.9385164953026126,98,98,1716.0,0.06241939559215264,1.1659677227285432,1.9385164953026126,98,1716.0,1.1659677227285432
14210.0,102,1868.0,12.621621621621621,1.6987480890871416,102,102,1868.0,0.0514921828010484,1.0035555555555387,1.6987480890871416,102,1868.0,1.0035555555555387
14215.0,104,2061.0,13.925675675675675,1.6690511406285988,104,104,2048.0,0.05248835149192752,0.9979229741490364,1.6690511406285988,104,2048.0,0.9979229741490364
14220.0,108,2367.0,15.885906040268456,1.6762689627375456,108,108,2367.0,0.0541474928946472,0.9800802919708084,1.6762689627375456,108,2367.0,0.9800802919708084
14225.0,110,2639.0,17.47682119205298,1.5565582623784,109,110,2638.0,0.048986713267582416,0.9118834656606265,1.5565582623784,109,2638.0,0.9118834656606265
14230.0,107,2866.0,18.855263157894736,1.625023153668144,107,107,2852.0,0.04550527629513308,0.8576274647695467,1.625023153668144,107,2852.0,0.8576274647695467
14235.0,106,3114.0,20.352941176470587,1.7469066629067365,106,106,3114.0,0.05586549541708304,1.0342714285714263,1.7469066629067365,106,3114.0,1.0342714285714263
14240.0,106,3372.0,22.03921568627451,1.836015652033171,106,106,3372.0,0.056474152318469265,1.0964049948419574,1.836015652033171,106,3372.0,1.0964049948419574
14245.0,108,3656.0,23.895424836601308,1.8508456164362805,108,108,3643.0,0.05455332876191034,1.0533050182268195,1.8508456164362805,108,3643.0,1.0533050182268195
14250.0,108,4045.0,26.788079470198674,1.9346318483738265,108,108,4045.0,0.0653538156814027,1.1937975652584627,1.9346318483738265,108,4045.0,1.1937975652584627
14255.0,109,4387.0,28.673202614379086,1.8078560541571256,108,109,4386.0,0.05110754936895398,0.9622111880531217,1.8078560541571256,108,4386.0,0.9622111880531217
14260.0,108,4691.0,30.26451612903226,1.832453203250092,108,108,4677.0,0.04571282793573122,0.8615672608999229,1.832453203250092,108,4677.0,0.8615672608999229
14265.0,107,5027.0,32.8562091503268,1.7933423184127657,107,107,5027.0,0.04981504547176021,0.9531126181385711,1.7933423184127657,107,5027.0,0.9531126181385711
14270.0,107,5365.0,35.296052631578945,1.6754757965131426,107,107,5365.0,0.04681867949893305,0.9105036231884024,1.6754757965131426,107,5365.0,0.9105036231884024
14275.0,108,5714.0,37.841059602649004,1.7745758003405627,108,108,5701.0,0.05339463074698379,0.9689370344581909,1.7745758003405627,108,5701.0,0.9689370344581909
14280.0,109,6105.0,40.43046357615894,1.8336174167628834,109,109,6105.0,0.05666827024659657,0.9766342440563206,1.8336174167628834,109,6105.0,0.9766342440563206
14285.0,109,6139.0,40.12418300653595,1.7284778084110575,109,109,6139.0,0.049565003840986055,0.9027103427525334,1.7284778084110575,109,6139.0,0.9027103427525334
14290.0,105,5919.0,38.94078947368421,1.8109588399499525,105,105,5801.0,0.054293355156725835,1.0155814802147736,1.8109588399499525,105,5801.0,1.0155814802147736
14295.0,103,5687.0,37.169934640522875,1.9766547783588795,103,103,5687.0,0.06404521268824485,1.202405324574603,1.9766547783588795,103,5687.0,1.202405324574603
14300.0,99,5351.0,35.203947368421055,2.033295576492748,99,99,5351.0,0.06744258893256407,1.2486858669448138,2.033295576492748,99,5351.0,1.2486858669448138
14305.0,97,4967.0,32.4640522875817,2.184140260072463,97,97,4938.0,0.06799696774007782,1.2841129927621338,2.184140260072463,97,4938.0,1.2841129927621338
14310.0,97,4695.0,31.09271523178808,2.272176120400798,97,97,4695.0,0.07842512527834594,1.4542108325994338,2.272176120400798,97,4695.0,1.4542108325994338
14315.0,102,4429.0,28.947712418300654,2.078592928539087,102,102,4429.0,0.05933803351147257,1.148071464511848,2.078592928539087,102,4429.0,1.148071464511848
14320.0,104,4115.0,26.895424836601308,1.9477395762060012,104,104,4087.0,0.051598741851148905,0.9912499999999956,1.9477395762060012,104,4087.0,0.9912499999999956
14325.0,101,3800.0,24.836601307189543,2.1283875260132605,101,101,3800.0,0.06360844720403268,1.1590104619817532,2.1283875260132605,101,3800.0,1.1590104619817532
14330.0,98,3385.0,22.269736842105264,2.049300873144999,98,98,3385.0,0.057363569862928766,1.0800569840607133,2.049300873144999,98,3385.0,1.0800569840607133
14335.0,94,2924.0,19.364238410596027,2.271257358950451,94,94,2896.0,0.06703779661259963,1.259733548655308,2.271257358950451,94,2896.0,1.259733548655308
14340.0,95,2495.0,16.633333333333333,2.2540574410881566,95,95,2495.0,0.06937712476228146,1.2773458646616498,2.2540574410881566,95,2495.0,1.2773458646616498
14345.0,95,1981.0,12.863636363636363,2.2521359582291023,95,95,1981.0,0.06308732594950567,1.2011417179387096,2.2521359582291023,95,1981.0,1.2011417179387096
14350.0,92,1535.0,10.098684210526315,2.28793724679296,92,92,1507.0,0.06822394265577426,1.2805226315339833,2.28793724679296,92,1507.0,1.2805226315339833
14355.0,97,1671.0,10.993421052631579,2.2765374025659924,97,97,1671.0,0.07315063783381265,1.3492810026141848,2.2765374025659924,97,1671.0,1.3492810026141848
14360.0,102,1785.0,11.821192052980132,2.10106776211825,102,102,1785.0,0.06378076068287278,1.1890782343927657,2.10106776211825,102,1785.0,1.1890782343927657
14365.0,102,1845.0,12.058823529411764,2.1247653893800007,102,102,1817.0,0.06057226207754751,1.0912908819505183,2.1247653893800007,102,1817.0,1.0912908819505183
14370.0,99,1896.0,12.392156862745098,2.374510647020716,99,99,1896.0,0.07465201022548609,1.3062667100982306,2.374510647020716,99,1896.0,1.3062667100982306
14375.0,96,1934.0,12.723684210526315,2.5511584055290313,96,96,1934.0,0.0817069335446827,1.4509357300568446,2.5511584055290313,96,1934.0,1.4509357300568446
14380.0,96,1949.0,12.993333333333334,2.352899600871389,96,96,1949.0,0.07594099300853445,1.3590176318049991,2.352899600871389,96,1949.0,1.3590176318049991
14385.0,96,2035.0,13.75,2.1973393404547594,96,96,2033.0,0.06552033096271924,1.220823295286942,2.1973393404547594,96,2033.0,1.220823295286942
14390.0,99,2219.0,14.695364238410596,2.2226201245510437,99,99,2218.0,0.06617754957707284,1.1903086958798947,2.2226201245510437,99,2218.0,1.1903086958798947
14395.0,100,2429.0,16.302013422818792,2.019766983621701,100,100,2429.0,0.06406484542705551,1.1703588886799885,2.019766983621701,100,2429.0,1.1703588886799885
14400.0,105,2721.0,18.261744966442954,1.8724358541912016,105,105,2708.0,0.056439955660964464,1.0567932192406069,1.8724358541912016,105,2708.0,1.0567932192406069
14405.0,106,3028.0,19.92105263157895,2.0431350324415214,106,106,3028.0,0.06064356434334795,1.1039304224648865,2.0431350324415214,106,3028.0,1.1039304224648865
14410.0,102,3125.0,20.833333333333332,2.0443776060212193,102,102,3125.0,0.060830906678323644,1.1561672398262897,2.0443776060212193,102,3125.0,1.1561672398262897
14415.0,99,3075.0,20.230263157894736,2.2228434011496088,99,99,3012.0,0.06526267798328377,1.2182945793070672,2.2228434011496088,99,3012.0,1.2182945793070672
14420.0,97,3017.0,19.718954248366014,2.515503449778587,97,97,3017.0,0.07891620199022888,1.4696724557849017,2.515503449778587,97,3017.0,1.4696724557849017
14425.0,95,2905.0,19.23841059602649,2.4025196775649276,95,95,2905.0,0.07298685884095747,1.424267938828089,2.4025196775649276,95,2905.0,1.424267938828089
14430.0,94,2874.0,19.16,2.4906709574503885,94,94,2847.0,0.07793712344298992,1.4907547610720058,2.4906709574503885,94,2847.0,1.4907547610720058
14435.0,100,2959.0,19.726666666666667,2.266026614413643,100,100,2959.0,0.06909146662132017,1.2527018553060985,2.266026614413643,100,2959.0,1.2527018553060985
14440.0,102,3063.0,20.28476821192053,2.1980916261577645,102,102,3063.0,0.06109511228349825,1.0831742657528787,2.1980916261577645,102,3063.0,1.0831742657528787
14445.0,101,3068.0,20.590604026845636,2.057567323439404,101,101,3068.0,0.05611242758623439,0.9988919382978465,2.057567323439404,101,3068.0,0.9988919382978465
14450.0,98,2990.0,20.06711409395973,2.075852408431821,98,98,2957.0,0.060564828654823,1.101225690309343,2.075852408431821,98,2957.0,1.101225690309343
14455.0,97,2924.0,19.756756756756758,2.1034871857008115,97,97,2924.0,0.06782742518754051,1.2317704436921098,2.1034871857008115,97,2924.0,1.2317704436921098
14460.0,94,2888.0,19.64625850340136,2.3485703800474216,94,94,2888.0,0.07267762263637598,1.34799203704705,2.3485703800474216,94,2888.0,1.34799203704705
14465.0,95,2741.0,18.273333333333333,2.394869021721499,95,95,2741.0,0.07302736317485478,1.3381917520110649,2.394869021721499,95,2741.0,1.3381917520110649
14470.0,94,2519.0,16.793333333333333,2.4477573040066076,94,94,2481.0,0.06995587500942875,1.3416744984756284,2.4477573040066076,94,2481.0,1.3416744984756284
14475.0,93,2381.0,16.08783783783784,2.491202744601557,93,93,2381.0,0.07493912791804186,1.4389035289211307,2.491202744601557,93,2381.0,1.4389035289211307
14480.0,94,2393.0,16.16891891891892,2.4056342536305535,94,94,2393.0,0.07506819547490809,1.4065828767051476,2.4056342536305535,94,2393.0,1.4065828767051476
14485.0,99,2490.0,16.711409395973153,2.3083545205205533,99,99,2457.0,0.06767139778300972,1.2826053590655848,2.3083545205205533,99,2457.0,1.2826053590655848
14490.0,99,2604.0,17.24503311258278,2.4397264674996,99,99,2604.0,0.07314925526469787,1.3482594905136362,2.4397264674996,99,2604.0,1.3482594905136362
14495.0,98,2681.0,17.873333333333335,2.3389666833161216,98,98,2681.0,0.06262752106601024,1.1740354869089316,2.3389666833161216,98,2681.0,1.1740354869089316
14500.0,98,2719.0,18.126666666666665,2.2401919765299474,98,98,2706.0,0.059595861649428906,1.1357402537376642,2.2401919765299474,98,2706.0,1.1357402537376642
14505.0,93,2746.0,18.42953020134228,2.5555009511203943,93,93,2746.0,0.07498248965869354,1.4234591704332997,2.5555009511203943,93,2746.0,1.4234591704332997
14510.0,91,2833.0,19.013422818791945,2.595156834110338,91,91,2833.0,0.07460480033529598,1.4224454982156645,2.595156834110338,91,2833.0,1.4224454982156645
14515.0,96,3028.0,20.598639455782312,2.50096408530984,96,96,3022.0,0.07254999862132726,1.3280955735402478,2.50096408530984,96,3022.0,1.3280955735402478
14520.0,101,3248.0,22.555555555555557,2.178126230180988,101,101,3248.0,0.05847291894767776,1.079277783728354,2.178126230180988,101,3248.0,1.079277783728354
14525.0,103,3486.0,24.377622377622377,1.8812673664952426,103,103,3486.0,0.04417004817666716,0.8572986620955402,1.8812673664952426,103,3486.0,0.8572986620955402
14530.0,104,3796.0,26.732394366197184,1.937376181231111,104,104,3796.0,0.050967300869171,0.9721692448753426,1.937376181231111,104,3796.0,0.9721692448753426
14535.0,107,3429.0,23.97902097902098,1.6513907193541115,107,107,3429.0,0.04068167664509256,0.7738189892203726,1.6513907193541115,107,3429.0,0.7738189892203726
14540.0,110,3598.0,25.16083916083916,1.6632131433182473,110,110,3267.0,0.04683144361289095,0.8794676919089613,1.6632131433182473,110,3267.0,0.8794676919089613
14545.0,113,4067.0,28.843971631205672,1.426094398757294,113,113,4067.0,0.044995532311514985,0.8552154136046546,1.426094398757294,113,4067.0,0.8552154136046546
14550.0,112,4548.0,32.028169014084504,1.5650638883075247,112,112,4548.0,0.047739499233216486,0.9309788871641332,1.5650638883075247,112,4548.0,0.9309788871641332
14555.0,113,4768.0,33.57746478873239,1.4856104588659813,113,113,4768.0,0.043189814431184886,0.8497152225203567,1.4856104588659813,113,4768.0,0.8497152225203567
14560.0,110,4852.0,34.16901408450704,1.3788489119065603,110,110,4764.0,0.04054556827014019,0.761304517045278,1.3788489119065603,110,4764.0,0.761304517045278
14565.0,112,4961.0,34.69230769230769,1.585586778567639,112,112,4961.0,0.048724924438728244,0.859630519405301,1.585586778567639,112,4961.0,0.859630519405301
14570.0,114,5054.0,34.855172413793106,1.4034218438126687,114,114,5054.0,0.03171005948932086,0.6162737565464687,1.4034218438126687,114,5054.0,0.6162737565464687
14575.0,116,5179.0,35.96527777777778,1.4148051430416826,116,116,5166.0,0.035921025930988774,0.6823265450441774,1.4148051430416826,116,5166.0,0.6823265450441774
14580.0,118,5315.0,36.6551724137931,1.4803724336972268,118,118,5315.0,0.03972385265152642,0.7278888896611871,1.4803724336972268,118,5315.0,0.7278888896611871
14585.0,118,5230.0,35.33783783783784,1.3912811048563944,118,118,5230.0,0.031182623224906062,0.5953298608646354,1.3912811048563944,118,5230.0,0.5953298608646354
14590.0,114,4984.0,33.904761904761905,1.5831020768499837,114,114,4911.0,0.04429449656887503,0.8105407226179199,1.5831020768499837,114,4911.0,0.8105407226179199
14595.0,110,4715.0,31.85810810810811,1.6882717094064976,110,110,4715.0,0.051773315421546694,0.9441061398050792,1.6882717094064976,110,4715.0,0.9441061398050792
14600.0,106,4315.0,29.155405405405407,1.8452946266746637,106,106,4315.0,0.05493411884045006,1.0346572453554275,1.8452946266746637,106,4315.0,1.0346572453554275
14605.0,105,3988.0,26.945945945945947,2.0120378130012324,105,105,3942.0,0.059399336761542854,1.118142687614891,2.0120378130012324,105,3942.0,1.118142687614891
14610.0,104,3683.0,25.226027397260275,2.082352870960612,104,104,3683.0,0.06568234564079878,1.2159342964610496,2.082352870960612,104,3683.0,1.2159342964610496
14615.0,102,3303.0,22.779310344827586,1.9710870828693008,102,102,3303.0,0.05325784552395016,1.025709675442986,1.9710870828693008,102,3303.0,1.025709675442986
14620.0,100,3058.0,21.535211267605632,1.8088263663345592,100,100,3015.0,0.053117921796960565,0.98853244804999,1.8088263663345592,100,3015.0,0.98853244804999
14625.0,100,2958.0,20.97872340425532,1.88449607342817,100,100,2958.0,0.06236925603899759,1.1588270216934071,1.88449607342817,100,2958.0,1.1588270216934071
14630.0,100,2857.0,19.84027777777778,1.9548485390882295,100,100,2857.0,0.058318315636881626,1.0934943559685817,1.9548485390882295,100,2857.0,1.0934943559685817
14635.0,99,2736.0,19.0,2.1210471750690374,99,99,2736.0,0.06434863768716556,1.2303537011917982,2.1210471750690374,99,2736.0,1.2303537011917982
14640.0,100,2635.0,18.556338028169016,1.9249759957538353,100,100,2623.0,0.055658863803132876,1.0502098001600206,1.9249759957538353,100,2623.0,1.0502098001600206
14645.0,101,2541.0,17.52413793103448,1.9834536357320938,101,101,2541.0,0.05811472409882028,1.0863077399125094,1.9834536357320938,101,2541.0,1.0863077399125094
14650.0,100,2468.0,17.25874125874126,1.9637828376035862,100,100,2468.0,0.05820429697838891,1.08884489410461,1.9637828376035862,100,2468.0,1.08884489410461
14655.0,104,2744.0,18.924137931034483,1.926432840262734,104,104,2711.0,0.05869537885601768,1.072622605204059,1.926432840262734,104,2711.0,1.072622605204059
14660.0,110,3058.0,20.802721088435373,1.9911308105568455,110,110,3058.0,0.06060422614446907,1.0859651807368285,1.9911308105568455,110,3058.0,1.0859651807368285
14665.0,112,3383.0,23.01360544217687,1.8601191933801042,112,112,3383.0,0.05208764184705525,0.974991475137133,1.8601191933801042,112,3383.0,0.974991475137133
14670.0,114,3720.0,25.655172413793103,1.6501115046679449,114,114,3720.0,0.047557415287604786,0.8659671350386141,1.6501115046679449,114,3720.0,0.8659671350386141
14675.0,115,4071.0,28.075862068965517,1.7500361877481885,115,115,4071.0,0.049907521037912475,0.9187093910980924,1.7500361877481885,115,4071.0,0.9187093910980924
14680.0,115,4500.0,31.03448275862069,1.5495185937109937,115,115,4500.0,0.0366486086259236,0.6809018118753206,1.5495185937109937,115,4500.0,0.6809018118753206
14685.0,120,5090.0,35.84507042253521,1.2976856443912028,120,120,5083.0,0.040697837445200065,0.7076457238166114,1.2976856443912028,120,5083.0,0.7076457238166114
14690.0,126,5705.0,40.17605633802817,0.9988822728917681,126,126,5705.0,0.03289019006381019,0.547375901109047,0.9988822728917681,126,5705.0,0.547375901109047
14695.0,127,6336.0,44.93617021276596,0.9494310834356057,127,127,6336.0,0.025507055850110174,0.42802488365018443,0.9494310834356057,127,6336.0,0.42802488365018443
14700.0,128,6974.0,49.46099290780142,0.9552865537008519,128,128,6974.0,0.018763866083925395,0.3443190736504842,0.9552865537008519,128,6974.0,0.3443190736504842
14705.0,129,7619.0,52.90972222222222,0.9511207130323408,129,129,7619.0,0.019955440461074333,0.3539103028521838,0.9511207130323408,129,7619.0,0.3539103028521838
14710.0,126,8033.0,55.78472222222222,1.0630473387652193,126,126,8033.0,0.019692586171591097,0.3965971933482429,1.0630473387652193,126,8033.0,0.3965971933482429
14715.0,122,8278.0,57.486111111111114,1.1416713879736347,122,122,8205.0,0.02919162095787959,0.5701370851584703,1.1416713879736347,122,8205.0,0.5701370851584703
14720.0,118,8502.0,60.297872340425535,1.3060828731120875,118,118,8502.0,0.04534647166674222,0.8700705119297025,1.3060828731120875,118,8502.0,0.8700705119297025
14725.0,118,8703.0,60.86013986013986,1.2649896102205398,118,118,8703.0,0.035864104774329934,0.7032439653649796,1.2649896102205398,118,8703.0,0.7032439653649796
14730.0,116,8908.0,62.732394366197184,1.3786739278177162,116,116,8904.0,0.04069366776680607,0.7763879724260127,1.3786739278177162,116,8904.0,0.7763879724260127
14735.0,117,9117.0,64.20422535211267,1.4303335736030696,117,117,9117.0,0.04125315633061929,0.7656148889433375,1.4303335736030696,117,9117.0,0.7656148889433375
14740.0,116,9279.0,65.34507042253522,1.169466206693677,116,116,9279.0,0.03151515166240814,0.6038049842046385,1.169466206693677,116,9279.0,0.6038049842046385
14745.0,112,9397.0,66.17605633802818,1.410455281662665,112,112,9384.0,0.04228174738317064,0.773395678529421,1.410455281662665,112,9384.0,0.773395678529421
14750.0,107,9492.0,66.37762237762237,1.546732962546857,107,107,9492.0,0.050809815591776136,0.8888955778004105,1.546732962546857,107,9492.0,0.8888955778004105
14755.0,104,9106.0,63.67832167832168,1.6487798718615911,104,104,9106.0,0.049120502116500445,0.8919205315679161,1.6487798718615911,104,9106.0,0.8919205315679161
14760.0,99,8386.0,59.056338028169016,1.8620312685673475,99,99,8233.0,0.05654518017693572,1.0485903122551845,1.8620312685673475,99,8233.0,1.0485903122551845
14765.0,95,7643.0,53.076388888888886,2.113129697638739,95,95,7643.0,0.06571427917953664,1.2527440058788515,2.113129697638739,95,7643.0,1.2527440058788515
14770.0,90,6857.0,48.63120567375886,2.0521097944396707,90,90,6857.0,0.06755523131412886,1.307650462911986,2.0521097944396707,90,6857.0,1.307650462911986
14775.0,91,6317.0,45.121428571428574,2.076218616113162,91,91,6291.0,0.06816861750625362,1.2987337824482612,2.076218616113162,91,6291.0,1.2987337824482612
14780.0,96,5937.0,42.1063829787234,2.1644742050731143,96,96,5937.0,0.07126396884906437,1.3289624247728962,2.1644742050731143,96,5937.0,1.3289624247728962
14785.0,99,5485.0,38.09027777777778,2.0836187930130974,99,99,5485.0,0.05673209834233656,1.116753946267766,2.0836187930130974,99,5485.0,1.116753946267766
14790.0,95,4964.0,34.95774647887324,2.2163300459187556,95,95,4936.0,0.06450929194331502,1.2555718738327997,2.2163300459187556,95,4936.0,1.2555718738327997
14795.0,91,4428.0,31.183098591549296,2.3996821657073117,91,91,4428.0,0.0744782841756852,1.3824587207230095,2.3996821657073117,91,4428.0,1.3824587207230095
14800.0,88,3785.0,26.46853146853147,2.286583493436497,88,88,3785.0,0.06430230553670789,1.215421086913085,2.286583493436497,88,3785.0,1.215421086913085
14805.0,86,3120.0,22.285714285714285,2.397099231388922,86,86,3092.0,0.07372656141165547,1.3698687046636262,2.397099231388922,86,3092.0,1.3698687046636262
14810.0,88,2476.0,17.81294964028777,2.2169532560404446,88,88,2476.0,0.07161994232319216,1.3046116170740194,2.2169532560404446,88,2476.0,1.3046116170740194
14815.0,85,1789.0,13.058394160583942,2.175480124118112,85,85,1789.0,0.07301983854396474,1.3137625806646,2.175480124118112,85,1789.0,1.3137625806646
14820.0,87,1320.0,9.705882352941176,2.252234468991803,87,87,1296.0,0.07262374850620414,1.30873371036468,2.252234468991803,87,1296.0,1.30873371036468
14825.0,92,1470.0,10.5,2.2316657730445244,92,92,1470.0,0.06977423628555346,1.2338654055933747,2.2316657730445244,92,1470.0,1.2338654055933747
14830.0,93,1593.0,11.46043165467626,2.119458797111652,93,93,1593.0,0.06060053068768202,1.1063581325587022,2.119458797111652,93,1593.0,1.1063581325587022
14835.0,90,1677.0,11.978571428571428,2.2506539930480782,90,90,1664.0,0.06787261687884881,1.2447415938717201,2.2506539930480782,90,1664.0,1.2447415938717201
14840.0,88,1746.0,12.382978723404255,2.536300464064593,88,88,1746.0,0.08359211788774687,1.4990227261555396,2.536300464064593,88,1746.0,1.4990227261555396
14845.0,89,1678.0,11.900709219858156,2.2701647959467293,89,89,1678.0,0.07190258474657948,1.321351675816299,2.2701647959467293,89,1678.0,1.321351675816299
14850.0,92,1897.0,13.647482014388489,2.2185926778022527,92,92,1795.0,0.0712839721603907,1.3123665849030157,2.2185926778022527,92,1795.0,1.3123665849030157
14855.0,97,2147.0,15.557971014492754,2.127338326516147,97,97,2147.0,0.06854666630102714,1.2245865849030197,2.127338326516147,97,2147.0,1.2245865849030197
14860.0,101,2418.0,17.64963503649635,1.7814527247299505,101,101,2418.0,0.05171837380078234,0.9447298747344935,1.7814527247299505,101,2418.0,0.9447298747344935
14865.0,98,2705.0,19.744525547445257,1.9166276633292625,98,98,2705.0,0.05529364549439782,1.0190294582252024,1.9166276633292625,98,2705.0,1.0190294582252024
14870.0,104,3137.0,23.066176470588236,1.5767879072711002,104,104,3113.0,0.04478877765304436,0.8095468520269342,1.5767879072711002,104,3113.0,0.8095468520269342
14875.0,109,3596.0,26.248175182481752,1.4986601556868473,109,109,3596.0,0.04693341371514622,0.8061760700072501,1.4986601556868473,109,3596.0,0.8061760700072501
14880.0,107,3816.0,27.854014598540147,1.483743101391731,107,107,3816.0,0.04042740163470012,0.7214064726687901,1.483743101391731,107,3816.0,0.7214064726687901
14885.0,104,3865.0,27.607142857142858,1.5647210197780705,104,104,3787.0,0.04591337551402564,0.8094144321224243,1.5647210197780705,104,3787.0,0.8094144321224243
14890.0,101,3906.0,27.70212765957447,1.8905691302139396,101,101,3906.0,0.059848424107064195,1.0802542758724276,1.8905691302139396,101,3906.0,1.0802542758724276
14895.0,99,3989.0,28.697841726618705,2.0282670350699843,99,99,3989.0,0.06877326767387623,1.2651194924555316,2.0282670350699843,99,3989.0,1.2651194924555316
14900.0,100,3920.0,28.405797101449274,1.8737616216513937,100,100,3920.0,0.06818871298955301,1.2515724649088495,1.8737616216513937,100,3920.0,1.2515724649088495
14905.0,103,3747.0,26.387323943661972,1.8515414107990935,103,103,3694.0,0.058156183640369244,1.1066137174838402,1.8515414107990935,103,3694.0,1.1066137174838402
14910.0,98,3566.0,24.937062937062937,2.189611220093879,98,98,3566.0,0.07290153183189882,1.3710823273729011,2.189611220093879,98,3566.0,1.3710823273729011
14915.0,96,3324.0,23.083333333333332,2.161356642631677,96,96,3324.0,0.06610654690572408,1.2430765290356403,2.161356642631677,96,3324.0,1.2430765290356403
14920.0,98,3136.0,21.47945205479452,2.187931521208734,98,98,3109.0,0.059596533477918524,1.1260866141732233,2.187931521208734,98,3109.0,1.1260866141732233
14925.0,99,2954.0,20.372413793103448,2.2957440049919104,99,99,2954.0,0.06685190842888741,1.2467138145681769,2.2957440049919104,99,2954.0,1.2467138145681769
14930.0,96,2678.0,18.59722222222222,2.1847951167810358,96,96,2678.0,0.06003654237271987,1.163210244740741,2.1847951167810358,96,2678.0,1.163210244740741
14935.0,93,2324.0,16.251748251748253,2.2708509256697744,93,93,2296.0,0.06697685080586605,1.2368774953114865,2.2708509256697744,93,2296.0,1.2368774953114865
14940.0,88,2013.0,14.17605633802817,2.4958610197295066,88,88,2013.0,0.07887981608093354,1.456493857423291,2.4958610197295066,88,2013.0,1.456493857423291
14945.0,85,1827.0,12.776223776223777,2.510657248671811,85,85,1827.0,0.07504647135831433,1.4080716267034512,2.510657248671811,85,1827.0,1.4080716267034512
14950.0,85,1677.0,11.893617021276595,2.5616358928619887,85,85,1649.0,0.0806830576239286,1.5090598056215923,2.5616358928619887,85,1649.0,1.5090598056215923
14955.0,86,1528.0,10.836879432624114,2.440994631555918,86,86,1528.0,0.07796717056237373,1.4330803515640451,2.440994631555918,86,1528.0,1.4330803515640451
14960.0,83,1331.0,9.644927536231885,2.3709035218200625,83,83,1331.0,0.07607350950505815,1.445291808937468,2.3709035218200625,83,1331.0,1.445291808937468
14965.0,86,1251.0,9.0,2.463388411890427,86,86,1229.0,0.07489418044054184,1.4143918412040408,2.463388411890427,86,1229.0,1.4143918412040408
14970.0,90,1391.0,10.079710144927537,2.372999990834233,90,90,1391.0,0.07669455827739284,1.4193281851674326,2.372999990834233,90,1391.0,1.4193281851674326
14975.0,91,1459.0,10.572463768115941,2.2395828793823624,91,91,1459.0,0.06447655979880715,1.211529113088175,2.2395828793823624,91,1459.0,1.211529113088175
14980.0,91,1461.0,10.510791366906474,2.0880112984759798,91,91,1433.0,0.05630111416310675,1.0859342225055746,2.0880112984759798,91,1433.0,1.0859342225055746
14985.0,87,1454.0,10.46043165467626,2.344447441615309,87,87,1454.0,0.07488259064023116,1.385696319279771,2.344447441615309,87,1454.0,1.385696319279771
14990.0,85,1401.0,9.936170212765957,2.259485801370128,85,85,1401.0,0.06249810530247259,1.1767627931325668,2.259485801370128,85,1401.0,1.1767627931325668
14995.0,86,1381.0,9.864285714285714,2.4945601336812127,86,86,1353.0,0.07109689865372584,1.3295284251855508,2.4945601336812127,86,1353.0,1.3295284251855508
15000.0,86,1361.0,10.08148148148148,2.3881586697169577,86,86,1361.0,0.07793989643834269,1.4491574230664617,2.3881586697169577,86,1361.0,1.4491574230664617
15005.0,83,1295.0,9.452554744525548,2.2565754815799566,83,83,1295.0,0.06856092649834448,1.2875817706788748,2.2565754815799566,83,1295.0,1.2875817706788748
15010.0,84,1318.0,9.620437956204379,2.510954644210261,84,84,1296.0,0.07799761751481035,1.4549837413720936,2.510954644210261,84,1296.0,1.4549837413720936
15015.0,90,1455.0,10.698529411764707,2.177610843604636,90,90,1455.0,0.0719527548105705,1.3022026057585248,2.177610843604636,90,1455.0,1.3022026057585248
15020.0,91,1523.0,11.281481481481482,2.0421914083972204,91,91,1523.0,0.06616388694077982,1.2468383481094356,2.0421914083972204,91,1523.0,1.2468383481094356
15025.0,91,1518.0,10.920863309352518,2.1605899522487686,91,91,1490.0,0.06809463377213018,1.2326818290017965,2.1605899522487686,91,1490.0,1.2326818290017965
15030.0,86,1504.0,10.820143884892087,2.4096124528758684,86,86,1504.0,0.08071510994727299,1.4522813303791724,2.4096124528758684,86,1504.0,1.4522813303791724
15035.0,85,1487.0,10.77536231884058,2.470512693667672,85,85,1487.0,0.07828912730491108,1.451483643232674,2.470512693667672,85,1487.0,1.451483643232674
15040.0,86,1463.0,10.601449275362318,2.2898895350064876,86,86,1435.0,0.06491947371671337,1.2308711754583281,2.2898895350064876,86,1435.0,1.2308711754583281
15045.0,86,1447.0,10.639705882352942,2.4150856005228327,86,86,1447.0,0.07686735771182773,1.4140434496554237,2.4150856005228327,86,1447.0,1.4140434496554237
15050.0,82,1387.0,10.05072463768116,2.356087125281254,82,82,1387.0,0.06509618973271679,1.2504482076321775,2.356087125281254,82,1387.0,1.2504482076321775
15055.0,84,1410.0,10.367647058823529,2.465369529041559,84,84,1392.0,0.07121661560650638,1.3482416837260913,2.465369529041559,84,1392.0,1.3482416837260913
15060.0,89,1545.0,11.529850746268657,2.3257879914715227,89,89,1545.0,0.07030105848725163,1.34032025525022,2.3257879914715227,89,1545.0,1.34032025525022
15065.0,91,1611.0,11.845588235294118,2.0634621103554567,91,91,1611.0,0.056915310017824815,1.1043888768580081,2.0634621103554567,91,1611.0,1.1043888768580081
15070.0,87,1605.0,11.801470588235293,2.2962322130749797,87,87,1577.0,0.06865302420696975,1.308595183104333,2.2962322130749797,87,1577.0,1.308595183104333
15075.0,87,1591.0,11.364285714285714,2.3950747283203424,87,87,1591.0,0.07586863686686977,1.375913270250375,2.3950747283203424,87,1591.0,1.375913270250375
15080.0,86,1613.0,11.773722627737227,2.3453111914090634,86,86,1613.0,0.07312777162184689,1.4103709204560584,2.3453111914090634,86,1613.0,1.4103709204560584
15085.0,88,1593.0,11.627737226277372,2.2492538606043566,88,88,1565.0,0.07140653314341579,1.3361991274198688,2.2492538606043566,88,1565.0,1.3361991274198688
15090.0,85,1573.0,11.566176470588236,2.4205675036232335,85,85,1573.0,0.08301817448524845,1.5142470552885396,2.4205675036232335,85,1573.0,1.5142470552885396
15095.0,80,1535.0,11.37037037037037,2.638914488721523,80,80,1535.0,0.08913399053908225,1.6677107689672375,2.638914488721523,80,1535.0,1.6677107689672375
15100.0,79,1501.0,11.118518518518519,2.4449924564911703,79,79,1501.0,0.0765427293560901,1.4889138771076993,2.4449924564911703,79,1501.0,1.4889138771076993
15105.0,84,1611.0,12.022388059701493,2.4291524457727407,84,84,1589.0,0.0799576076403798,1.52498644808312,2.4291524457727407,84,1589.0,1.52498644808312
15110.0,88,1745.0,12.737226277372264,2.340558445600167,88,88,1745.0,0.07052992988999189,1.3444464590700613,2.340558445600167,88,1745.0,1.3444464590700613
15115.0,89,1487.0,11.014814814814814,2.1714692429190756,89,89,1487.0,0.06516621652419918,1.2570404824153985,2.1714692429190756,89,1487.0,1.2570404824153985
15120.0,88,1637.0,12.036764705882353,2.3830093330210698,88,88,1445.0,0.06440415645582265,1.2617404520938247,2.3830093330210698,88,1445.0,1.2617404520938247
15125.0,96,1950.0,14.028776978417266,2.3152288344187215,96,96,1949.0,0.06438426644454158,1.1621912359382336,2.3152288344187215,96,1949.0,1.1621912359382336
15130.0,100,2287.0,16.57246376811594,2.1888759049976074,100,100,2287.0,0.05850110834476019,1.0490465443621229,2.1888759049976074,100,2287.0,1.0490465443621229
15135.0,101,2642.0,19.144927536231883,2.096973819661002,101,101,2639.0,0.0542854856065023,1.0019571959864255,2.096973819661002,101,2639.0,1.0019571959864255
15140.0,102,3003.0,22.41044776119403,1.9741472630714656,102,102,3003.0,0.056249768677786506,1.065843894575843,1.9741472630714656,102,3003.0,1.065843894575843
15145.0,101,3225.0,23.88888888888889,2.1284277241449097,101,101,3225.0,0.05542775574061201,1.078510477574554,2.1284277241449097,101,3225.0,1.078510477574554
15150.0,102,3404.0,25.593984962406015,1.8901135433182887,102,102,3341.0,0.055778561175815776,1.0271145441492402,1.8901135433182887,102,3341.0,1.0271145441492402
15155.0,103,3589.0,26.78358208955224,1.9220365373315094,103,103,3589.0,0.06031745017016318,1.055242780122554,1.9220365373315094,103,3589.0,1.055242780122554
15160.0,103,3772.0,27.94074074074074,1.630412417807728,103,103,3772.0,0.04376120981500844,0.7846997087507018,1.630412417807728,103,3772.0,0.7846997087507018
15165.0,105,3970.0,29.62686567164179,1.663221529951973,105,105,3970.0,0.04152082920195433,0.7757606474035152,1.663221529951973,105,3970.0,0.7757606474035152
15170.0,109,4177.0,30.71323529411765,1.4560810588643525,109,109,4177.0,0.032606971820723016,0.6333669955273202,1.4560810588643525,109,4177.0,0.6333669955273202
15175.0,107,4346.0,31.722627737226276,1.5100443179861693,107,107,4346.0,0.03335673899970991,0.6870832930865787,1.5100443179861693,107,4346.0,0.6870832930865787
15180.0,104,4471.0,32.63503649635037,1.6475308164487428,104,104,4458.0,0.046274180641105465,0.8924307907723033,1.6475308164487428,104,4458.0,0.8924307907723033
15185.0,102,4585.0,33.713235294117645,1.5285761260223387,102,102,4585.0,0.05430118027788604,1.0146013074499107,1.5285761260223387,102,4585.0,1.0146013074499107
15190.0,98,4596.0,33.794117647058826,1.6573096182632756,97,98,4595.0,0.05464634938448511,1.0398660958501118,1.6573096182632756,97,4595.0,1.0398660958501118
15195.0,98,4671.0,33.84782608695652,1.7332514782143784,98,98,4634.0,0.05230692674114123,0.9796062992125958,1.7332514782143784,98,4634.0,0.9796062992125958
15200.0,97,4837.0,35.306569343065696,1.9507154606548234,97,97,4837.0,0.06598282404195228,1.224606704283869,1.9507154606548234,97,4837.0,1.224606704283869
15205.0,101,5185.0,37.572463768115945,1.666992307303817,101,101,5185.0,0.05275632255490339,0.9792685219167109,1.666992307303817,101,5185.0,0.9792685219167109
15210.0,100,5535.0,40.4014598540146,1.7803704746058553,100,100,5522.0,0.056526201586446605,1.0359410836965415,1.7803704746058553,100,5522.0,1.0359410836965415
15215.0,98,5882.0,43.8955223880597,1.8427534919525446,98,98,5882.0,0.06619253334503292,1.1871882551981625,1.8427534919525446,98,5882.0,1.1871882551981625
15220.0,95,6211.0,45.669117647058826,2.0076038234682514,95,95,6211.0,0.06561458749625797,1.1977417010355602,2.0076038234682514,95,6211.0,1.1977417010355602
15225.0,93,6527.0,47.99264705882353,2.1942716219778995,93,93,6527.0,0.07506325581484785,1.357314418968054,2.1942716219778995,93,6527.0,1.357314418968054
15230.0,95,6865.0,50.10948905109489,2.0174170872254544,95,95,6865.0,0.052698960371054045,1.048458677685948,2.0174170872254544,95,6865.0,1.048458677685948
15235.0,100,7280.0,53.529411764705884,1.9696459325365456,100,100,7280.0,0.05192214231753904,1.0298653899315058,1.9696459325365456,100,7280.0,1.0298653899315058
15240.0,102,7669.0,57.661654135338345,1.5857749065013322,102,102,7669.0,0.041277016017507336,0.8153197724247695,1.5857749065013322,102,7669.0,0.8153197724247695
15245.0,98,8019.0,58.963235294117645,1.766426156923306,98,98,8006.0,0.05509501610605524,1.0176625919069826,1.766426156923306,98,8006.0,1.0176625919069826
15250.0,94,8349.0,61.38970588235294,2.0874289534625414,94,94,8349.0,0.07267271513407647,1.296557391747216,2.0874289534625414,94,8349.0,1.296557391747216
15255.0,91,8507.0,62.09489051094891,2.0883278967245027,90,91,8506.0,0.06780057688043145,1.2789465244148874,2.0883278967245027,90,8506.0,1.2789465244148874
15260.0,92,8782.0,65.05185185185185,2.0939936769276764,92,92,8733.0,0.06627674086560105,1.2976708518727338,2.0939936769276764,92,8733.0,1.2976708518727338
15265.0,97,9169.0,66.92700729927007,2.0719479062171655,97,97,9169.0,0.06359057439432524,1.2090819672131172,2.0719479062171655,97,9169.0,1.2090819672131172
15270.0,99,9583.0,70.98518518518519,1.9937606390920968,99,99,9583.0,0.06167905375461971,1.1431374318081307,1.9937606390920968,99,9583.0,1.1431374318081307
15275.0,99,9480.0,71.2781954887218,1.7947284774785315,99,99,9480.0,0.05025393009737592,0.9485274498669244,1.7947284774785315,99,9480.0,0.9485274498669244
15280.0,96,9013.0,67.26119402985074,1.8815355029010692,96,96,8840.0,0.05309836622843551,0.9664076357865481,1.8815355029010692,96,8840.0,0.9664076357865481
15285.0,92,8532.0,65.12977099236642,2.099196488127319,92,92,8532.0,0.06424656634677767,1.1557992193042632,2.099196488127319,92,8532.0,1.1557992193042632
15290.0,92,8112.0,61.45454545454545,2.211695717915662,92,92,8112.0,0.06524058268113732,1.1451376155880237,2.211695717915662,92,8112.0,1.1451376155880237
15295.0,94,7687.0,58.234848484848484,2.2592868823093326,94,94,7687.0,0.06303334877513325,1.111519670663756,2.2592868823093326,94,7687.0,1.111519670663756
15300.0,96,7289.0,55.6412213740458,2.1229394264198342,96,96,7278.0,0.055047708008367356,0.9746620833552347,2.1229394264198342,96,7278.0,0.9746620833552347
15305.0,97,6897.0,51.857142857142854,2.163367514636003,97,97,6897.0,0.0520437859363201,0.9748171690528792,2.163367514636003,97,6897.0,0.9748171690528792
15310.0,95,6401.0,48.86259541984733,2.1873551226552173,95,95,6401.0,0.05293163599491933,0.9920946632467905,2.1873551226552173,95,6401.0,0.9920946632467905
15315.0,93,5962.0,46.21705426356589,2.0881621040227967,93,93,5929.0,0.06346383042141449,1.1646746082725647,2.0881621040227967,93,5929.0,1.1646746082725647
15320.0,93,5552.0,43.375,2.2279090064290625,93,93,5552.0,0.07190416567995546,1.3230541148755344,2.2279090064290625,93,5552.0,1.3230541148755344
15325.0,94,5053.0,39.4765625,2.058383021376652,94,94,5053.0,0.06240008352873757,1.2236276143950746,2.058383021376652,94,5053.0,1.2236276143950746
15330.0,88,4476.0,35.523809523809526,2.23417482005051,88,88,4448.0,0.07111487925449872,1.3985704286782463,2.23417482005051,88,4448.0,1.3985704286782463
15335.0,84,3903.0,31.224,2.39514211640168,84,84,3903.0,0.08098288138470797,1.5124194017931867,2.39514211640168,84,3903.0,1.5124194017931867
15340.0,82,3527.0,27.771653543307085,2.5481778288734227,82,82,3527.0,0.08338621368744818,1.5217700382431063,2.5481778288734227,82,3527.0,1.5217700382431063
15345.0,83,3518.0,27.700787401574804,2.5323372746681594,83,83,3518.0,0.07451033555668932,1.445387573844273,2.5323372746681594,83,3518.0,1.445387573844273
15350.0,85,3334.0,26.046875,2.149367404841659,85,85,3246.0,0.06307477982973571,1.1925962077070449,2.149367404841659,85,3246.0,1.1925962077070449
15355.0,81,3145.0,24.763779527559056,2.32846136720003,81,81,3145.0,0.07828685228473468,1.4282254185041148,2.32846136720003,81,3145.0,1.4282254185041148
15360.0,78,2943.0,22.9921875,2.4868394199459485,78,78,2943.0,0.08121762791962064,1.4906646056846318,2.4868394199459485,78,2943.0,1.4906646056846318
15365.0,77,2729.0,20.99230769230769,2.6369938571621647,77,77,2729.0,0.0890926178000108,1.6729780827486807,2.6369938571621647,77,2729.0,1.6729780827486807
15370.0,73,2501.0,19.23846153846154,2.9208761004847923,73,73,2501.0,0.09747028524208996,1.8340607163616467,2.9208761004847923,73,2501.0,1.8340607163616467
15375.0,72,2125.0,16.221374045801525,2.766333137319267,72,72,2125.0,0.09073014721251131,1.7520514123684652,2.766333137319267,72,2125.0,1.7520514123684652
15380.0,70,1830.0,14.076923076923077,2.8537367205136857,70,70,1782.0,0.09725075389259318,1.8496160340684584,2.8537367205136857,70,1782.0,1.8496160340684584
15385.0,74,1610.0,12.384615384615385,2.757787715185211,74,74,1610.0,0.0926300761035745,1.748791069102512,2.757787715185211,74,1610.0,1.748791069102512
15390.0,72,1466.0,11.276923076923078,2.8182952616568575,72,72,1466.0,0.09813352538409602,1.825723508277268,2.8182952616568575,72,1466.0,1.825723508277268
15395.0,81,1732.0,13.323076923076924,2.629264141616214,81,81,1685.0,0.08770779024819529,1.6431750876870406,2.629264141616214,81,1685.0,1.6431750876870406
15400.0,93,2170.0,16.31578947368421,2.1381134179798313,93,93,2170.0,0.061982853576477245,1.151181664184392,2.1381134179798313,93,2170.0,1.151181664184392
15405.0,96,2603.0,20.023076923076925,1.9107948702637998,96,96,2603.0,0.0538629979600504,1.006158182914177,1.9107948702637998,96,2603.0,1.006158182914177
15410.0,99,3051.0,23.46923076923077,1.7117289366529862,99,99,3039.0,0.0507433583911875,0.932855289025889,1.7117289366529862,99,3039.0,0.932855289025889
15415.0,106,3568.0,27.446153846153845,1.683020699606943,106,106,3568.0,0.04807919862260496,0.8394603744947767,1.683020699606943,106,3568.0,0.8394603744947767
15420.0,112,4111.0,31.38167938931298,1.4732025292381106,112,112,4111.0,0.03430906373260356,0.5914125390203515,1.4732025292381106,112,4111.0,0.5914125390203515
15425.0,114,4674.0,35.40909090909091,1.3580753066192626,114,114,4674.0,0.02364081136789271,0.43405110074084885,1.3580753066192626,114,4674.0,0.43405110074084885
15430.0,114,5244.0,40.33846153846154,1.2866597790951708,114,114,5244.0,0.026508748277492434,0.47531076971899255,1.2866597790951708,114,5244.0,0.47531076971899255
15435.0,112,5543.0,41.99242424242424,1.2845222482937644,112,112,5543.0,0.024885662040484945,0.45765920669976445,1.2845222482937644,112,5543.0,0.45765920669976445
15440.0,108,5643.0,43.0763358778626,1.5013429774187574,108,108,5555.0,0.0415530686103056,0.7464255670306623,1.5013429774187574,108,5555.0,0.7464255670306623
15445.0,106,5722.0,43.34848484848485,1.6951919567841356,106,106,5722.0,0.05376772105482852,0.976923303588821,1.6951919567841356,106,5722.0,0.976923303588821
15450.0,103,5786.0,44.16793893129771,1.7075868387103366,103,103,5786.0,0.05296350755764421,1.010209551479878,1.7075868387103366,103,5786.0,1.010209551479878
15455.0,104,5853.0,45.372093023255815,1.5536959426202648,104,104,5853.0,0.0416112318394763,0.8063036553036104,1.5536959426202648,104,5853.0,0.8063036553036104
15460.0,105,5926.0,45.93798449612403,1.4076229766431603,105,105,5926.0,0.043032197080040135,0.8114166055250466,1.4076229766431603,105,5926.0,0.8114166055250466
15465.0,103,5866.0,45.828125,1.2698314450178319,103,103,5866.0,0.036743301984940815,0.7388762878658514,1.2698314450178319,103,5866.0,0.7388762878658514
15470.0,100,5860.0,45.78125,1.283474293865863,100,100,5817.0,0.04318728727091211,0.8314462809917306,1.283474293865863,100,5817.0,0.8314462809917306
15475.0,100,5910.0,46.171875,1.5445608845965006,100,100,5910.0,0.05400437032722911,1.0149780284788068,1.5445608845965006,100,5910.0,1.0149780284788068
15480.0,101,5964.0,46.59375,1.5533190373537535,101,101,5964.0,0.04712645644059331,0.8962487767763878,1.5533190373537535,101,5964.0,0.8962487767763878
15485.0,101,6019.0,45.94656488549618,1.704412783494991,101,101,6019.0,0.04605819348569253,0.8892383820274417,1.704412783494991,101,6019.0,0.8892383820274417
15490.0,99,5726.0,44.04615384615385,1.690787756802356,99,99,5726.0,0.04447048652527055,0.853543757732509,1.690787756802356,99,5726.0,0.853543757732509
15495.0,95,5206.0,39.43939393939394,1.8991152631644876,95,95,5093.0,0.054012530203104016,0.9816765971553991,1.8991152631644876,95,5093.0,0.9816765971553991
15500.0,92,4784.0,37.08527131782946,2.052038838447236,92,92,4784.0,0.06878495389177275,1.2590926364473223,2.052038838447236,92,4784.0,1.2590926364473223
15505.0,94,4669.0,35.371212121212125,2.2109458988195003,94,94,4669.0,0.07106399453834171,1.2814683099896909,2.2109458988195003,94,4669.0,1.2814683099896909
15510.0,96,4563.0,34.30827067669173,2.1914983682344302,96,96,4563.0,0.07082261961445625,1.2672104866863747,2.1914983682344302,96,4563.0,1.2672104866863747
15515.0,98,4473.0,33.63157894736842,2.131854701904,98,98,4473.0,0.05938897259738432,1.1167433237417463,2.131854701904,98,4473.0,1.1167433237417463
15520.0,101,4395.0,32.31617647058823,1.9797744720619168,101,101,4395.0,0.04425298371926838,0.863155891199634,1.9797744720619168,101,4395.0,0.863155891199634
15525.0,100,4102.0,30.611940298507463,1.9161736965265022,100,100,4102.0,0.04851198960423889,0.8956515625939753,1.9161736965265022,100,4102.0,0.8956515625939753
15530.0,95,3637.0,27.14179104477612,1.9356127231927227,95,95,3564.0,0.057584638164765826,1.0393703802187777,1.9356127231927227,95,3564.0,1.0393703802187777
15535.0,92,3275.0,24.62406015037594,2.157685882713988,92,92,3275.0,0.06894917974274876,1.2698206436258537,2.157685882713988,92,3275.0,1.2698206436258537
15540.0,87,3064.0,23.56923076923077,2.07089123793343,87,87,3064.0,0.06871406496698776,1.2711845555206225,2.07089123793343,87,3064.0,1.2711845555206225
15545.0,88,2967.0,22.30827067669173,2.1242366490307902,88,88,2939.0,0.06172210219918343,1.160850454644616,2.1242366490307902,88,2939.0,1.160850454644616
15550.0,88,2877.0,21.9618320610687,2.1421180369963206,88,88,2877.0,0.06732867359988066,1.2629196636841682,2.1421180369963206,88,2877.0,1.2629196636841682
15555.0,87,2786.0,21.43076923076923,2.0497846501348005,87,87,2786.0,0.0658953153128613,1.2466214601018692,2.0497846501348005,87,2786.0,1.2466214601018692
15560.0,83,2525.0,19.573643410852714,2.150926542711428,83,83,2525.0,0.07338400330467718,1.402950777822476,2.150926542711428,83,2525.0,1.402950777822476
15565.0,83,2348.0,18.06153846153846,2.232200821370711,83,83,2287.0,0.07072094434497715,1.3561286799620063,2.232200821370711,83,2287.0,1.3561286799620063
15570.0,81,2221.0,17.3515625,2.245756270087588,81,81,2221.0,0.07640840139436211,1.4455815830856105,2.245756270087588,81,2221.0,1.4455815830856105
15575.0,81,1993.0,15.5703125,2.1465533719417405,81,81,1993.0,0.07010506874384198,1.3283908650228893,2.1465533719417405,81,1993.0,1.3283908650228893
15580.0,78,1681.0,13.031007751937985,2.2200503121326336,78,78,1648.0,0.07363722811417206,1.3676176159104234,2.2200503121326336,78,1648.0,1.3676176159104234
15585.0,73,1359.0,10.700787401574804,2.4576528796175627,73,73,1359.0,0.0909118840901513,1.6580537677642306,2.4576528796175627,73,1359.0,1.6580537677642306
15590.0,74,1251.0,9.850393700787402,2.5722112337357057,74,74,1251.0,0.0940154730151798,1.648833826941335,2.5722112337357057,74,1251.0,1.648833826941335
15595.0,80,1445.0,11.2890625,2.6051966985756927,80,80,1445.0,0.07780168018656321,1.4485276843033126,2.6051966985756927,80,1445.0,1.4485276843033126
15600.0,90,1699.0,13.2734375,2.345445273834557,90,90,1688.0,0.06666442397089119,1.214548923016972,2.345445273834557,90,1688.0,1.214548923016972
15605.0,94,1986.0,15.045454545454545,2.2771518218378883,94,94,1986.0,0.05525976198876952,1.046875569835535,2.2771518218378883,94,1986.0,1.046875569835535
15610.0,94,2180.0,16.515151515151516,2.303250264720192,94,94,2180.0,0.053579436059582326,1.027225355535853,2.303250264720192,94,2180.0,1.027225355535853
15615.0,93,2441.0,18.633587786259543,2.21046060603001,93,93,2408.0,0.06167580682562603,1.1365017844169263,2.21046060603001,93,2408.0,1.1365017844169263
15620.0,93,2731.0,21.00769230769231,2.3560783219474772,93,93,2731.0,0.07201519741560865,1.3127013087522033,2.3560783219474772,93,2731.0,1.3127013087522033
15625.0,93,2932.0,22.38167938931298,2.3694751629925714,93,93,2932.0,0.06428164794037741,1.2028959883429395,2.3694751629925714,93,2932.0,1.2028959883429395
15630.0,88,3054.0,23.49230769230769,2.446113019466759,88,88,3026.0,0.07197909130292338,1.376532550159483,2.446113019466759,88,3026.0,1.376532550159483
15635.0,84,3159.0,25.071428571428573,2.455362133699791,84,84,3159.0,0.08176926100880055,1.5436579414303755,2.455362133699791,84,3159.0,1.5436579414303755
15640.0,82,3276.0,26.0,2.2164380676131916,82,82,3276.0,0.06715302366660178,1.3219116888855071,2.2164380676131916,82,3276.0,1.3219116888855071
15645.0,88,3552.0,28.416,2.082494245595846,88,88,3539.0,0.06350195372330952,1.2326563259351317,2.082494245595846,88,3539.0,1.2326563259351317
15650.0,94,3857.0,30.1328125,1.9321917402631525,94,94,3857.0,0.05609732134133971,1.004951436415921,1.9321917402631525,94,3857.0,1.004951436415921
15655.0,92,4127.0,32.2421875,1.7779623067346038,92,92,4127.0,0.0477458018381703,0.91622783900821,1.7779623067346038,92,4127.0,0.91622783900821
15660.0,89,4355.0,34.0234375,2.004826097807001,89,89,4342.0,0.055384935788065935,1.0610761899184669,2.004826097807001,89,4342.0,1.0610761899184669
15665.0,87,4568.0,34.60606060606061,2.2826947769930364,87,87,4568.0,0.06843737007785644,1.2938189655172323,2.2826947769930364,87,4568.0,1.2938189655172323
15670.0,86,4770.0,35.59701492537314,2.512319916378635,86,86,4770.0,0.07181602447487051,1.4175910839805903,2.512319916378635,86,4770.0,1.4175910839805903
15675.0,84,4957.0,36.992537313432834,2.4438896737579463,84,84,4957.0,0.06971294898932844,1.3868004477628504,2.4438896737579463,84,4957.0,1.3868004477628504
15680.0,85,5154.0,39.343511450381676,2.421007299627484,85,85,5148.0,0.0756810334761138,1.459135033514583,2.421007299627484,85,5148.0,1.459135033514583
15685.0,87,5378.0,40.43609022556391,2.5797150105830555,87,87,5378.0,0.08174631605842739,1.5317828004826288,2.5797150105830555,87,5378.0,1.5317828004826288
15690.0,85,5608.0,42.80916030534351,2.543958709921559,85,85,5608.0,0.07606124967361363,1.4368410720236713,2.543958709921559,85,5608.0,1.4368410720236713
15695.0,91,5978.0,45.98461538461538,2.4265330258802056,91,91,5931.0,0.06779308559076672,1.3308525039095813,2.4265330258802056,91,5931.0,1.3308525039095813
15700.0,97,6374.0,48.28787878787879,2.093038987027044,97,97,6374.0,0.04981777913773263,1.0005582850101307,2.093038987027044,97,6374.0,1.0005582850101307
15705.0,98,6781.0,51.76335877862596,2.0255367526155577,98,98,6781.0,0.04707650685753809,0.9411897334451019,2.0255367526155577,98,6781.0,0.9411897334451019
15710.0,99,7200.0,54.54545454545455,1.9742562865776236,99,99,7198.0,0.05325733984710928,1.0100226721878998,1.9742562865776236,99,7198.0,1.0100226721878998
15715.0,102,7630.0,58.2442748091603,1.7969074231365738,102,102,7630.0,0.04899687905298655,0.938447448817135,1.7969074231365738,102,7630.0,0.938447448817135
15720.0,103,8110.0,63.359375,1.7250144810068522,103,103,8110.0,0.047150845694528355,0.9290170121876847,1.7250144810068522,103,8110.0,0.9290170121876847
15725.0,106,8140.0,62.61538461538461,1.4219994387018369,106,106,8140.0,0.035753862985575854,0.6901510241244382,1.4219994387018369,106,8140.0,0.6901510241244382
15730.0,106,7845.0,60.81395348837209,1.3545886806153,106,106,7682.0,0.042468546553050567,0.7616869660738246,1.3545886806153,106,7682.0,0.7616869660738246
15735.0,103,7541.0,57.56488549618321,1.5545925532798324,103,103,7541.0,0.05384371276277948,0.9551491918005862,1.5545925532798324,103,7541.0,0.9551491918005862
15740.0,102,7032.0,53.27272727272727,1.5270331660762526,102,102,7032.0,0.05005014638717528,0.9475179700357201,1.5270331660762526,102,7032.0,0.9475179700357201
15745.0,99,6375.0,47.57462686567164,1.5816971965120867,99,99,6312.0,0.054425163551423614,1.0057030170305963,1.5816971965120867,99,6312.0,1.0057030170305963
15750.0,96,5710.0,42.61194029850746,1.8558821857208667,96,96,5710.0,0.06766987641601953,1.2317295582236165,1.8558821857208667,96,5710.0,1.2317295582236165
15755.0,95,5012.0,37.12592592592593,1.9831605064832485,95,95,5012.0,0.06860047504966453,1.2717872320868087,1.9831605064832485,95,5012.0,1.2717872320868087
15760.0,96,4339.0,31.904411764705884,1.7956810148791447,96,96,4326.0,0.0524042764991769,0.950110972322827,1.7956810148791447,96,4326.0,0.950110972322827
15765.0,97,3674.0,27.214814814814815,1.861190624710525,97,97,3674.0,0.06121214339726925,1.0588758411610744,1.861190624710525,97,3674.0,1.0588758411610744
15770.0,95,2967.0,21.656934306569344,1.8680584272697867,95,95,2967.0,0.055147049039215926,0.9913402370116413,1.8680584272697867,95,2967.0,0.9913402370116413
15775.0,91,2430.0,17.86764705882353,1.9883294165338465,91,91,2402.0,0.060834469988166676,1.1078111903494259,1.9883294165338465,91,2402.0,1.1078111903494259
15780.0,86,2128.0,15.647058823529411,2.330276589404383,86,86,2128.0,0.07747696077441708,1.383858490015923,2.330276589404383,86,2128.0,1.383858490015923
15785.0,85,1951.0,14.035971223021583,2.301955597584574,85,85,1951.0,0.06570735791167139,1.253273123416796,2.301955597584574,85,1951.0,1.253273123416796
15790.0,85,1751.0,12.781021897810218,2.4064348826365523,85,85,1723.0,0.07290492679892692,1.35352355316911,2.4064348826365523,85,1723.0,1.35352355316911
15795.0,83,1548.0,11.217391304347826,2.4207705214367614,83,83,1548.0,0.07557748860176904,1.3823547777116114,2.4207705214367614,83,1548.0,1.3823547777116114
15800.0,80,1361.0,10.233082706766917,2.504868701406433,80,80,1361.0,0.08781228071255494,1.6287889231510224,2.504868701406433,80,1361.0,1.6287889231510224
15805.0,78,1189.0,8.93984962406015,2.5761048706065353,78,78,1189.0,0.09880491736253813,1.7992232762695308,2.5761048706065353,78,1189.0,1.7992232762695308
15810.0,82,1288.0,9.611940298507463,2.515665685567575,82,82,1261.0,0.0898520106381871,1.6089176852917642,2.515665685567575,82,1261.0,1.6089176852917642
15815.0,86,1412.0,10.61654135338346,2.509396356886624,86,86,1412.0,0.09162657767313184,1.6360688996957327,2.509396356886624,86,1412.0,1.6360688996957327
15820.0,87,1440.0,10.666666666666666,2.226529309695858,87,87,1440.0,0.06233508632886489,1.187572889080738,2.226529309695858,87,1440.0,1.187572889080738
15825.0,84,1401.0,10.226277372262773,2.5381884908759815,84,84,1368.0,0.07526077902656911,1.437124492782611,2.5381884908759815,84,1368.0,1.437124492782611
15830.0,84,1486.0,10.768115942028986,2.685830494857238,84,84,1486.0,0.08215678139447005,1.539103688954931,2.685830494857238,84,1486.0,1.539103688954931
15835.0,86,1497.0,10.927007299270073,2.4873530189698223,86,86,1497.0,0.06805748866782693,1.30669541331037,2.4873530189698223,86,1497.0,1.30669541331037
15840.0,88,1611.0,12.112781954887218,2.3093967268820155,88,88,1541.0,0.06736080526437871,1.2819902515481374,2.3093967268820155,88,1541.0,1.2819902515481374
15845.0,90,1732.0,12.925373134328359,2.223324654834478,90,90,1732.0,0.06638115932407493,1.2576290716026848,2.223324654834478,90,1732.0,1.2576290716026848
15850.0,89,1892.0,14.333333333333334,2.262999826306869,89,89,1892.0,0.0655018800769003,1.275473799301033,2.262999826306869,89,1892.0,1.275473799301033
15855.0,94,2177.0,16.125925925925927,2.1686623561817022,94,94,2165.0,0.061515213221548244,1.1411089760776283,2.1686623561817022,94,2165.0,1.1411089760776283
15860.0,101,2492.0,18.323529411764707,2.016534842262265,101,101,2492.0,0.05450065818164573,1.0249294888697373,2.016534842262265,101,2492.0,1.0249294888697373
15865.0,101,2727.0,19.905109489051096,1.9542137883442594,101,101,2727.0,0.048314457814225005,0.9701298560214849,1.9542137883442594,101,2727.0,0.9701298560214849
15870.0,97,2892.0,21.42222222222222,1.9699766236086396,97,97,2864.0,0.054875088738332314,1.0643543124028765,1.9699766236086396,97,2864.0,1.0643543124028765
15875.0,94,3095.0,23.446969696969695,1.9780373436276866,94,94,3095.0,0.06867753192488893,1.281588465357327,1.9780373436276866,94,3095.0,1.281588465357327
15880.0,98,3420.0,25.333333333333332,1.8749060476207944,98,98,3420.0,0.059140745633155016,1.0733507254010957,1.8749060476207944,98,3420.0,1.0733507254010957
15885.0,100,3757.0,27.82962962962963,1.880087435736347,100,100,3757.0,0.0587169374998534,1.064899449218291,1.880087435736347,100,3757.0,1.064899449218291
15890.0,103,4121.0,30.525925925925925,1.725311732846555,103,103,4119.0,0.04555957769115182,0.8763146888422964,1.725311732846555,103,4119.0,0.8763146888422964
15895.0,105,4494.0,33.53731343283582,1.680462645098323,105,105,4494.0,0.04652021475309602,0.8635244710414596,1.680462645098323,105,4494.0,0.8635244710414596
15900.0,102,4804.0,36.1203007518797,1.6739986318593942,102,102,4804.0,0.04494706830679664,0.8621668604392168,1.6739986318593942,102,4804.0,0.8621668604392168
15905.0,103,5165.0,37.97794117647059,1.7487860802556714,103,103,5137.0,0.049985176556366515,0.9296498929851861,1.7487860802556714,103,5137.0,0.9296498929851861
15910.0,103,5530.0,40.661764705882355,1.9441435292430866,103,103,5530.0,0.06133039307050779,1.1181051775380324,1.9441435292430866,103,5530.0,1.1181051775380324
15915.0,101,5560.0,41.18518518518518,1.6942117055903025,101,101,5560.0,0.0487251438685155,0.9045009503262061,1.6942117055903025,101,5560.0,0.9045009503262061
15920.0,98,5436.0,40.87218045112782,1.877523235291523,98,98,5328.0,0.06399984325437302,1.1442005839033362,1.877523235291523,98,5328.0,1.1442005839033362
15925.0,100,5376.0,39.82222222222222,2.116449049999235,100,100,5376.0,0.07495773478329293,1.3105361522571306,2.116449049999235,100,5376.0,1.3105361522571306
15930.0,100,5306.0,39.303703703703704,1.9382573875228273,100,100,5306.0,0.0578779295517174,1.0230162573992039,1.9382573875228273,100,5306.0,1.0230162573992039
15935.0,102,5264.0,39.578947368421055,1.9230254427410578,102,102,5253.0,0.05369590095826935,0.984026241296441,1.9230254427410578,102,5253.0,0.984026241296441
15940.0,103,5225.0,39.88549618320611,1.6032826467837167,103,103,5225.0,0.05096664686415021,0.8880797720493461,1.6032826467837167,103,5225.0,0.8880797720493461
15945.0,101,5006.0,38.50769230769231,1.6015840905045786,101,101,5006.0,0.04249368600760425,0.7913360374404316,1.6015840905045786,101,5006.0,0.7913360374404316
15950.0,96,4646.0,35.196969696969695,1.804866412822766,96,96,4588.0,0.04981024448776891,0.9310816415249649,1.804866412822766,96,4588.0,0.9310816415249649
15955.0,93,4265.0,32.31060606060606,2.040010965239319,93,93,4265.0,0.059396482266103515,1.1033493351548391,2.040010965239319,93,4265.0,1.1033493351548391
15960.0,88,3865.0,29.96124031007752,2.176797522431586,88,88,3865.0,0.06879435949847336,1.2856388757726596,2.176797522431586,88,3865.0,1.2856388757726596
15965.0,84,3443.0,26.282442748091604,2.474190278119755,84,84,3443.0,0.0870327578285664,1.5673713355317236,2.474190278119755,84,3443.0,1.5673713355317236
15970.0,79,2879.0,21.977099236641223,2.5346150118597524,79,79,2879.0,0.08267272897310876,1.5476204533888298,2.5346150118597524,79,2879.0,1.5476204533888298
15975.0,75,2234.0,16.796992481203006,2.7323668801646126,75,75,2196.0,0.09199567480969761,1.7130583480063732,2.7323668801646126,75,2196.0,1.7130583480063732
15980.0,72,1724.0,13.261538461538462,3.0288975787344934,72,72,1724.0,0.10841251341396861,2.021134958531475,3.0288975787344934,72,1724.0,2.021134958531475
15985.0,74,1584.0,12.184615384615384,3.0956111107639424,74,74,1584.0,0.10739705197220019,2.025390126300299,3.0956111107639424,74,1584.0,2.025390126300299
15990.0,73,1373.0,10.48091603053435,3.1107274483615304,73,73,1373.0,0.10015735038681349,1.9677729337425824,3.1107274483615304,73,1373.0,1.9677729337425824
15995.0,75,1299.0,9.916030534351146,3.052006644951144,75,75,1266.0,0.10319274132202652,1.9573856788270712,3.052006644951144,75,1266.0,1.9573856788270712
16000.0,79,1454.0,10.850746268656716,3.0046288163396526,79,79,1454.0,0.09111534442591299,1.733982300884962,3.0046288163396526,79,1454.0,1.733982300884962
16005.0,83,1622.0,12.287878787878787,2.8754769893807386,83,83,1622.0,0.07887795816282359,1.5532046034511353,2.8754769893807386,83,1622.0,1.5532046034511353
16010.0,83,1762.0,13.450381679389313,2.586335089628848,83,83,1749.0,0.06546889080497595,1.2380195432744816,2.586335089628848,83,1749.0,1.2380195432744816
16015.0,82,1904.0,14.75968992248062,2.7622723730110947,82,82,1904.0,0.0814321981719191,1.5039966556482638,2.7622723730110947,82,1904.0,1.5039966556482638
16020.0,78,2027.0,15.8359375,2.8865675912079363,78,78,2027.0,0.08272684086890092,1.5713972555876325,2.8865675912079363,78,2027.0,1.5713972555876325
16025.0,75,2130.0,16.511627906976745,3.1115206761630287,75,75,2130.0,0.09694264462159931,1.8324606977047626,3.1115206761630287,75,2130.0,1.8324606977047626
16030.0,70,2213.0,17.563492063492063,3.168446646088312,70,70,2213.0,0.10297932072541266,2.022506408144333,3.168446646088312,70,2213.0,2.022506408144333
16035.0,68,2342.0,18.296875,3.333336250578617,68,68,2342.0,0.1138676724354157,2.2264690147260304,3.333336250578617,68,2342.0,2.2264690147260304
16040.0,68,2394.0,18.8503937007874,3.356271261718514,68,68,2394.0,0.11218042098410727,2.196696494191182,3.356271261718514,68,2394.0,2.196696494191182
16045.0,76,2334.0,18.093023255813954,3.0836512925707122,76,76,2333.0,0.09631938822307959,1.8381284326212763,3.0836512925707122,76,2333.0,1.8381284326212763
16050.0,79,2296.0,18.22222222222222,2.9813151603175836,79,79,2295.0,0.10036408513807552,1.9138442658163979,2.9813151603175836,79,2295.0,1.9138442658163979
16055.0,77,2167.0,17.475806451612904,2.861926495561969,77,77,2167.0,0.09547681159458996,1.8388641210724732,2.861926495561969,77,2167.0,1.8388641210724732
16060.0,77,2118.0,16.80952380952381,2.9495049808514238,77,77,2078.0,0.09904343782371083,1.8959241425192002,2.9495049808514238,77,2078.0,1.8959241425192002
16065.0,80,2115.0,16.785714285714285,2.989213065551644,80,80,2115.0,0.09384835432375706,1.79873520233827,2.989213065551644,80,2115.0,1.79873520233827
16070.0,81,1967.0,15.736,2.787873549511944,81,81,1967.0,0.08717491049943445,1.665313948685151,2.787873549511944,81,1967.0,1.665313948685151
16075.0,87,2046.0,16.5,2.52398483921756,87,87,1920.0,0.07171116849185598,1.405259002213878,2.52398483921756,87,1920.0,1.405259002213878
16080.0,94,2156.0,17.248,2.374380002532766,94,94,2156.0,0.06351514329019863,1.2654525337055338,2.374380002532766,94,2156.0,1.2654525337055338
16085.0,97,2321.0,18.275590551181104,1.8784004946613118,97,97,2321.0,0.04185446145059845,0.8531483584486435,1.8784004946613118,97,2321.0,0.8531483584486435
16090.0,102,2753.0,21.5078125,1.8981922625813168,102,102,2744.0,0.04324339698335404,0.822784850797602,1.8981922625813168,102,2744.0,0.822784850797602
16095.0,104,3270.0,25.546875,1.872296831716604,104,104,3270.0,0.04605908700136203,0.8302307988832105,1.872296831716604,104,3270.0,0.8302307988832105
16100.0,104,3612.0,28.0,1.7238279466504807,104,104,3612.0,0.03613424903329474,0.7022945669991539,1.7238279466504807,104,3612.0,0.7022945669991539
16105.0,102,3824.0,29.19083969465649,1.9511856250881858,102,102,3767.0,0.05351202013584848,0.9945507081948626,1.9511856250881858,102,3767.0,0.9945507081948626
16110.0,98,4019.0,30.915384615384614,1.9593140952209445,98,98,4019.0,0.058120428978527414,1.076601200808681,1.9593140952209445,98,4019.0,1.076601200808681
16115.0,97,4206.0,32.859375,1.8588306795198948,97,97,4206.0,0.05873660130892328,1.125153963670668,1.8588306795198948,97,4206.0,1.125153963670668
16120.0,99,4399.0,33.58015267175573,1.6505612352327095,99,99,4398.0,0.04497188530583126,0.8346927841764629,1.6505612352327095,99,4398.0,0.8346927841764629
16125.0,102,4610.0,34.92424242424242,1.718033713579683,102,102,4610.0,0.04816647670549101,0.883061181360659,1.718033713579683,102,4610.0,0.883061181360659
16130.0,102,4557.0,34.26315789473684,1.6691976166885292,102,102,4557.0,0.04455817186381789,0.8523101994672933,1.6691976166885292,102,4557.0,0.8523101994672933
16135.0,99,4314.0,32.43609022556391,1.6983108949621846,99,99,4227.0,0.048318841989066,0.9048158920678976,1.6983108949621846,99,4227.0,0.9048158920678976
16140.0,97,4063.0,30.548872180451127,1.8469927486104303,97,97,4063.0,0.06271152095769475,1.1125897794181654,1.8469927486104303,97,4063.0,1.1125897794181654
16145.0,95,3791.0,28.291044776119403,1.6806724067169234,95,95,3791.0,0.05526163519893381,0.9961326462341807,1.6806724067169234,95,3791.0,0.9961326462341807
16150.0,95,3539.0,26.41044776119403,1.8533402927590477,95,95,3535.0,0.05579875083179958,1.080582974512025,1.8533402927590477,95,3535.0,1.080582974512025
16155.0,96,3343.0,24.580882352941178,1.9577480868470787,96,96,3343.0,0.05029249226203716,0.9861475409836042,1.9577480868470787,96,3343.0,0.9861475409836042
16160.0,96,3169.0,23.827067669172934,1.9219263577095407,95,96,3168.0,0.06045115728678686,1.1662674154277637,1.9219263577095407,95,3168.0,1.1662674154277637
16165.0,98,3094.0,23.263157894736842,1.701751687895998,98,98,3059.0,0.05789227525833899,1.0683879470766753,1.701751687895998,98,3059.0,1.0683879470766753
16170.0,103,3152.0,23.52238805970149,1.6785814779935813,103,103,3152.0,0.04867387422773374,0.9109186493472717,1.6785814779935813,103,3152.0,0.9109186493472717
16175.0,104,3050.0,22.93233082706767,1.5233357534396887,104,104,3050.0,0.04871257970491818,0.8994262091220158,1.5233357534396887,104,3050.0,0.8994262091220158
16180.0,103,2827.0,20.635036496350367,1.4863431184145097,103,103,2769.0,0.04790412350961847,0.8380833107985683,1.4863431184145097,103,2769.0,0.8380833107985683
16185.0,100,2783.0,20.313868613138688,1.6816971985417508,100,100,2783.0,0.06023657127801291,1.0601057994233782,1.6816971985417508,100,2783.0,1.0601057994233782
16190.0,101,2925.0,21.195652173913043,1.5540457279356332,101,101,2925.0,0.051066642164178125,0.9202913268726113,1.5540457279356332,101,2925.0,0.9202913268726113
16195.0,106,3145.0,22.956204379562045,1.5424102145855347,106,106,3126.0,0.043743544667091454,0.7984273778319503,1.5424102145855347,106,3126.0,0.7984273778319503
16200.0,109,3387.0,24.904411764705884,1.5622140194334206,109,109,3387.0,0.04522700141581074,0.8262273778319423,1.5622140194334206,109,3387.0,0.8262273778319423
16205.0,108,3449.0,24.992753623188406,1.452635541046404,108,108,3449.0,0.03240990922934265,0.6346693897148105,1.452635541046404,108,3449.0,0.6346693897148105
16210.0,103,3374.0,24.808823529411764,1.6820606089953534,103,103,3316.0,0.05165574559956031,0.9329316543992564,1.6820606089953534,103,3316.0,0.9329316543992564
16215.0,100,3276.0,23.912408759124087,1.7567845820942538,100,100,3276.0,0.058784443618707286,1.0185150782460568,1.7567845820942538,100,3276.0,1.0185150782460568
16220.0,95,3071.0,22.416058394160583,1.9482208291215144,95,95,3071.0,0.05759175219527311,1.1087360627897536,1.9482208291215144,95,3071.0,1.1087360627897536
16225.0,92,2781.0,20.152173913043477,2.120678334725633,92,92,2753.0,0.06663220687202509,1.2875319945536055,2.120678334725633,92,2753.0,1.2875319945536055
16230.0,87,2473.0,17.920289855072465,2.3963018438572985,87,87,2473.0,0.07872046217009714,1.498570155873525,2.3963018438572985,87,2473.0,1.498570155873525
16235.0,83,2101.0,15.448529411764707,2.3555110241353243,82,83,2100.0,0.07742209558280057,1.4939947160672669,2.3555110241353243,82,2100.0,1.4939947160672669
16240.0,83,1768.0,13.096296296296297,2.0483404245296293,83,83,1755.0,0.06359957658568255,1.243203336195071,2.0483404245296293,83,1755.0,1.243203336195071
16245.0,83,1648.0,12.207407407407407,2.2078022573787224,83,83,1648.0,0.07296234246463373,1.3964428818118102,2.2078022573787224,83,1648.0,1.3964428818118102
16250.0,84,1530.0,11.167883211678832,2.0927875965838907,84,84,1530.0,0.06853432037148918,1.2875853658536323,2.0927875965838907,84,1530.0,1.2875853658536323
16255.0,82,1405.0,10.181159420289855,2.361097834296651,82,82,1405.0,0.0812484958270224,1.5149956074984088,2.361097834296651,82,1405.0,1.5149956074984088
16260.0,78,1284.0,9.237410071942445,2.527985165257528,78,78,1284.0,0.08659824124687342,1.615990513010867,2.527985165257528,78,1284.0,1.615990513010867
16265.0,79,1261.0,8.880281690140846,2.624608310902754,79,79,1261.0,0.0876781387249223,1.642995551151247,2.624608310902754,79,1261.0,1.642995551151247
16270.0,84,1430.0,10.141843971631205,2.550895488199649,84,84,1352.0,0.08835892752639568,1.6218167939679153,2.550895488199649,84,1352.0,1.6218167939679153
16275.0,90,1627.0,11.70503597122302,2.2202347441151438,90,90,1627.0,0.07569836388354968,1.3915929919151981,2.2202347441151438,90,1627.0,1.3915929919151981
16280.0,86,1643.0,12.080882352941176,2.3327643608620576,86,86,1642.0,0.07678627970319447,1.458939170917397,2.3327643608620576,86,1642.0,1.458939170917397
16285.0,85,1775.0,12.86231884057971,2.50865914529165,85,85,1704.0,0.08442068277983157,1.5487997986626623,2.50865914529165,85,1704.0,1.5487997986626623
16290.0,89,2124.0,15.503649635036496,2.5353318299343046,89,89,2124.0,0.08987792990352958,1.6146668332064396,2.5353318299343046,89,2124.0,1.6146668332064396
16295.0,96,2396.0,17.237410071942445,2.3788501890109703,96,96,2396.0,0.0743460346223361,1.37293744743549,2.3788501890109703,96,2396.0,1.37293744743549
16300.0,99,2579.0,18.42142857142857,2.093794445342835,99,99,2521.0,0.0582496262212558,1.0510477053493534,2.093794445342835,99,2521.0,1.0510477053493534
16305.0,101,2779.0,20.13768115942029,2.066337313077851,101,101,2779.0,0.06273596718656554,1.1174623394957062,2.066337313077851,101,2779.0,1.1174623394957062
16310.0,104,2984.0,21.467625899280577,1.7992200110907548,104,104,2984.0,0.04432524263620876,0.8053231900310935,1.7992200110907548,104,2984.0,0.8053231900310935
16315.0,106,3213.0,23.115107913669064,1.8664341227872825,106,106,3207.0,0.03792924462619487,0.7223478419925559,1.8664341227872825,106,3207.0,0.7223478419925559
16320.0,107,3448.0,25.16788321167883,1.7456704154459795,107,107,3448.0,0.0364338736274579,0.691487847320025,1.7456704154459795,107,3448.0,0.691487847320025
16325.0,105,3591.0,26.02173913043478,1.680790340933137,105,105,3591.0,0.036809596592820376,0.713560254003869,1.680790340933137,105,3591.0,0.713560254003869
16330.0,103,3759.0,27.639705882352942,1.7427101845346724,103,103,3731.0,0.0455921473254342,0.8819792658896616,1.7427101845346724,103,3731.0,0.8819792658896616
16335.0,103,3974.0,29.00729927007299,1.8665805344388098,103,103,3974.0,0.054436640119508675,1.0191477209039959,1.8665805344388098,103,3974.0,1.0191477209039959
16340.0,104,4191.0,30.816176470588236,1.8582903542479583,104,104,4191.0,0.050894425394418706,0.9517339391516444,1.8582903542479583,104,4191.0,0.9517339391516444
16345.0,106,4411.0,32.43382352941177,1.804801869975134,106,106,4411.0,0.04687777586620138,0.897863565390084,1.804801869975134,106,4411.0,0.897863565390084
16350.0,104,4631.0,34.559701492537314,1.7989345722278656,104,104,4631.0,0.044496960155501274,0.8923218998123472,1.7989345722278656,104,4631.0,0.8923218998123472
16355.0,102,4582.0,34.97709923664122,1.708076431980898,102,102,4582.0,0.0437709701486156,0.8850598164210127,1.708076431980898,102,4582.0,0.8850598164210127
16360.0,99,4413.0,33.43181818181818,1.6734063294497992,99,99,4325.0,0.047235445877089985,0.8913509237025588,1.6734063294497992,99,4325.0,0.8913509237025588
16365.0,101,4466.0,34.091603053435115,1.7085246987663723,101,101,4466.0,0.05529192856118807,1.0087684152888776,1.7085246987663723,101,4466.0,1.0087684152888776
16370.0,103,4514.0,33.43703703703704,1.5985218664661416,103,103,4514.0,0.04115491327875587,0.7832308357720417,1.5985218664661416,103,4514.0,0.7832308357720417
16375.0,105,4582.0,33.69117647058823,1.663500429560687,105,105,4575.0,0.03734606050355405,0.7223199033842016,1.663500429560687,105,4575.0,0.7223199033842016
16380.0,107,4662.0,34.279411764705884,1.7196256018683176,107,107,4662.0,0.04235000653795898,0.8091308669341047,1.7196256018683176,107,4662.0,0.8091308669341047
16385.0,106,4702.0,34.072463768115945,1.6087623992516498,106,106,4702.0,0.04106456281435775,0.7518801226631454,1.6087623992516498,106,4702.0,0.7518801226631454
16390.0,101,4692.0,34.5,1.8119944393463077,101,101,4679.0,0.051807142501523414,0.9565495147916048,1.8119944393463077,101,4679.0,0.9565495147916048
16395.0,97,4658.0,34.0,1.9736820390508425,97,97,4658.0,0.06145570777301105,1.0810086134675863,1.9736820390508425,97,4658.0,1.0810086134675863
16400.0,93,4608.0,34.38805970149254,2.203592661864688,93,93,4608.0,0.07502251441972466,1.326268903036769,2.203592661864688,93,4608.0,1.326268903036769
16405.0,90,4613.0,33.919117647058826,2.6042692905111,90,90,4613.0,0.09323501314118504,1.6156195696351991,2.6042692905111,90,4613.0,1.6156195696351991
16410.0,84,4551.0,33.71111111111111,2.6138639527089294,84,84,4551.0,0.08638072763961288,1.5719712757759452,2.6138639527089294,84,4551.0,1.5719712757759452
16415.0,84,4396.0,33.05263157894737,2.6864370960262716,84,84,4298.0,0.09371616258150066,1.671133309775154,2.6864370960262716,84,4298.0,1.671133309775154
16420.0,85,4242.0,31.894736842105264,2.500358131540209,85,85,4242.0,0.08052321059509131,1.4506349296791505,2.500358131540209,85,4242.0,1.4506349296791505
16425.0,82,4086.0,30.954545454545453,2.7679679094289322,82,82,4086.0,0.08998733821837372,1.6427203733882958,2.7679679094289322,82,4086.0,1.6427203733882958
16430.0,78,3850.0,28.94736842105263,2.8078633754036417,78,78,3850.0,0.09104911724814685,1.7098366558453624,2.8078633754036417,78,3850.0,1.7098366558453624
16435.0,76,3558.0,26.954545454545453,2.7578256955307068,76,76,3558.0,0.08577868641800207,1.649130582333314,2.7578256955307068,76,3558.0,1.649130582333314
16440.0,74,3306.0,25.236641221374047,2.90000569092041,74,74,3289.0,0.09160821832177177,1.7501232444909047,2.90000569092041,74,3289.0,1.7501232444909047
16445.0,75,3075.0,23.295454545454547,2.8342056327371217,75,75,3074.0,0.09157984755577862,1.7411767505246305,2.8342056327371217,75,3074.0,1.7411767505246305
16450.0,75,2720.0,20.606060606060606,2.7274068173597907,75,75,2720.0,0.07759032636232326,1.5030498992245145,2.7274068173597907,75,2720.0,1.5030498992245145
16455.0,77,2465.0,18.674242424242426,2.582349029952908,77,77,2414.0,0.07431460062231075,1.4799161814610542,2.582349029952908,77,2414.0,1.4799161814610542
16460.0,76,2239.0,17.356589147286822,2.609250203057711,76,76,2239.0,0.07671585122238629,1.5322758159269667,2.609250203057711,76,2239.0,1.5322758159269667
16465.0,78,2018.0,16.015873015873016,2.438839971707734,78,78,2017.0,0.08164894611247334,1.5362392805338434,2.438839971707734,78,2017.0,1.5362392805338434
16470.0,77,1743.0,13.944,2.453943179286148,77,77,1743.0,0.08301042922442779,1.5838639004362887,2.453943179286148,77,1743.0,1.5838639004362887
16475.0,75,1581.0,12.648,2.574182788218812,75,75,1563.0,0.08543560577918875,1.6260907395198598,2.574182788218812,75,1563.0,1.6260907395198598
16480.0,80,1863.0,14.785714285714286,2.4278696302073817,80,80,1863.0,0.0827897896038998,1.5188211299731313,2.4278696302073817,80,1863.0,1.5188211299731313
16485.0,86,2178.0,17.424,2.249936946968108,86,86,2178.0,0.07337354883801697,1.348589640565492,2.249936946968108,86,2178.0,1.348589640565492
16490.0,88,2306.0,18.15748031496063,2.097699037796835,88,88,2306.0,0.06473128807147266,1.1861806504704815,2.097699037796835,88,2306.0,1.1861806504704815
16495.0,89,2649.0,20.6953125,2.324810297790599,89,89,2525.0,0.06409147390332932,1.218665037923362,2.324810297790599,89,2525.0,1.218665037923362
16500.0,92,3003.0,23.27906976744186,2.3176224185396856,92,92,3003.0,0.06090522656444975,1.1508840798982836,2.3176224185396856,92,3003.0,1.1508840798982836
16505.0,93,3140.0,23.78787878787879,2.2107608113056507,93,93,3140.0,0.05132359072961838,1.0456468863586965,2.2107608113056507,93,3140.0,1.0456468863586965
16510.0,89,3117.0,24.162790697674417,2.169296591986126,89,89,3044.0,0.05913953577284416,1.148825903272496,2.169296591986126,89,3044.0,1.148825903272496
16515.0,89,3173.0,24.407692307692308,2.371082616867843,89,89,3173.0,0.07338626715263254,1.393773913043471,2.371082616867843,89,3173.0,1.393773913043471
16520.0,89,3153.0,24.441860465116278,2.355817602279599,89,89,3153.0,0.07031720310622827,1.355690582868472,2.355817602279599,89,3153.0,1.355690582868472
16525.0,92,3075.0,23.653846153846153,2.1028972697765065,92,92,3047.0,0.0483991012081195,0.9357000129036722,2.1028972697765065,92,3047.0,0.9357000129036722
16530.0,86,2985.0,23.3203125,2.3084606265418772,86,86,2985.0,0.06401015724784886,1.2396281102487965,2.3084606265418772,86,2985.0,1.2396281102487965
16535.0,82,2676.0,21.238095238095237,2.2227421405034393,82,82,2676.0,0.06167894921538839,1.202985448875383,2.2227421405034393,82,2676.0,1.202985448875383
16540.0,80,2368.0,18.793650793650794,2.0258545234410175,80,80,2304.0,0.05252750474380519,1.064612223859849,2.0258545234410175,80,2304.0,1.064612223859849
16545.0,79,2229.0,18.121951219512194,2.0742807171054576,79,79,2229.0,0.06160456496050274,1.2195070941538955,2.0742807171054576,79,2229.0,1.2195070941538955
16550.0,79,2003.0,16.024,2.030882991426705,79,79,2003.0,0.05837111437454268,1.1309493585138437,2.030882991426705,79,2003.0,1.1309493585138437
16555.0,78,1718.0,13.967479674796747,2.1715923470443834,78,78,1690.0,0.07107994486374089,1.3340653464216694,2.1715923470443834,78,1690.0,1.3340653464216694
16560.0,76,1543.0,12.858333333333333,2.128218229172022,76,76,1543.0,0.07256650191390887,1.3500191038453473,2.128218229172022,76,1543.0,1.3500191038453473
16565.0,76,1421.0,11.552845528455284,2.4914063510845876,76,76,1421.0,0.0852475123519729,1.605348610191162,2.4914063510845876,76,1421.0,1.605348610191162
16570.0,78,1377.0,11.380165289256198,2.3159594357913034,78,78,1377.0,0.07570844562766521,1.491537396116651,2.3159594357913034,78,1377.0,1.491537396116651
16575.0,85,1637.0,13.201612903225806,2.244842896834341,85,85,1611.0,0.06818630519240253,1.312642113309065,2.244842896834341,85,1611.0,1.312642113309065
16580.0,90,1926.0,15.285714285714286,2.3818046143128986,90,90,1926.0,0.06569209088256879,1.3143281569611902,2.3818046143128986,90,1926.0,1.3143281569611902
16585.0,92,2177.0,17.0078125,2.2440253677131494,92,92,2177.0,0.0525545782111335,1.0786428571428543,2.2440253677131494,92,2177.0,1.0786428571428543
16590.0,87,2392.0,18.834645669291337,2.4460987594761443,87,87,2379.0,0.07327373064364566,1.4172597214673963,2.4460987594761443,87,2379.0,1.4172597214673963
16595.0,83,2592.0,20.571428571428573,2.491054050091921,83,83,2592.0,0.08009333801545694,1.4693220641013045,2.491054050091921,83,2592.0,1.4693220641013045
16600.0,81,2580.0,20.64,2.2125413794804536,81,81,2580.0,0.07160908622344667,1.3302387809625924,2.2125413794804536,81,2580.0,1.3302387809625924
16605.0,78,2418.0,19.5,2.3252429627624966,77,78,2352.0,0.08059759930501298,1.5024735716803834,2.3252429627624966,77,2352.0,1.5024735716803834
16610.0,75,2236.0,18.032258064516128,2.1794530372325824,75,75,2236.0,0.07674494498671032,1.407325821348517,2.1794530372325824,75,2236.0,1.407325821348517
16615.0,74,1900.0,15.573770491803279,2.3308537165007808,74,74,1900.0,0.08583060637470698,1.5823285219325496,2.3308537165007808,74,1900.0,1.5823285219325496
16620.0,76,1550.0,12.704918032786885,2.054505082268604,76,76,1547.0,0.07056649944152327,1.322322252447195,2.054505082268604,76,1547.0,1.322322252447195
16625.0,78,1425.0,11.30952380952381,2.1121843045759583,78,78,1424.0,0.07153503372245758,1.3253163650925477,2.1121843045759583,78,1424.0,1.3253163650925477
16630.0,77,1388.0,11.104,2.163362361736635,77,77,1388.0,0.08490719839797763,1.5692716516468446,2.163362361736635,77,1388.0,1.5692716516468446
16635.0,79,1365.0,10.6640625,2.344241130158196,79,79,1365.0,0.08577495336697495,1.5755875692039094,2.344241130158196,79,1365.0,1.5755875692039094
16640.0,82,1399.0,10.844961240310077,2.214582222387106,82,82,1399.0,0.070125554670674,1.3129566271062683,2.214582222387106,82,1399.0,1.3129566271062683
16645.0,87,1612.0,12.1203007518797,2.1845082409430914,87,87,1588.0,0.06488736696707842,1.1752234599416058,2.1845082409430914,87,1588.0,1.1752234599416058
16650.0,85,1885.0,14.280303030303031,2.5412019833706476,85,85,1885.0,0.08408318428802372,1.4825394339778135,2.5412019833706476,85,1885.0,1.4825394339778135
16655.0,88,2147.0,16.643410852713178,2.285645022233443,88,88,2147.0,0.06405342377570546,1.1655267303442585,2.285645022233443,88,2147.0,1.1655267303442585
16660.0,93,2443.0,18.64885496183206,2.05066547968247,93,93,2430.0,0.05034538279925325,0.9135829262773836,2.05066547968247,93,2430.0,0.9135829262773836
16665.0,94,2778.0,21.206106870229007,2.16516879878291,94,94,2778.0,0.059589119870300564,1.0221470694398331,2.16516879878291,94,2778.0,1.0221470694398331
16670.0,97,3127.0,23.33582089552239,2.06061498023677,97,97,3127.0,0.05517453302760472,0.9137295457085076,2.06061498023677,97,3127.0,0.9137295457085076
16675.0,98,3487.0,26.416666666666668,2.0095921393783565,98,98,3487.0,0.051760884084157854,0.8796377508291707,2.0095921393783565,98,3487.0,0.8796377508291707
16680.0,99,3851.0,29.623076923076923,1.8330937615615581,99,99,3851.0,0.043554586234096665,0.7752106497802627,1.8330937615615581,99,3851.0,0.7752106497802627
16685.0,102,4335.0,32.84090909090909,1.9391765571328827,102,102,4335.0,0.049305102787189976,0.8781985019207722,1.9391765571328827,102,4335.0,0.8781985019207722
16690.0,107,4860.0,37.38461538461539,1.7216783157580902,107,107,4860.0,0.03367029299468617,0.6335058971971992,1.7216783157580902,107,4860.0,0.6335058971971992
16695.0,108,5273.0,40.25190839694657,1.5574738540137474,108,108,5273.0,0.027995911083082758,0.532673640010048,1.5574738540137474,108,5273.0,0.532673640010048
16700.0,109,5817.0,45.4453125,1.5432536496476335,109,109,5725.0,0.04002601388771287,0.7471695079463827,1.5432536496476335,109,5725.0,0.7471695079463827
16705.0,112,6364.0,49.71875,1.3328070498363702,112,112,6364.0,0.03647199538762116,0.6849337016406591,1.3328070498363702,112,6364.0,0.6849337016406591
16710.0,109,6900.0,54.76190476190476,1.2965025587530878,109,109,6900.0,0.03285221804382841,0.6558206088990894,1.2965025587530878,109,6900.0,0.6558206088990894
16715.0,109,7445.0,59.56,1.2852804259934798,109,109,7436.0,0.03756408779835523,0.6866453036804991,1.2852804259934798,109,7436.0,0.6866453036804991
16720.0,111,7997.0,62.968503937007874,1.2320933322432381,111,111,7997.0,0.03807922283601469,0.6399437014817194,1.2320933322432381,111,7997.0,0.6399437014817194
16725.0,110,8545.0,67.81746031746032,1.2648099781802664,110,110,8545.0,0.031924985524280296,0.5916713117130499,1.2648099781802664,110,8545.0,0.5916713117130499
16730.0,111,9099.0,71.64566929133858,1.0950510785687784,111,111,9097.0,0.0220473180153595,0.4208071000950993,1.0950510785687784,111,9097.0,0.4208071000950993
16735.0,112,9659.0,76.05511811023622,1.21486802821281,112,112,9659.0,0.02763206617731683,0.5352995154825761,1.21486802821281,112,9659.0,0.5352995154825761
16740.0,112,10211.0,82.34677419354838,1.0146937183827143,112,112,10211.0,0.02223555538742094,0.43104236505268945,1.0146937183827143,112,10211.0,0.43104236505268945
16745.0,112,10771.0,85.48412698412699,1.0167423621794343,112,112,10766.0,0.02936964246056125,0.5410743473758597,1.0167423621794343,112,10766.0,0.5410743473758597
16750.0,113,11332.0,90.656,0.9660378342946961,113,113,11332.0,0.028281497204571137,0.5265417185886315,0.9660378342946961,113,11332.0,0.5265417185886315
16755.0,110,11426.0,90.68253968253968,0.9915951314527574,110,110,11426.0,0.027175398313593953,0.519511583196398,0.9915951314527574,110,11426.0,0.519511583196398
16760.0,106,11191.0,88.81746031746032,1.2958172704605087,106,106,11038.0,0.04230421363692422,0.7738283401274583,1.2958172704605087,106,11038.0,0.7738283401274583
16765.0,104,10935.0,85.4296875,1.5252922514250251,104,104,10935.0,0.05336380773539042,0.9446167072809336,1.5252922514250251,104,10935.0,0.9446167072809336
16770.0,98,10659.0,84.5952380952381,1.7504331454569446,98,98,10659.0,0.06436727078223767,1.1520905596037752,1.7504331454569446,98,10659.0,1.1520905596037752
16775.0,94,10362.0,82.896,2.066011080431445,94,94,10362.0,0.07572332580058812,1.378930122342771,2.066011080431445,94,10362.0,1.378930122342771
16780.0,90,10007.0,79.42063492063492,1.856420173827589,90,90,10007.0,0.06555435254877415,1.2402870215545994,1.856420173827589,90,10007.0,1.2402870215545994
16785.0,91,9683.0,76.84920634920636,2.0262531223528124,91,91,9663.0,0.06607947967249786,1.2393071613365916,2.0262531223528124,91,9663.0,1.2393071613365916
16790.0,91,9363.0,73.1484375,2.216840840761898,91,91,9363.0,0.07634075147387256,1.3390684181563044,2.216840840761898,91,9363.0,1.3390684181563044
16795.0,88,8617.0,67.85039370078741,2.304458181933723,88,88,8617.0,0.06399556228871152,1.2144886881749986,2.304458181933723,88,8617.0,1.2144886881749986
16800.0,84,7572.0,60.095238095238095,2.514046138319945,84,84,7434.0,0.0715301186711182,1.3487461100376177,2.514046138319945,84,7434.0,1.3487461100376177
16805.0,80,6505.0,50.42635658914729,2.8213875716923997,80,80,6505.0,0.08937246729587005,1.6237576444784083,2.8213875716923997,80,6505.0,1.6237576444784083
16810.0,76,5418.0,42.661417322834644,3.0198251679722614,76,76,5418.0,0.09885142029958023,1.8346272526903882,3.0198251679722614,76,5418.0,1.8346272526903882
16815.0,72,4311.0,33.94488188976378,3.2522151209045522,72,72,4311.0,0.1162694311870304,2.1335983057113195,3.2522151209045522,72,4311.0,2.1335983057113195
16820.0,69,3362.0,26.682539682539684,3.425995939204604,69,69,3362.0,0.12019474842148603,2.262310529790372,3.425995939204604,69,3362.0,2.262310529790372
16825.0,73,2965.0,23.1640625,3.2189062040571814,72,73,2964.0,0.1103511986486921,2.128322835470366,3.2189062040571814,72,2964.0,2.128322835470366
16830.0,78,2634.0,20.41860465116279,2.9822887335205923,78,78,2593.0,0.09846860916730363,1.885909593737349,2.9822887335205923,78,2593.0,1.885909593737349
16835.0,82,2364.0,18.325581395348838,2.8556559626739806,82,82,2364.0,0.0894466915149514,1.708296845113877,2.8556559626739806,82,2364.0,1.708296845113877
16840.0,83,2260.0,17.79527559055118,2.458682492497933,83,83,2260.0,0.07602264465834468,1.4379637861854093,2.458682492497933,83,2260.0,1.4379637861854093
16845.0,83,2492.0,19.62204724409449,2.6457521598864804,83,83,2459.0,0.08191431970527042,1.5533952366297268,2.6457521598864804,83,2459.0,1.5533952366297268
16850.0,89,2918.0,22.796875,2.538515672882201,89,89,2918.0,0.08011023496999692,1.493464831576728,2.538515672882201,89,2918.0,1.493464831576728
16855.0,96,3381.0,26.00769230769231,2.3644710733472922,96,96,3381.0,0.06403568150272604,1.1903770850436892,2.3644710733472922,96,3381.0,1.1903770850436892
16860.0,102,3876.0,30.28125,1.8741005698874953,102,102,3876.0,0.03765665311272984,0.7387291819183576,1.8741005698874953,102,3876.0,0.7387291819183576
16865.0,108,4405.0,34.14728682170543,1.539223164706593,108,108,4405.0,0.023032660783538206,0.47211304347826616,1.539223164706593,108,4405.0,0.47211304347826616
16870.0,106,4677.0,36.5390625,1.628452492385516,106,106,4677.0,0.030020414858526332,0.6196863368213268,1.628452492385516,106,4677.0,0.6196863368213268
16875.0,102,4751.0,36.82945736434109,1.7341939000222968,102,102,4664.0,0.03818825087398045,0.7362834244970449,1.7341939000222968,102,4664.0,0.7362834244970449
16880.0,98,4804.0,37.826771653543304,1.986761826850104,98,98,4804.0,0.0567328181624721,1.0748341762007787,1.986761826850104,98,4804.0,1.0748341762007787
16885.0,96,4836.0,38.07874015748032,2.0719317577806344,96,96,4836.0,0.061519920318161524,1.1613897228789203,2.0719317577806344,96,4836.0,1.1613897228789203
16890.0,90,4849.0,38.48412698412698,2.446617901606422,90,90,4849.0,0.07940975513910341,1.4852656712960393,2.446617901606422,90,4849.0,1.4852656712960393
16895.0,86,4840.0,39.03225806451613,2.4949326488701224,86,86,4840.0,0.08929883838854628,1.6196635394591408,2.4949326488701224,86,4840.0,1.6196635394591408
16900.0,82,4813.0,38.504,2.5224282380257383,82,82,4813.0,0.09040873375742299,1.6812762067012959,2.5224282380257383,82,4813.0,1.6812762067012959
16905.0,79,4769.0,38.45967741935484,2.7292582191450867,79,79,4769.0,0.09808231043996342,1.8306644375988184,2.7292582191450867,79,4769.0,1.8306644375988184
16910.0,76,4641.0,37.42741935483871,2.6259887702978477,76,76,4641.0,0.09345338186652757,1.748928284351297,2.6259887702978477,76,4641.0,1.748928284351297
16915.0,74,4563.0,37.09756097560975,2.9036263996927056,74,74,4535.0,0.1079867196298661,2.020883476048718,2.9036263996927056,74,4535.0,2.020883476048718
16920.0,76,4492.0,36.520325203252035,3.0209632054613973,76,76,4490.0,0.10969641590270597,2.036163684859804,3.0209632054613973,76,4490.0,2.036163684859804
16925.0,73,4379.0,35.314516129032256,3.0015693858417785,72,73,4376.0,0.10183884153450645,1.9463297711704235,3.0015693858417785,72,4376.0,1.9463297711704235
16930.0,68,4258.0,34.90163934426229,3.3447306223986835,68,68,4245.0,0.11497771701486872,2.1360365596836317,3.3447306223986835,68,4245.0,2.1360365596836317
16935.0,66,4234.0,34.145161290322584,3.689767874884271,66,66,4234.0,0.12720062677720892,2.3176626213592115,3.689767874884271,66,4234.0,2.3176626213592115
16940.0,68,4484.0,36.45528455284553,3.5037087890232286,68,68,4484.0,0.11794212611020831,2.2240332654468262,3.5037087890232286,68,4484.0,2.2240332654468262
16945.0,75,4763.0,38.104,3.2346103882994175,75,75,4762.0,0.1078188142733078,1.974233630357466,3.2346103882994175,75,4762.0,1.974233630357466
16950.0,78,5068.0,40.87096774193548,2.876953818160116,78,78,5068.0,0.08682723228103095,1.6263016684096063,2.876953818160116,78,5068.0,1.6263016684096063
16955.0,84,5401.0,43.556451612903224,2.7386152120471623,84,84,5401.0,0.06699792441748063,1.3112635852696557,2.7386152120471623,84,5401.0,1.3112635852696557
16960.0,87,5752.0,46.016,2.431105403817579,87,87,5752.0,0.056047670120367356,1.1042183508901147,2.431105403817579,87,5752.0,1.1042183508901147
16965.0,86,5920.0,47.74193548387097,2.3073668755128187,86,86,5920.0,0.05743366390251269,1.1119917373752688,2.3073668755128187,86,5920.0,1.1119917373752688
16970.0,88,6279.0,50.232,2.1339947808997377,88,88,6158.0,0.051804383068781296,1.0020532610059596,2.1339947808997377,88,6158.0,1.0020532610059596
16975.0,91,6679.0,54.300813008130085,1.914064978812128,91,91,6679.0,0.055834152982430725,1.0524609463916939,1.914064978812128,91,6679.0,1.0524609463916939
16980.0,94,7133.0,57.99186991869919,1.8601822303083562,94,94,7133.0,0.04612386142082512,0.9214348801892389,1.8601822303083562,94,7133.0,0.9214348801892389
16985.0,99,7618.0,60.46031746031746,1.7471466995408271,99,99,7613.0,0.044872946865904734,0.8639690509091896,1.7471466995408271,99,7613.0,0.8639690509091896
16990.0,104,8131.0,65.048,1.6292261516197077,104,104,8131.0,0.04594157314414455,0.8814862337305372,1.6292261516197077,104,8131.0,0.8814862337305372
16995.0,102,8483.0,66.79527559055119,1.5546300849423589,102,102,8483.0,0.036330863529730514,0.7017807017543886,1.5546300849423589,102,8483.0,0.7017807017543886
17000.0,101,8712.0,69.14285714285714,1.588192172759523,101,101,8659.0,0.04976324317542928,0.9210038639872553,1.588192172759523,101,8659.0,0.9210038639872553
17005.0,98,8925.0,70.2755905511811,1.801719593638411,98,98,8925.0,0.06494900896240025,1.162165830726941,1.801719593638411,98,8925.0,1.162165830726941
17010.0,97,9128.0,71.3125,1.844594326348969,97,97,9128.0,0.06208334868433526,1.1014635922874219,1.844594326348969,97,9128.0,1.1014635922874219
17015.0,98,9340.0,72.96875,1.8998009089785364,98,98,9340.0,0.0593759963619315,1.0867037526753538,1.8998009089785364,98,9340.0,1.0867037526753538
17020.0,101,9560.0,72.42424242424242,1.712464622087239,101,101,9560.0,0.04417130266141811,0.8164238693845582,1.712464622087239,101,9560.0,0.8164238693845582
17025.0,103,9798.0,74.79389312977099,1.6118582021499055,103,103,9798.0,0.03908699297048932,0.7591453056074198,1.6118582021499055,103,9798.0,0.7591453056074198
17030.0,102,9979.0,75.03007518796993,1.5111467268588752,102,102,9979.0,0.038406178422250824,0.7143740538296389,1.5111467268588752,102,9979.0,0.7143740538296389
17035.0,102,10115.0,76.05263157894737,1.5454718331429635,102,102,10097.0,0.044360129739720464,0.8289730019723153,1.5454718331429635,102,10097.0,0.8289730019723153
17040.0,97,10235.0,78.12977099236642,1.7249517752032806,97,97,10235.0,0.061945560980519315,1.1219609960230172,1.7249517752032806,97,10235.0,1.1219609960230172
17045.0,95,10326.0,77.05970149253731,1.7030302257046992,95,95,10326.0,0.050876451817817164,1.002361503284864,1.7030302257046992,95,10326.0,1.002361503284864
17050.0,95,10475.0,78.17164179104478,1.9271686405147834,95,95,10465.0,0.05905013201048206,1.148710179399497,1.9271686405147834,95,10465.0,1.148710179399497
17055.0,96,10686.0,79.15555555555555,1.8590701393266715,96,96,10686.0,0.057737669031900224,1.0913514421448844,1.8590701393266715,96,10686.0,1.0913514421448844
17060.0,94,10915.0,83.3206106870229,1.8103079820796277,94,94,10915.0,0.061717926603537046,1.1781706812184218,1.8103079820796277,94,10915.0,1.1781706812184218
17065.0,96,11210.0,84.28571428571429,1.7866563376163271,96,96,11197.0,0.059339159518805265,1.1042843869265735,1.7866563376163271,96,11197.0,1.1042843869265735
17070.0,95,11512.0,85.91044776119404,2.0078357045721003,95,95,11512.0,0.07004460013631082,1.2695925095279283,2.0078357045721003,95,11512.0,1.2695925095279283
17075.0,95,11799.0,87.4,1.9536012491492754,95,95,11799.0,0.061426217365503084,1.1838919865272295,1.9536012491492754,95,11799.0,1.1838919865272295
17080.0,97,12101.0,87.68840579710145,1.813179792246693,97,97,12097.0,0.0507690845780623,0.9589711402156887,1.813179792246693,97,12097.0,0.9589711402156887
17085.0,99,12420.0,90.65693430656934,1.8775241913222376,99,99,12420.0,0.05211501519293691,1.0001532423796855,1.8775241913222376,99,12420.0,1.0001532423796855
17090.0,97,12693.0,91.97826086956522,1.8220268771553703,97,97,12693.0,0.04683243422743028,0.9187016568926695,1.8220268771553703,97,12693.0,0.9187016568926695
17095.0,94,12963.0,95.31617647058823,1.9344275194938314,94,94,12950.0,0.05847946604243919,1.106285557692236,1.9344275194938314,94,12950.0,1.106285557692236
17100.0,95,13284.0,97.67647058823529,1.98783415623697,95,95,13284.0,0.06280575410961275,1.1745833016440639,1.98783415623697,95,13284.0,1.1745833016440639
17105.0,95,13611.0,99.35036496350365,1.956455416655846,95,95,13611.0,0.06578779617155309,1.205621428966596,1.956455416655846,95,13611.0,1.205621428966596
17110.0,91,13924.0,100.89855072463769,2.2947453748932265,91,91,13924.0,0.07901166207842422,1.425314783466878,2.2947453748932265,91,13924.0,1.425314783466878
17115.0,89,14190.0,100.63829787234043,2.279533181067693,89,89,14190.0,0.07683536091938792,1.3800209111853172,2.279533181067693,89,14190.0,1.3800209111853172
17120.0,91,14493.0,103.52142857142857,2.3172599677002235,91,91,14475.0,0.08112588760795839,1.4838603429613988,2.3172599677002235,91,14475.0,1.4838603429613988
17125.0,95,14853.0,107.6304347826087,2.165472912573381,95,95,14853.0,0.08359542008849326,1.5167799543129432,2.165472912573381,95,14853.0,1.5167799543129432
17130.0,96,15211.0,110.22463768115942,2.1316494082687982,96,96,15211.0,0.06913110490217654,1.3095222986640083,2.1316494082687982,96,15211.0,1.3095222986640083
17135.0,97,15549.0,111.06428571428572,2.2578020159091468,97,97,15537.0,0.07273392323629553,1.3309022340994707,2.2578020159091468,97,15537.0,1.3309022340994707
17140.0,95,15878.0,111.03496503496504,2.3071807331970637,95,95,15878.0,0.07379699638538792,1.3262187340036127,2.3071807331970637,95,15878.0,1.3262187340036127
17145.0,94,16183.0,114.77304964539007,2.230462522412308,94,94,16183.0,0.07016233415521476,1.2891461653705856,2.230462522412308,94,16183.0,1.2891461653705856
17150.0,94,16510.0,114.65277777777777,2.318390266524525,94,94,16499.0,0.07206297512112317,1.3084578511968281,2.318390266524525,94,16499.0,1.3084578511968281
17155.0,97,16888.0,117.27777777777777,2.3747183492536905,97,97,16888.0,0.07124542107397548,1.3002933559010508,2.3747183492536905,97,16888.0,1.3002933559010508
17160.0,99,17076.0,120.25352112676056,2.2997997477723238,99,99,17076.0,0.0630152795542465,1.1571777355235928,2.2997997477723238,99,17076.0,1.1571777355235928
17165.0,105,17518.0,123.36619718309859,1.912415222761576,105,105,17383.0,0.04909357242512755,0.8880593419477625,1.912415222761576,105,17383.0,0.8880593419477625
17170.0,109,17987.0,127.56737588652483,1.8341489979981278,109,109,17987.0,0.04875081450948886,0.8481307705191733,1.8341489979981278,109,17987.0,0.8481307705191733
17175.0,108,18450.0,134.67153284671534,1.4512624682165247,108,108,18450.0,0.03389091991488934,0.6340265120467488,1.4512624682165247,108,18450.0,0.6340265120467488
17180.0,109,18925.0,138.13868613138686,1.5454529037660154,109,109,18918.0,0.04446110047922892,0.8056967261412423,1.5454529037660154,109,18918.0,0.8056967261412423
17185.0,111,19421.0,141.75912408759123,1.587259993257124,111,111,19421.0,0.05252362099378253,0.9385731298724156,1.587259993257124,111,19421.0,0.9385731298724156
17190.0,113,19847.0,144.86861313868613,1.3995246951793823,113,113,19847.0,0.03461040381806838,0.6745191340762356,1.3995246951793823,113,19847.0,0.6745191340762356
17195.0,113,20187.0,148.43382352941177,1.3977636277103427,113,113,20144.0,0.03901103745899201,0.7050004998725469,1.3977636277103427,113,20144.0,0.7050004998725469
17200.0,110,20514.0,150.83823529411765,1.3971563429176939,110,110,20514.0,0.044414730723998756,0.7676322453575575,1.3971563429176939,110,20514.0,0.7676322453575575
17205.0,107,20812.0,153.02941176470588,1.4824347237057138,107,107,20812.0,0.042737611527725594,0.7774424570424144,1.4824347237057138,107,20812.0,0.7774424570424144
17210.0,107,21122.0,156.45925925925926,1.5076267434328767,107,107,21110.0,0.045789107021709595,0.8195844341818234,1.5076267434328767,107,21110.0,0.8195844341818234
17215.0,108,21435.0,158.77777777777777,1.4069090386526202,108,108,21435.0,0.04070346974024803,0.7013764311031656,1.4069090386526202,108,21435.0,0.7013764311031656
17220.0,105,21699.0,160.73333333333332,1.544202544297645,105,105,21699.0,0.037197035944743766,0.7123196484032445,1.544202544297645,105,21699.0,0.7123196484032445
17225.0,100,21909.0,162.2888888888889,1.5524896997445967,100,100,21896.0,0.049995997064492696,0.9015025927743919,1.5524896997445967,100,21896.0,0.9015025927743919
17230.0,97,22102.0,163.71851851851852,1.8676026406934225,97,97,22102.0,0.06569813556021603,1.1710713490742461,1.8676026406934225,97,22102.0,1.1710713490742461
17235.0,94,22268.0,164.94814814814814,1.8007479180938664,94,94,22268.0,0.06084394976178615,1.1325344181798438,1.8007479180938664,94,22268.0,1.1325344181798438
17240.0,95,22443.0,166.24444444444444,1.932408005883438,95,95,22438.0,0.06500612439231962,1.163333365923211,1.932408005883438,95,22438.0,1.163333365923211
17245.0,98,22753.0,166.08029197080293,2.0534988172626636,98,98,22753.0,0.06293333433088368,1.1306993772822351,2.0534988172626636,98,22753.0,1.1306993772822351
17250.0,101,23173.0,169.14598540145985,1.9618739877925726,101,101,23173.0,0.05847844668754565,1.043434900711005,1.9618739877925726,101,23173.0,1.043434900711005
17255.0,106,23618.0,172.3941605839416,1.9001298995593408,106,106,23618.0,0.046723957600005424,0.858987929786502,1.9001298995593408,106,23618.0,0.858987929786502
17260.0,106,24012.0,176.55882352941177,1.5555206192035527,106,106,24012.0,0.033603141801998665,0.6278376982480992,1.5555206192035527,106,24012.0,0.6278376982480992
17265.0,107,24471.0,182.61940298507463,1.540207095061098,107,107,24414.0,0.04264428979861627,0.7487251966363239,1.540207095061098,107,24414.0,0.7487251966363239
17270.0,107,24931.0,187.45112781954887,1.4417075317120402,107,107,24931.0,0.04814809036726188,0.852173626039429,1.4417075317120402,107,24931.0,0.852173626039429
17275.0,110,25451.0,192.81060606060606,1.286552823394672,110,110,25451.0,0.03222816328282533,0.6237814213487365,1.286552823394672,110,25451.0,0.6237814213487365
17280.0,115,26016.0,198.59541984732823,1.1761075523773223,115,115,26005.0,0.031694740243051966,0.5532308937010414,1.1761075523773223,115,26005.0,0.5532308937010414
17285.0,117,26600.0,201.5151515151515,1.028912900142715,117,117,26600.0,0.031666181469176394,0.5307053101612148,1.028912900142715,117,26600.0,0.5307053101612148
17290.0,115,27017.0,206.23664122137404,1.0534170158745042,115,115,27017.0,0.027318471930642678,0.5241043121567296,1.0534170158745042,115,27017.0,0.5241043121567296
17295.0,110,27302.0,206.83333333333334,1.1886329740298585,110,110,27249.0,0.034338197415868736,0.6382535344397013,1.1886329740298585,110,27249.0,0.6382535344397013
17300.0,107,27569.0,212.06923076923076,1.390346745860652,107,107,27569.0,0.050126591727168684,0.9033083988357361,1.390346745860652,107,27569.0,0.9033083988357361
17305.0,106,27810.0,210.6818181818182,1.4565011299373234,106,106,27810.0,0.04880441477892969,0.9060942784657546,1.4565011299373234,106,27810.0,0.9060942784657546
17310.0,104,28055.0,212.53787878787878,1.6140179760596758,104,104,28050.0,0.048590404078413224,0.9199542849089009,1.6140179760596758,104,28050.0,0.9199542849089009
17315.0,105,28304.0,216.06106870229007,1.607863178235788,105,105,28304.0,0.05316797361948328,0.966864103262671,1.607863178235788,105,28304.0,0.966864103262671
17320.0,103,27067.0,205.0530303030303,1.4507621515462323,103,103,27067.0,0.038861786902996055,0.7427589731180665,1.4507621515462323,103,27067.0,0.7427589731180665
17325.0,100,24830.0,188.1060606060606,1.6492481204923242,100,100,24338.0,0.048764247568164144,0.8925950002391577,1.6492481204923242,100,24338.0,0.8925950002391577
17330.0,95,22570.0,168.43283582089552,1.8810895853508067,95,95,22570.0,0.061105122313652234,1.069414114607895,1.8810895853508067,95,22570.0,1.069414114607895
17335.0,92,20203.0,151.90225563909775,1.892723816234666,92,92,20203.0,0.0543287105927663,1.0245138729984367,1.892723816234666,92,20203.0,1.0245138729984367
17340.0,87,17800.0,134.84848484848484,2.102689188196144,87,87,17772.0,0.06377116264646267,1.196708399991296,2.102689188196144,87,17772.0,1.196708399991296
17345.0,86,15581.0,117.15037593984962,2.1920075917729758,86,86,15581.0,0.07415934158583408,1.3448080986996311,2.1920075917729758,86,15581.0,1.3448080986996311
17350.0,86,13340.0,101.06060606060606,2.1598865494721435,86,86,13340.0,0.06474166868052111,1.2655247037364203,2.1598865494721435,86,13340.0,1.2655247037364203
17355.0,89,11162.0,85.20610687022901,2.1162106063845947,89,89,11138.0,0.06496479485816097,1.2186439709038444,2.1162106063845947,89,11138.0,1.2186439709038444
17360.0,90,9014.0,69.33846153846154,2.1285338379257643,90,90,9014.0,0.07027323013058442,1.3055170286640787,2.1285338379257643,90,9014.0,1.3055170286640787
17365.0,92,7090.0,54.12213740458015,2.076972153163547,92,92,7090.0,0.06305988290391558,1.2120504032816595,2.076972153163547,92,7090.0,1.2120504032816595
17370.0,89,5378.0,41.05343511450382,2.1799471479039103,89,89,5378.0,0.06156097203541954,1.2031647676780697,2.1799471479039103,89,5378.0,1.2031647676780697
17375.0,90,3976.0,30.35114503816794,2.3037964354611042,90,90,3930.0,0.06464778538485547,1.264111486052294,2.3037964354611042,90,3930.0,1.264111486052294
17380.0,91,2832.0,21.454545454545453,2.019766563882867,91,91,2832.0,0.052464910985045805,1.0086581196581226,2.019766563882867,91,2832.0,1.0086581196581226
17385.0,93,2182.0,16.784615384615385,1.989719906565481,93,93,2182.0,0.05524034916111091,1.0938180319452313,1.989719906565481,93,2182.0,1.0938180319452313
17390.0,102,2668.0,20.523076923076925,1.6440087112552348,102,102,2668.0,0.04377595428984431,0.865659745032677,1.6440087112552348,102,2668.0,0.865659745032677
17395.0,111,3191.0,24.174242424242426,1.3610908945114835,111,111,3191.0,0.026369862216205308,0.5310935008285033,1.3610908945114835,111,3191.0,0.5310935008285033
17400.0,114,3755.0,28.66412213740458,1.2142401175123818,114,114,3744.0,0.028445306780832815,0.5250968894020484,1.2142401175123818,114,3744.0,0.5250968894020484
17405.0,116,4330.0,32.556390977443606,1.0977049749552372,116,116,4330.0,0.029322751628208982,0.5253549026295521,1.0977049749552372,116,4330.0,0.5253549026295521
17410.0,115,4732.0,36.12213740458015,1.0716376948653075,115,115,4732.0,0.025111364551832053,0.4655193674483051,1.0716376948653075,115,4732.0,0.4655193674483051
17415.0,110,4992.0,38.4,1.110688420494384,110,110,4934.0,0.038564123851809864,0.6835205894150598,1.110688420494384,110,4934.0,0.6835205894150598
17420.0,107,5233.0,40.253846153846155,1.3928803362384887,107,107,5233.0,0.05166829558413506,0.9021916503080752,1.3928803362384887,107,5233.0,0.9021916503080752
17425.0,106,5450.0,41.28787878787879,1.4687740670287068,106,106,5450.0,0.050845915428240254,0.9008736984775997,1.4687740670287068,106,5450.0,0.9008736984775997
17430.0,104,5670.0,43.61538461538461,1.4506599784797318,104,104,5666.0,0.05071139886270094,0.902367757461719,1.4506599784797318,104,5666.0,0.902367757461719
17435.0,105,5894.0,45.33846153846154,1.5526961418941856,105,105,5894.0,0.05488496003223734,0.9822393421611704,1.5526961418941856,105,5894.0,0.9822393421611704
17440.0,105,6119.0,46.35606060606061,1.5200691241030433,105,105,6119.0,0.04524746613327624,0.802232026022535,1.5200691241030433,105,6119.0,0.802232026022535
17445.0,107,6351.0,48.11363636363637,1.4684285786026874,107,107,6351.0,0.04145172396012822,0.7491649303723346,1.4684285786026874,107,6351.0,0.7491649303723346
17450.0,107,6586.0,49.149253731343286,1.4380734498624124,107,107,6586.0,0.03448977739845035,0.66701362846284,1.4380734498624124,107,6586.0,0.66701362846284
17455.0,107,6811.0,51.99236641221374,1.239098192961732,107,107,6811.0,0.034289666643355386,0.6491754833866452,1.239098192961732,107,6811.0,0.6491754833866452
17460.0,107,7108.0,54.25954198473283,1.3816798310409881,107,107,7100.0,0.04493781627347637,0.8153221571039075,1.3816798310409881,107,7100.0,0.8153221571039075
17465.0,110,7621.0,56.87313432835821,1.3465635336762976,110,110,7621.0,0.0399289618727123,0.7296420825374689,1.3465635336762976,110,7621.0,0.7296420825374689
17470.0,112,8045.0,60.48872180451128,1.3079344578927277,112,112,8045.0,0.030814698772360243,0.6056761280277095,1.3079344578927277,112,8045.0,0.6056761280277095
17475.0,111,8378.0,63.46969696969697,1.1894717793998952,111,111,8335.0,0.03576011906149114,0.6525927342892031,1.1894717793998952,111,8335.0,0.6525927342892031
17480.0,107,8695.0,66.37404580152672,1.4478193519586935,107,107,8695.0,0.05193491472301717,0.9203048703403309,1.4478193519586935,107,8695.0,0.9203048703403309
17485.0,103,8990.0,68.62595419847328,1.6655949646853088,103,103,8990.0,0.059729069209164945,1.0461437958084463,1.6655949646853088,103,8990.0,1.0461437958084463
17490.0,99,9250.0,70.61068702290076,1.7125728802461793,99,99,9250.0,0.05947770444557926,1.0813540604944267,1.7125728802461793,99,9250.0,1.0813540604944267
17495.0,100,9525.0,73.26923076923077,1.781156874385762,100,100,9514.0,0.06619545643477316,1.1555179685377828,1.781156874385762,100,9514.0,1.1555179685377828
17500.0,101,9802.0,74.25757575757575,1.8020626217422906,101,101,9802.0,0.06303709862960626,1.0619368729739,1.8020626217422906,101,9802.0,1.0619368729739
17505.0,102,10085.0,76.40151515151516,1.8429320000440697,102,102,10085.0,0.05101746421948652,0.9297314792457586,1.8429320000440697,102,10085.0,0.9297314792457586
17510.0,101,10358.0,77.29850746268657,1.939940999312016,101,101,10358.0,0.04711600210396348,0.9227160554793344,1.939940999312016,101,10358.0,0.9227160554793344
17515.0,103,10644.0,80.03007518796993,1.8514197965873251,103,103,10637.0,0.04602612534330376,0.8945875360143204,1.8514197965873251,103,10637.0,0.8945875360143204
17520.0,103,10955.0,83.62595419847328,1.7166695554106322,103,103,10955.0,0.04668612994226143,0.8980716234494819,1.7166695554106322,103,10955.0,0.8980716234494819
17525.0,105,11436.0,85.98496240601504,1.6082531291209572,105,105,11436.0,0.04169736193736196,0.8056339601892692,1.6082531291209572,105,11436.0,0.8056339601892692
17530.0,110,11976.0,91.41984732824427,1.5145418004566467,110,110,11968.0,0.04621367608750724,0.8440241719714674,1.5145418004566467,110,11968.0,0.8440241719714674
17535.0,115,12541.0,95.00757575757575,1.1879018173617732,115,115,12541.0,0.034020078230542164,0.588673154718742,1.1879018173617732,115,12541.0,0.588673154718742
17540.0,115,13116.0,100.12213740458016,1.2166279687847854,115,115,13116.0,0.028629815930905172,0.5443195613931161,1.2166279687847854,115,13116.0,0.5443195613931161
17545.0,117,13696.0,105.35384615384615,1.1818295825675997,117,117,13696.0,0.02906536146235128,0.5818505362190723,1.1818295825675997,117,13696.0,0.5818505362190723
17550.0,117,14278.0,111.546875,0.9487773763907,117,117,14278.0,0.02791698753674894,0.5616321097185993,0.9487773763907,117,14278.0,0.5616321097185993
17555.0,117,14860.0,116.09375,0.9604759784751665,117,117,14860.0,0.029517975666374537,0.5661606329817658,0.9604759784751665,117,14860.0,0.5661606329817658
17560.0,118,15447.0,119.74418604651163,0.84695089548131,118,118,15445.0,0.032765348243516006,0.5397111421680918,0.84695089548131,118,15445.0,0.5397111421680918
17565.0,119,16038.0,125.296875,0.7157295757915012,119,119,16038.0,0.028876036279993782,0.4948382587737873,0.7157295757915012,119,16038.0,0.4948382587737873
17570.0,119,16633.0,127.94615384615385,0.7177788071691935,119,119,16633.0,0.02194554926405014,0.3764317814837994,0.7177788071691935,119,16633.0,0.3764317814837994
17575.0,116,16967.0,130.51538461538462,0.8646377344780527,116,116,16967.0,0.0269351914368183,0.47788687649576783,0.8646377344780527,116,16967.0,0.47788687649576783
17580.0,112,17111.0,131.62307692307692,1.082513007303633,112,112,17028.0,0.03593758294813946,0.61748654780266,1.082513007303633,112,17028.0,0.61748654780266
17585.0,107,17231.0,130.53787878787878,1.2767328711799955,107,107,17231.0,0.04680760252266776,0.8013063494193381,1.2767328711799955,107,17231.0,0.8013063494193381
17590.0,104,16570.0,127.46153846153847,1.298110779194984,104,104,16570.0,0.0487828123090531,0.8764036462481083,1.298110779194984,104,16570.0,0.8764036462481083
17595.0,100,15376.0,116.48484848484848,1.4018366192394438,100,100,15123.0,0.04495634520397277,0.8572801798931372,1.4018366192394438,100,15123.0,0.8572801798931372
17600.0,97,14164.0,107.3030303030303,1.638859223974527,97,97,14164.0,0.055104375897873474,1.054675984019311,1.638859223974527,97,14164.0,1.054675984019311
17605.0,96,12909.0,96.33582089552239,1.6815521699010656,96,96,12909.0,0.053141865478281605,1.0226697193775895,1.6815521699010656,96,12909.0,1.0226697193775895
17610.0,95,11676.0,87.13432835820896,1.7256930025966615,95,95,11661.0,0.051945072791647146,1.0146389857476474,1.7256930025966615,95,11661.0,1.0146389857476474
17615.0,95,10446.0,78.54135338345864,1.8052825938197627,95,95,10446.0,0.0563524951848697,1.0849997669393565,1.8052825938197627,95,10446.0,1.0849997669393565
17620.0,96,9219.0,69.3157894736842,1.5156845602223428,96,96,9219.0,0.04696462270661656,0.8718882229697852,1.5156845602223428,96,9219.0,0.8718882229697852
17625.0,94,8020.0,60.30075187969925,1.6426833932036007,94,94,8020.0,0.04900435544036536,0.9375314503838706,1.6426833932036007,94,8020.0,0.9375314503838706
17630.0,91,6970.0,51.629629629629626,1.8196765503797707,91,91,6937.0,0.05265754512312174,1.0184230398153027,1.8196765503797707,91,6937.0,1.0184230398153027
17635.0,92,5975.0,44.58955223880597,1.9585823856363567,92,92,5975.0,0.06131314271234165,1.1336899993441787,1.9585823856363567,92,5975.0,1.1336899993441787
17640.0,91,4979.0,37.43609022556391,2.056366238850232,91,91,4979.0,0.061684807889805134,1.1239189891190569,2.056366238850232,91,4979.0,1.1239189891190569
17645.0,88,3858.0,29.007518796992482,1.9824898419873616,88,88,3858.0,0.06155521694487028,1.1497620840578573,1.9824898419873616,88,3858.0,1.1497620840578573
17650.0,89,2849.0,21.583333333333332,2.0592155675909827,89,89,2767.0,0.06572470478450153,1.2442340869058417,2.0592155675909827,89,2767.0,1.2442340869058417
17655.0,91,2120.0,15.93984962406015,2.038091469521433,91,91,2120.0,0.0649785766572554,1.2269914297186717,2.038091469521433,91,2120.0,1.2269914297186717
17660.0,93,2357.0,17.721804511278197,2.0697953467053853,93,93,2357.0,0.0571600377883394,1.1394828098833967,2.0697953467053853,93,2357.0,1.1394828098833967
17665.0,100,2662.0,19.573529411764707,2.093634260600766,100,100,2637.0,0.05665873446385517,1.0998518937729138,2.093634260600766,100,2637.0,1.0998518937729138
17670.0,102,2988.0,21.81021897810219,2.1528918821200156,102,102,2988.0,0.061622290717941806,1.1569681447298423,2.1528918821200156,102,2988.0,1.1569681447298423
17675.0,102,3330.0,24.850746268656717,2.1073166508083423,102,102,3330.0,0.05710884016562128,1.1494689220205874,2.1073166508083423,102,3330.0,1.1494689220205874
17680.0,105,3820.0,28.507462686567163,1.8033818741614287,105,105,3820.0,0.04293879182803277,0.8500682442976186,1.8033818741614287,105,3820.0,0.8500682442976186
17685.0,111,4364.0,32.81203007518797,1.6375910361293482,111,111,4364.0,0.03498888961426013,0.7077948454797605,1.6375910361293482,111,4364.0,0.7077948454797605
17690.0,116,4934.0,37.097744360902254,1.213443120906727,116,116,4934.0,0.017002849346571574,0.3509291056194759,1.213443120906727,116,4934.0,0.3509291056194759
17695.0,117,5519.0,42.12977099236641,1.1461949775091504,117,117,5519.0,0.020433859141603755,0.4107183179071864,1.1461949775091504,117,5519.0,0.4107183179071864
17700.0,118,6108.0,47.71875,0.8539386738167507,118,118,6108.0,0.01816553795938589,0.35027293297528844,0.8539386738167507,118,6108.0,0.35027293297528844
17705.0,119,6702.0,51.16030534351145,0.935652642228698,119,119,6702.0,0.02375921521136135,0.4480000000000002,0.935652642228698,119,6702.0,0.4480000000000002
17710.0,117,6976.0,53.66153846153846,0.9322796296318585,117,117,6976.0,0.025019105539813354,0.4988179005007076,0.9322796296318585,117,6976.0,0.4988179005007076
17715.0,113,7016.0,53.96923076923077,0.919279575747112,113,113,6912.0,0.034434552827283915,0.6407586917414438,0.919279575747112,113,6912.0,0.6407586917414438
17720.0,109,7037.0,54.9765625,1.0446932149658457,109,109,7037.0,0.05033344756008034,0.9135501176310228,1.0446932149658457,109,7037.0,0.9135501176310228
17725.0,109,7043.0,54.176923076923075,1.0817020237263364,109,109,7043.0,0.04450581189117411,0.8413732848436816,1.0817020237263364,109,7043.0,0.8413732848436816
17730.0,108,7053.0,54.253846153846155,1.260361802909296,108,108,7053.0,0.04714458033785911,0.9080625627166894,1.260361802909296,108,7053.0,0.9080625627166894
17735.0,109,7066.0,54.775193798449614,1.193949063065268,109,109,7066.0,0.03955878483742034,0.7949386908268529,1.193949063065268,109,7066.0,0.7949386908268529
17740.0,107,6936.0,52.94656488549618,1.1423587195455247,107,107,6936.0,0.03458718028761838,0.6755241769092973,1.1423587195455247,107,6936.0,0.6755241769092973
17745.0,105,6886.0,52.56488549618321,1.300757335661861,105,105,6832.0,0.04196145820097175,0.8198931701199214,1.300757335661861,105,6832.0,0.8198931701199214
17750.0,105,6881.0,51.73684210526316,1.4689705518244014,105,105,6881.0,0.04712655489401545,0.8955570041264937,1.4689705518244014,105,6881.0,0.8955570041264937
17755.0,106,6878.0,51.714285714285715,1.5160853090742052,106,106,6878.0,0.044007396691973386,0.8121990278139866,1.5160853090742052,106,6878.0,0.8121990278139866
17760.0,106,6878.0,51.714285714285715,1.6564486200803195,106,106,6878.0,0.04308732592267133,0.776700738845311,1.6564486200803195,106,6878.0,0.776700738845311
17765.0,108,6882.0,51.35820895522388,1.5054108086305482,108,108,6882.0,0.03199931518479943,0.6223108494046844,1.5054108086305482,108,6882.0,0.6223108494046844
17770.0,108,6892.0,51.81954887218045,1.5749748313543976,108,108,6892.0,0.03934367843121493,0.7523786000821894,1.5749748313543976,108,6892.0,0.7523786000821894
17775.0,110,7013.0,52.33582089552239,1.393381625725581,110,110,7013.0,0.034352402993971534,0.6517439792985172,1.393381625725581,110,7013.0,0.6517439792985172
17780.0,115,7558.0,55.98518518518519,1.3129717212503358,115,115,7558.0,0.033825166083138604,0.6399470694099074,1.3129717212503358,115,7558.0,0.6399470694099074
17785.0,120,8142.0,59.0,1.3418322291305078,120,120,8129.0,0.038433623868410566,0.7015297377129326,1.3418322291305078,120,8129.0,0.7015297377129326
17790.0,121,8742.0,63.81021897810219,1.1315835920229225,121,121,8742.0,0.03616072538527806,0.6613536815030197,1.1315835920229225,121,8742.0,0.6613536815030197
17795.0,121,8899.0,64.95620437956204,1.113942931949144,121,121,8899.0,0.030950795461921456,0.5851009732213588,1.113942931949144,121,8899.0,0.5851009732213588
17800.0,118,8743.0,63.81751824817518,0.9830131707602041,118,118,8595.0,0.026948750977729686,0.4917202073106387,0.9830131707602041,118,8595.0,0.4917202073106387
17805.0,114,8573.0,63.50370370370371,1.1936596341667098,114,114,8573.0,0.04448015904172644,0.783597874492525,1.1936596341667098,114,8573.0,0.783597874492525
17810.0,111,8372.0,61.55882352941177,1.1019258339086362,111,111,8372.0,0.03711873047712136,0.6837101554620141,1.1019258339086362,111,8372.0,0.6837101554620141
17815.0,112,8181.0,60.154411764705884,1.2691972703380336,112,112,8174.0,0.03805987485215255,0.7334154457691467,1.2691972703380336,112,8174.0,0.7334154457691467
17820.0,112,7991.0,58.75735294117647,1.3319060374125409,112,112,7991.0,0.04246980687616525,0.7712704917308508,1.3319060374125409,112,7991.0,0.7712704917308508
17825.0,110,7499.0,53.94964028776978,1.3601358327849156,110,110,7499.0,0.035732826610629105,0.6881252052676533,1.3601358327849156,110,7499.0,0.6881252052676533
17830.0,105,6784.0,48.805755395683455,1.7003013375955673,105,105,6686.0,0.04845297284751986,0.9152945144307914,1.7003013375955673,105,6686.0,0.9152945144307914
17835.0,101,6047.0,43.19285714285714,1.8399755996079377,101,101,6047.0,0.056364941633474074,1.0517022721487777,1.8399755996079377,101,6047.0,1.0517022721487777
17840.0,97,5202.0,37.42446043165467,1.913962917102353,97,97,5202.0,0.05916311955562278,1.1504792265328876,1.913962917102353,97,5202.0,1.1504792265328876
17845.0,94,4410.0,31.5,2.0287517521353005,94,94,4382.0,0.06189898072050248,1.1545586689050338,2.0287517521353005,94,4382.0,1.1545586689050338
17850.0,89,3858.0,27.557142857142857,2.384418816425245,89,89,3858.0,0.08130892952834366,1.4475276978564349,2.384418816425245,89,3858.0,1.4475276978564349
17855.0,85,3540.0,25.467625899280577,2.6144973264125446,85,85,3540.0,0.08617408075835832,1.573789921003768,2.6144973264125446,85,3540.0,1.573789921003768
17860.0,86,3281.0,23.60431654676259,2.384748625703827,86,86,3281.0,0.07027417567007307,1.3379524496686406,2.384748625703827,86,3281.0,1.3379524496686406
17865.0,92,3081.0,22.822222222222223,2.1810228553701516,92,92,3061.0,0.070044666626156,1.2928888359441049,2.1810228553701516,92,3061.0,1.2928888359441049
17870.0,92,2891.0,21.25735294117647,2.124578326636906,92,92,2891.0,0.06882837253085565,1.2119515280454203,2.124578326636906,92,2891.0,1.2119515280454203
17875.0,90,2655.0,19.522058823529413,2.2227634529444305,90,90,2655.0,0.06519507299898433,1.2047766715391475,2.2227634529444305,90,2655.0,1.2047766715391475
17880.0,85,2365.0,17.51851851851852,2.4990194709897287,85,85,2352.0,0.07666845683471174,1.3999578588262973,2.4990194709897287,85,2352.0,1.3999578588262973
17885.0,83,2056.0,15.117647058823529,2.5546458394845,83,83,2056.0,0.08276062107300984,1.4986705049137612,2.5546458394845,83,2056.0,1.4986705049137612
17890.0,79,1732.0,12.829629629629629,2.662059524994817,79,79,1732.0,0.08333199919176322,1.586878682710642,2.662059524994817,79,1732.0,1.586878682710642
17895.0,85,1920.0,14.014598540145986,2.4980765437078607,85,85,1835.0,0.07814370267470858,1.4394448033176859,2.4980765437078607,85,1835.0,1.4394448033176859
17900.0,93,2246.0,16.394160583941606,2.372954284025756,93,93,2246.0,0.07621412152732679,1.387702935795717,2.372954284025756,93,2246.0,1.387702935795717
17905.0,99,2621.0,18.992753623188406,2.109818890390133,99,99,2621.0,0.05756542541588085,1.1230708374215428,2.109818890390133,99,2621.0,1.1230708374215428
17910.0,104,3051.0,22.433823529411764,1.7498265800683275,104,104,3035.0,0.04902478885707789,0.9124524459046329,1.7498265800683275,104,3035.0,0.9124524459046329
17915.0,106,3506.0,25.779411764705884,1.8408360138465967,106,106,3506.0,0.0549547200883745,0.9925355251729119,1.8408360138465967,106,3506.0,0.9925355251729119
17920.0,106,3961.0,29.559701492537314,1.5302456456419562,106,106,3961.0,0.039777466819544804,0.7636381403071035,1.5302456456419562,106,3961.0,0.7636381403071035
17925.0,107,4421.0,33.2406015037594,1.469515026821683,107,107,4421.0,0.03901502733566277,0.7321695786452211,1.469515026821683,107,4421.0,0.7321695786452211
17930.0,110,4941.0,36.6,1.4267777072880667,110,110,4941.0,0.030923934795336186,0.6105281478526332,1.4267777072880667,110,4941.0,0.6105281478526332
17935.0,115,5506.0,41.08955223880597,1.26708820623752,115,115,5506.0,0.02498902856543901,0.49047290724961434,1.26708820623752,115,5506.0,0.49047290724961434
17940.0,118,6093.0,45.47014925373134,1.2548265748575522,118,118,6093.0,0.026371869558060698,0.49277542365892474,1.2548265748575522,118,6093.0,0.49277542365892474
17945.0,119,6683.0,49.87313432835821,1.0173042348737942,119,119,6683.0,0.022021604572625968,0.4037332024083521,1.0173042348737942,119,6683.0,0.4037332024083521
17950.0,119,7277.0,55.128787878787875,0.9984042599808353,119,119,7277.0,0.023062358602773992,0.4272794379116429,0.9984042599808353,119,7277.0,0.4272794379116429
17955.0,119,7872.0,59.18796992481203,1.0004328318418687,119,119,7872.0,0.025193557807056118,0.46934459473786033,1.0004328318418687,119,7872.0,0.46934459473786033
17960.0,121,8473.0,63.70676691729323,0.9955448088700041,121,121,8473.0,0.025385422439816258,0.4642165271060513,0.9955448088700041,121,8473.0,0.4642165271060513
17965.0,121,9069.0,68.18796992481202,0.950318042327536,121,121,9069.0,0.02675417325549721,0.4785417520143428,0.950318042327536,121,9069.0,0.4785417520143428
17970.0,121,9670.0,73.81679389312977,0.758062232668877,121,121,9666.0,0.030200328866780785,0.5145849454482898,0.758062232668877,121,9666.0,0.5145849454482898
17975.0,121,10275.0,78.43511450381679,0.8739400952642966,121,121,10275.0,0.03677721549925038,0.6331786954482898,0.8739400952642966,121,10275.0,0.6331786954482898
17980.0,118,10604.0,80.33333333333333,0.8696022306039111,118,118,10604.0,0.029908682416874287,0.5602728967479257,0.8696022306039111,118,10604.0,0.5602728967479257
17985.0,115,10737.0,81.3409090909091,0.935377078503627,115,115,10649.0,0.032096011988788795,0.5931843654491786,0.935377078503627,115,10649.0,0.5931843654491786
17990.0,112,10853.0,81.6015037593985,1.0392264983719892,112,112,10853.0,0.04099283113622181,0.7103775318040166,1.0392264983719892,112,10853.0,0.7103775318040166
17995.0,109,10941.0,82.88636363636364,1.0647735294292981,109,109,10941.0,0.04129887216096285,0.7280340735586056,1.0647735294292981,109,10941.0,0.7280340735586056
18000.0,109,11036.0,83.60606060606061,1.2729329615020866,109,109,11031.0,0.044883378323861856,0.793655822629712,1.2729329615020866,109,11031.0,0.793655822629712
18005.0,110,11133.0,82.46666666666667,1.2588595255241857,110,110,11133.0,0.043651623536583195,0.757408734324909,1.2588595255241857,110,11133.0,0.757408734324909
18010.0,110,11233.0,83.2074074074074,1.376536856404765,110,110,11233.0,0.04106851028392178,0.7666206010184563,1.376536856404765,110,11233.0,0.7666206010184563
18015.0,110,11299.0,82.47445255474453,1.4046919770212993,110,110,11299.0,0.0364108016707949,0.6949420887231197,1.4046919770212993,110,11299.0,0.6949420887231197
18020.0,111,11403.0,83.23357664233576,1.516539164497005,111,111,11373.0,0.04374899920349612,0.80959113909248,1.516539164497005,111,11373.0,0.80959113909248
18025.0,113,11508.0,84.0,1.3407625613063199,113,113,11508.0,0.04253455820551298,0.7836866822040627,1.3407625613063199,113,11508.0,0.7836866822040627
18030.0,111,11630.0,84.8905109489051,1.3940593000256947,111,111,11630.0,0.039363861241984634,0.7676252265449365,1.3940593000256947,111,11630.0,0.7676252265449365
18035.0,111,11985.0,88.125,1.4512376657162072,111,111,11976.0,0.0495882512943954,0.9206487538878032,1.4512376657162072,111,11976.0,0.9206487538878032
18040.0,116,12542.0,91.54744525547446,1.109964350117332,116,116,12542.0,0.036839852507701096,0.6401925961109677,1.109964350117332,116,12542.0,0.6401925961109677
18045.0,118,12981.0,96.15555555555555,0.9732584824194023,118,118,12981.0,0.02601522470903789,0.48104222025897964,0.9732584824194023,118,12981.0,0.48104222025897964
18050.0,115,13315.0,97.90441176470588,1.1167859703596272,115,115,13267.0,0.03281506119486412,0.6041174309869332,1.1167859703596272,115,13267.0,0.6041174309869332
18055.0,112,13631.0,100.2279411764706,1.3371686735833646,112,112,13631.0,0.041668249254239294,0.7609564305931922,1.3371686735833646,112,13631.0,0.7609564305931922
18060.0,107,13926.0,104.70676691729324,1.4162879150672125,107,107,13926.0,0.04924097375054463,0.8777185686462207,1.4162879150672125,107,13926.0,0.8777185686462207
18065.0,105,14191.0,104.34558823529412,1.5034304804388459,105,105,14191.0,0.048987969224136285,0.908008778942048,1.5034304804388459,105,14191.0,0.908008778942048
18070.0,105,14466.0,106.36764705882354,1.7068995090715082,105,105,14458.0,0.058122572693344136,1.0604537760806685,1.7068995090715082,105,14458.0,1.0604537760806685
18075.0,106,14742.0,107.60583941605839,1.6989376243009693,106,106,14742.0,0.055038872792049935,0.9852350064806327,1.6989376243009693,106,14742.0,0.9852350064806327
18080.0,103,14296.0,104.35036496350365,1.892397173751746,103,103,14296.0,0.05674933409129162,1.0297529334679658,1.892397173751746,103,14296.0,1.0297529334679658
18085.0,100,13346.0,96.01438848920863,2.1150075609809003,100,100,13108.0,0.06444193897026815,1.1729704280194893,2.1150075609809003,100,13108.0,1.1729704280194893
18090.0,95,12377.0,89.68840579710145,2.3453131563255374,95,95,12377.0,0.07547459438245271,1.3770465253853237,2.3453131563255374,95,12377.0,1.3770465253853237
18095.0,90,11297.0,83.06617647058823,2.2860495499402607,90,90,11297.0,0.07224283760967651,1.3335824701309678,2.2860495499402607,90,11297.0,1.3335824701309678
18100.0,87,10183.0,73.78985507246377,2.283103796950828,87,87,10155.0,0.06903706131582549,1.2230585746764464,2.283103796950828,87,10155.0,1.2230585746764464
18105.0,86,9246.0,67.98529411764706,2.5041850045702887,86,86,9246.0,0.08573980262001997,1.514564492638752,2.5041850045702887,86,9246.0,1.514564492638752
18110.0,87,8300.0,61.940298507462686,2.2799070998072746,87,87,8300.0,0.07337270900878115,1.3506080599221297,2.2799070998072746,87,8300.0,1.3506080599221297
18115.0,92,7400.0,55.223880597014926,2.0586530933811527,92,92,7383.0,0.05580363314722463,1.050518346485483,2.0586530933811527,92,7383.0,1.050518346485483
18120.0,92,6510.0,48.582089552238806,2.196053333040534,92,92,6510.0,0.06732026349214068,1.195537482179473,2.196053333040534,92,6510.0,1.195537482179473
18125.0,89,5524.0,41.223880597014926,2.0542069938779357,89,89,5524.0,0.06019691350309695,1.1051289979238477,2.0542069938779357,89,5524.0,1.1051289979238477
18130.0,85,4459.0,33.78030303030303,2.206517682404061,85,85,4431.0,0.06655842605548405,1.2741754982478628,2.206517682404061,85,4431.0,1.2741754982478628
18135.0,81,3370.0,25.338345864661655,2.3977786439068636,81,81,3370.0,0.07934320232081833,1.468866530460341,2.3977786439068636,81,3370.0,1.468866530460341
18140.0,78,2128.0,16.12121212121212,2.461678542336712,78,78,2128.0,0.07938081891201448,1.4918801721025208,2.461678542336712,78,2128.0,1.4918801721025208
18145.0,81,1282.0,9.712121212121213,2.55318103523501,81,81,1186.0,0.08663153483647466,1.6280034589437051,2.55318103523501,81,1186.0,1.6280034589437051
18150.0,87,1518.0,11.587786259541986,2.2472024285548793,87,87,1518.0,0.07559434476996703,1.4055915210424028,2.2472024285548793,87,1518.0,1.4055915210424028
18155.0,96,1811.0,13.61654135338346,2.079439847572517,96,96,1811.0,0.05718835061820863,1.0884667502080885,2.079439847572517,96,1811.0,1.0884667502080885
18160.0,101,2155.0,16.082089552238806,1.7887355331336192,101,101,2139.0,0.04988481604950258,0.8869353090665459,1.7887355331336192,101,2139.0,0.8869353090665459
18165.0,104,2518.0,18.93233082706767,1.6404810238379695,104,104,2518.0,0.04661494774727211,0.8191504365575275,1.6404810238379695,104,2518.0,0.8191504365575275
18170.0,102,2707.0,20.20149253731343,1.5790167671343314,102,102,2707.0,0.04130127456947991,0.7327116526343872,1.5790167671343314,102,2707.0,0.7327116526343872
18175.0,99,2757.0,20.729323308270676,1.7169834463015812,99,99,2699.0,0.04656898766121813,0.8268247627812066,1.7169834463015812,99,2699.0,0.8268247627812066
18180.0,94,2787.0,21.113636363636363,2.0197820070139754,94,94,2787.0,0.06465198483753999,1.1515120557793221,2.0197820070139754,94,2787.0,1.1515120557793221
18185.0,91,2786.0,21.106060606060606,1.809751156006044,91,91,2786.0,0.05695329483057947,1.0340934402762565,1.809751156006044,91,2786.0,1.0340934402762565
18190.0,93,2850.0,21.923076923076923,1.9006497460176217,93,93,2841.0,0.06288559830678003,1.10902195467062,1.9006497460176217,93,2841.0,1.10902195467062
18195.0,98,3030.0,23.129770992366414,1.774938290205365,98,98,3030.0,0.056060102505379475,0.9926499958827255,1.774938290205365,98,3030.0,0.9926499958827255
18200.0,103,3193.0,24.189393939393938,1.5887454008349577,103,103,3193.0,0.04347548924355557,0.837215134737283,1.5887454008349577,103,3193.0,0.837215134737283
18205.0,105,3408.0,25.432835820895523,1.6843031495200627,105,105,3371.0,0.05000292349036276,0.9525256496229644,1.6843031495200627,105,3371.0,0.9525256496229644
18210.0,108,3636.0,26.933333333333334,1.489765035483089,108,108,3636.0,0.046379506390800164,0.8550058652524087,1.489765035483089,108,3636.0,0.8550058652524087
18215.0,108,3875.0,28.917910447761194,1.5779707330135078,108,108,3875.0,0.045155540117780404,0.8744282667488427,1.5779707330135078,108,3875.0,0.8744282667488427
18220.0,108,4134.0,30.850746268656717,1.2776811430589028,108,108,4133.0,0.042741081335681635,0.7325116222559139,1.2776811430589028,108,4133.0,0.7325116222559139
18225.0,111,4611.0,34.41044776119403,1.278426238935318,111,111,4611.0,0.03947831533744655,0.7333990993882397,1.278426238935318,111,4611.0,0.7333990993882397
18230.0,115,5171.0,38.02205882352941,1.2151064989495235,115,115,5171.0,0.025318802106921133,0.5241528174064392,1.2151064989495235,115,5171.0,0.5241528174064392
18235.0,120,5764.0,43.014925373134325,1.010521924365414,120,120,5759.0,0.023136279154431814,0.4498692704691588,1.010521924365414,120,5759.0,0.4498692704691588
18240.0,121,6368.0,48.24242424242424,0.8455396877817829,121,121,6368.0,0.021833496804476077,0.41169973257986836,0.8455396877817829,121,6368.0,0.41169973257986836
18245.0,120,6959.0,51.93283582089552,0.7948606908397406,120,120,6959.0,0.018313516390787633,0.3578658959832427,0.7948606908397406,120,6959.0,0.3578658959832427
18250.0,121,7564.0,56.87218045112782,0.9161481574407004,121,121,7555.0,0.02958228433633313,0.5425466311708711,0.9161481574407004,121,7555.0,0.5425466311708711
18255.0,121,8169.0,60.96268656716418,0.8913230023326001,121,121,8169.0,0.03444504666583287,0.6039168786923429,0.8913230023326001,121,8169.0,0.6039168786923429
18260.0,119,8546.0,63.776119402985074,0.9620375142506299,119,119,8546.0,0.029126522286352655,0.5507397183464918,0.9620375142506299,119,8546.0,0.5507397183464918
18265.0,116,8751.0,64.82222222222222,1.1493085662002476,116,116,8678.0,0.03790717080824353,0.6939427994800389,1.1493085662002476,116,8678.0,0.6939427994800389
18270.0,111,8937.0,66.2,1.4310321436732596,111,111,8937.0,0.04952191419177941,0.883779679670955,1.4310321436732596,111,8937.0,0.883779679670955
18275.0,109,9108.0,67.46666666666667,1.5212242106632714,109,109,9108.0,0.050147856841052246,0.9033380943599442,1.5212242106632714,109,9108.0,0.9033380943599442
18280.0,111,9281.0,68.74814814814815,1.284499153100228,111,111,9281.0,0.03604668655420557,0.634065393693784,1.284499153100228,111,9281.0,0.634065393693784
18285.0,111,9461.0,70.6044776119403,1.3059257045546475,111,111,9461.0,0.03913605310595219,0.7182962224775702,1.3059257045546475,111,9461.0,0.7182962224775702
18290.0,109,9605.0,70.625,1.2869234233164109,109,109,9605.0,0.032738217221414574,0.6421960845255401,1.2869234233164109,109,9605.0,0.6421960845255401
18295.0,110,9780.0,71.91176470588235,1.400697835450617,110,110,9761.0,0.03930641045039638,0.7312080444712017,1.400697835450617,110,9761.0,0.7312080444712017
18300.0,110,9955.0,73.19852941176471,1.5095775066273822,110,110,9955.0,0.038081391304586404,0.68468,1.5095775066273822,110,9955.0,0.68468
18305.0,109,10037.0,73.80147058823529,1.2156548474681106,109,109,10037.0,0.034990213037205564,0.6358439923685768,1.2156548474681106,109,10037.0,0.6358439923685768
18310.0,103,10039.0,73.81617647058823,1.594812806305699,103,103,10011.0,0.047974271121283225,0.9011195119842893,1.594812806305699,103,10011.0,0.9011195119842893
18315.0,98,10168.0,73.68115942028986,1.9202456572642976,98,98,10168.0,0.06314015313328372,1.1494338710745884,1.9202456572642976,98,10168.0,1.1494338710745884
18320.0,98,10495.0,76.60583941605839,2.1293404068975055,98,98,10495.0,0.0721848134487188,1.2784593452368052,2.1293404068975055,98,10495.0,1.2784593452368052
18325.0,102,10831.0,79.63970588235294,1.879524849111334,102,102,10831.0,0.058821496165659994,1.0777740267231453,1.879524849111334,102,10831.0,1.0777740267231453
18330.0,103,11192.0,82.9037037037037,1.8349637665145064,103,103,11187.0,0.05925442510576675,1.059841319614854,1.8349637665145064,103,11187.0,1.059841319614854
18335.0,103,11557.0,86.24626865671642,1.9141139225405401,103,103,11557.0,0.06337243719020536,1.1436597224060057,1.9141139225405401,103,11557.0,1.1436597224060057
18340.0,104,11923.0,87.66911764705883,1.8541003084597432,104,104,11923.0,0.0493007457116774,0.9012248257421553,1.8541003084597432,104,11923.0,0.9012248257421553
18345.0,105,12297.0,91.08888888888889,1.858782142287985,105,105,12297.0,0.05183420300193543,0.9406232131590762,1.858782142287985,105,12297.0,0.9406232131590762
18350.0,105,12672.0,93.17647058823529,1.6439830918557323,105,105,12672.0,0.03973915339235207,0.7534259782583758,1.6439830918557323,105,12672.0,0.7534259782583758
18355.0,107,13057.0,96.71851851851852,1.6445873529294237,107,107,13057.0,0.04143043186883052,0.8063739088127265,1.6445873529294237,107,13057.0,0.8063739088127265
18360.0,105,13446.0,101.86363636363636,1.4789479912956434,105,105,13446.0,0.04592215727804341,0.8544294510242936,1.4789479912956434,105,13446.0,0.8544294510242936
18365.0,110,13986.0,104.3731343283582,1.3421214189593873,110,110,13972.0,0.0447122908815357,0.7829956265456848,1.3421214189593873,110,13972.0,0.7829956265456848
18370.0,115,14551.0,108.58955223880596,1.3023898338614683,115,115,14551.0,0.04080140884461839,0.7124356265456945,1.3023898338614683,115,14551.0,0.7124356265456945
18375.0,115,14982.0,110.16176470588235,1.2631725628669093,115,115,14982.0,0.02685427226396016,0.5345824161223794,1.2631725628669093,115,14982.0,0.5345824161223794
18380.0,112,15298.0,114.16417910447761,1.3429268367714238,112,112,15250.0,0.03652983878312838,0.68371819526541,1.3429268367714238,112,15250.0,0.68371819526541
18385.0,108,15593.0,119.03053435114504,1.3556679426623277,108,108,15593.0,0.04975903309761262,0.9141461395316395,1.3556679426623277,108,15593.0,0.9141461395316395
18390.0,104,15855.0,121.03053435114504,1.3695901656281384,104,104,15855.0,0.04973738712598456,0.9123673204356203,1.3695901656281384,104,15855.0,0.9123673204356203
18395.0,105,16130.0,124.07692307692308,1.4605574535400854,105,105,16121.0,0.050585506232931114,0.936931899068291,1.4605574535400854,105,16121.0,0.936931899068291
18400.0,106,16407.0,124.29545454545455,1.3920881584520968,106,106,16407.0,0.04961336194559022,0.8470699973040532,1.3920881584520968,106,16407.0,0.8470699973040532
18405.0,106,16684.0,126.39393939393939,1.4194035209983167,106,106,16684.0,0.04299594333256464,0.7508202454785109,1.4194035209983167,106,16684.0,0.7508202454785109
18410.0,106,16964.0,126.59701492537313,1.4263048685384394,106,106,16962.0,0.03828569380331937,0.6959662740034469,1.4263048685384394,106,16962.0,0.6959662740034469
18415.0,108,17251.0,128.73880597014926,1.4262119564825884,108,108,17251.0,0.035974345382339554,0.6528499738331677,1.4262119564825884,108,17251.0,0.6528499738331677
18420.0,107,17532.0,130.83582089552237,1.5418594232567193,107,107,17532.0,0.039763320243451555,0.7056022023690661,1.5418594232567193,107,17532.0,0.7056022023690661
18425.0,108,17839.0,133.12686567164178,1.3990726926992392,108,108,17835.0,0.04349818862825255,0.7586154468565051,1.3990726926992392,108,17835.0,0.7586154468565051
18430.0,110,18341.0,136.87313432835822,1.4531102807165928,110,110,18341.0,0.04722921438455387,0.8170587507281981,1.4531102807165928,110,18341.0,0.8170587507281981
18435.0,112,18015.0,134.4402985074627,1.2759476573887254,112,112,18015.0,0.03352108418853132,0.6330051370899051,1.2759476573887254,112,18015.0,0.6330051370899051
18440.0,112,17102.0,129.56060606060606,1.222967222469503,112,112,16809.0,0.03787815361008601,0.6866814997360282,1.222967222469503,112,16809.0,0.6866814997360282
18445.0,109,16172.0,120.68656716417911,1.4943632332451058,109,109,16172.0,0.05225223067410473,0.9061252227755187,1.4943632332451058,109,16172.0,0.9061252227755187
18450.0,103,15041.0,113.09022556390977,1.4999496051975558,103,103,15041.0,0.04445498612510109,0.8373710141960511,1.4999496051975558,103,15041.0,0.8373710141960511
18455.0,99,13771.0,105.93076923076923,1.6309842345017842,99,99,13713.0,0.05638127224602427,1.0457214261765213,1.6309842345017842,99,13713.0,1.0457214261765213
18460.0,95,12478.0,95.25190839694656,1.6752145173870856,95,95,12478.0,0.05891203691875098,1.0767237749344534,1.6752145173870856,95,12478.0,1.0767237749344534
18465.0,92,11123.0,84.90839694656489,1.8197568078386648,92,92,11123.0,0.06189657947417734,1.1333726441631167,1.8197568078386648,92,11123.0,1.1333726441631167
18470.0,92,9808.0,73.74436090225564,1.9225104678708553,92,92,9784.0,0.05851208679592477,1.073854670363931,1.9225104678708553,92,9784.0,1.073854670363931
18475.0,93,8496.0,63.8796992481203,2.0243163995242472,93,93,8496.0,0.06460660863557685,1.126245843011591,2.0243163995242472,93,8496.0,1.126245843011591
18480.0,90,7090.0,53.71212121212121,2.0881476457471675,90,90,7090.0,0.06135930576289229,1.1316985818194731,2.0881476457471675,90,7090.0,1.1316985818194731
18485.0,87,5602.0,41.49629629629629,2.173938510248467,87,87,5574.0,0.06054356366339948,1.124275143949383,2.173938510248467,87,5574.0,1.124275143949383
18490.0,82,4097.0,30.804511278195488,2.4492798240443947,82,82,4097.0,0.08351312540977077,1.5022435773726808,2.4492798240443947,82,4097.0,1.5022435773726808
18495.0,77,2479.0,18.362962962962964,2.4592832283983888,77,77,2479.0,0.07469716015772809,1.4006477511022917,2.4592832283983888,77,2479.0,1.4006477511022917
18500.0,75,1114.0,8.43939393939394,2.5982660714578896,75,75,1086.0,0.08581283917612782,1.6103254178426865,2.5982660714578896,75,1086.0,1.6103254178426865
18505.0,77,1096.0,8.240601503759398,2.7548678772011024,77,77,1096.0,0.09948535042296157,1.8161335927851814,2.7548678772011024,77,1096.0,1.8161335927851814
18510.0,82,1156.0,8.691729323308271,2.3306361150762314,82,82,1156.0,0.07466551626221458,1.4489657444446167,2.3306361150762314,82,1156.0,1.4489657444446167
18515.0,88,1281.0,9.704545454545455,2.151452062693671,88,88,1260.0,0.06946162638655799,1.2848017557638567,2.151452062693671,88,1260.0,1.2848017557638567
18520.0,91,1428.0,10.577777777777778,2.070466262305974,91,91,1428.0,0.0626827643136753,1.1314699051888828,2.070466262305974,91,1428.0,1.1314699051888828
18525.0,90,1496.0,11.08148148148148,2.0858391865391788,90,90,1496.0,0.05580637746616251,1.084458994490999,2.0858391865391788,90,1496.0,1.084458994490999
18530.0,86,1481.0,11.135338345864662,2.073409066412548,86,86,1453.0,0.0619209430814555,1.1785573272966363,2.073409066412548,86,1453.0,1.1785573272966363
18535.0,82,1448.0,10.887218045112782,2.393260551046508,82,82,1448.0,0.07793458613380255,1.421247863247856,2.393260551046508,82,1448.0,1.421247863247856
18540.0,80,1393.0,10.553030303030303,2.4829899005859417,79,80,1392.0,0.07701933964769998,1.4696123993461674,2.4829899005859417,79,1392.0,1.4696123993461674
18545.0,80,1391.0,10.380597014925373,2.3870993774993425,80,80,1387.0,0.07015648854988042,1.288456997854781,2.3870993774993425,80,1387.0,1.288456997854781
18550.0,88,1624.0,12.119402985074627,2.3744447494310346,88,88,1624.0,0.0681226539227954,1.2750859053365315,2.3744447494310346,88,1624.0,1.2750859053365315
18555.0,95,1892.0,14.119402985074627,2.0086800708292505,95,95,1892.0,0.05788076006567504,1.053849920809316,2.0086800708292505,95,1892.0,1.053849920809316
18560.0,96,2145.0,16.127819548872182,1.856801740697967,96,96,2132.0,0.05527198658627472,0.9915273894314333,1.856801740697967,96,2132.0,0.9915273894314333
18565.0,95,2390.0,17.703703703703702,2.0575998561825317,95,95,2390.0,0.06628281295201109,1.202225644985313,2.0575998561825317,95,2390.0,1.202225644985313
18570.0,90,2623.0,19.574626865671643,2.2434263221622253,90,90,2623.0,0.07157416705838465,1.2874531437866066,2.2434263221622253,90,2623.0,1.2874531437866066
18575.0,86,2643.0,19.872180451127818,2.439240822606132,86,86,2643.0,0.08171188434643123,1.4683497960495409,2.439240822606132,86,2643.0,1.4683497960495409
18580.0,82,2511.0,18.8796992481203,2.504512066027563,82,82,2448.0,0.07889859211079825,1.4501044266679908,2.504512066027563,82,2448.0,1.4501044266679908
18585.0,78,2362.0,18.16923076923077,2.608093778752683,78,78,2362.0,0.09143670748076703,1.67348342970759,2.608093778752683,78,2362.0,1.67348342970759
18590.0,75,2182.0,16.784615384615385,2.520431505101082,75,75,2182.0,0.08845142158125362,1.657556712640045,2.520431505101082,75,2182.0,1.657556712640045
18595.0,81,2174.0,16.595419847328245,2.485924165239614,81,81,2145.0,0.07690653188760543,1.446630329339071,2.485924165239614,81,2145.0,1.446630329339071
18600.0,86,2193.0,16.613636363636363,2.4880411784114673,86,86,2193.0,0.08078098004168496,1.4818118621708614,2.4880411784114673,86,2193.0,1.4818118621708614
18605.0,85,2128.0,15.762962962962963,2.4061431155640682,85,85,2128.0,0.07102587267764528,1.3481018868581298,2.4061431155640682,85,2128.0,1.3481018868581298
18610.0,83,1996.0,14.785185185185185,2.5357204330388505,83,83,1968.0,0.07845155872651297,1.4723715060704439,2.5357204330388505,83,1968.0,1.4723715060704439
18615.0,80,1854.0,13.733333333333333,2.585911423095175,80,80,1854.0,0.08718652955645623,1.6048713353942174,2.585911423095175,80,1854.0,1.6048713353942174
18620.0,77,1733.0,12.932835820895523,2.902278775547833,77,77,1733.0,0.09928164340785356,1.8673548112877605,2.902278775547833,77,1733.0,1.8673548112877605
18625.0,79,1549.0,11.559701492537313,2.790740306727795,79,79,1549.0,0.09938602861050987,1.8622961781905791,2.790740306727795,79,1549.0,1.8622961781905791
18630.0,80,1501.0,11.201492537313433,2.599703128001947,80,80,1468.0,0.08529589719579422,1.6163296055926346,2.599703128001947,80,1468.0,1.6163296055926346
18635.0,81,1577.0,11.76865671641791,2.7286771273251915,81,81,1577.0,0.09186583194795744,1.7474606652398172,2.7286771273251915,81,1577.0,1.7474606652398172
18640.0,84,1598.0,11.664233576642335,2.393189097650005,84,84,1598.0,0.06598080239291444,1.2873687244643661,2.393189097650005,84,1598.0,1.2873687244643661
18645.0,86,1696.0,12.562962962962963,2.4352906016533677,86,86,1668.0,0.07318657918248743,1.391613636537075,2.4352906016533677,86,1668.0,1.391613636537075
18650.0,90,1807.0,13.094202898550725,2.4403878150127083,90,90,1807.0,0.07229321532945558,1.324941666666662,2.4403878150127083,90,1807.0,1.324941666666662
18655.0,88,1836.0,13.6,2.268631340352536,88,88,1836.0,0.06375145444479614,1.2272291557165391,2.268631340352536,88,1836.0,1.2272291557165391
18660.0,83,1786.0,13.328358208955224,2.4084280471166415,83,83,1758.0,0.07234165612779013,1.3944538007102427,2.4084280471166415,83,1758.0,1.3944538007102427
18665.0,79,1738.0,12.874074074074073,2.5530527318399487,79,79,1738.0,0.08395205920894615,1.590031073446322,2.5530527318399487,79,1738.0,1.590031073446322
18670.0,76,1289.0,9.548148148148147,2.685964279993305,76,76,1289.0,0.08282145503535525,1.6385695088993897,2.685964279993305,76,1289.0,1.6385695088993897
18675.0,81,1324.0,9.594202898550725,2.6857699716592847,81,81,1119.0,0.07723393326448369,1.487518036014463,2.6857699716592847,81,1119.0,1.487518036014463
18680.0,89,1527.0,11.227941176470589,2.4303594883554305,89,89,1527.0,0.07342623415268762,1.3862194135604446,2.4303594883554305,89,1527.0,1.3862194135604446
18685.0,95,1803.0,13.257352941176471,2.1684192038552634,95,95,1803.0,0.059579383646913994,1.1612740363857827,2.1684192038552634,95,1803.0,1.1612740363857827
18690.0,98,2135.0,15.814814814814815,2.005617293690038,98,98,2117.0,0.05261848241393937,1.0211455442009267,2.005617293690038,98,2117.0,1.0211455442009267
18695.0,101,2487.0,18.42222222222222,2.0236369132716066,101,101,2487.0,0.056346446715489586,1.0873614142760537,2.0236369132716066,101,2487.0,1.0873614142760537
18700.0,105,2849.0,20.496402877697843,1.7369958446959002,105,105,2849.0,0.04016806171527405,0.7431060673243658,1.7369958446959002,105,2849.0,0.7431060673243658
18705.0,104,3119.0,22.60144927536232,1.7665740621632076,104,104,3119.0,0.0358652109510913,0.6903769920457461,1.7665740621632076,104,3119.0,0.6903769920457461
18710.0,99,3299.0,24.080291970802918,1.9816707833238862,99,99,3266.0,0.05060696835611172,0.9494528414714175,1.9816707833238862,99,3266.0,0.9494528414714175
18715.0,96,3483.0,26.18796992481203,1.860034634205151,96,96,3483.0,0.05760784768155299,1.0531358095092949,1.860034634205151,96,3483.0,1.0531358095092949
18720.0,92,3465.0,26.450381679389313,1.829307422533806,92,92,3465.0,0.05169982882834041,1.0323327962956312,1.829307422533806,92,3465.0,1.0323327962956312
18725.0,93,3353.0,24.83703703703704,1.9924298842364274,93,93,3275.0,0.05890167858388922,1.1015447891887982,1.9924298842364274,93,3275.0,1.1015447891887982
18730.0,94,3244.0,24.02962962962963,2.0720153818048423,94,94,3244.0,0.06838069760128444,1.23555721727994,2.0720153818048423,94,3244.0,1.23555721727994
18735.0,91,3095.0,22.42753623188406,2.040977056351595,91,91,3095.0,0.06200959948831201,1.126283096981283,2.040977056351595,91,3095.0,1.126283096981283
18740.0,94,2985.0,21.78832116788321,2.0950712986209865,94,94,2968.0,0.06555533402715182,1.1829072546275554,2.0950712986209865,94,2968.0,1.1829072546275554
18745.0,97,2885.0,20.755395683453237,2.1822135674053107,97,97,2885.0,0.0633619237227612,1.1285756457679308,2.1822135674053107,97,2885.0,1.1285756457679308
18750.0,93,2693.0,19.94814814814815,1.9859397071545741,93,93,2693.0,0.05799468901245179,1.0851490746386228,1.9859397071545741,93,2693.0,1.0851490746386228
18755.0,88,2418.0,17.91111111111111,2.2545719714137373,88,88,2390.0,0.07248306450549519,1.3317036458230085,2.2545719714137373,88,2390.0,1.3317036458230085
18760.0,85,2122.0,15.602941176470589,2.2617063147384457,85,85,2122.0,0.0731439272013388,1.3376434341953376,2.2617063147384457,85,2122.0,1.3376434341953376
18765.0,81,1813.0,13.330882352941176,2.532537669985066,81,81,1813.0,0.08487047598703074,1.5351311992484906,2.532537669985066,81,1813.0,1.5351311992484906
18770.0,79,1541.0,11.414814814814815,2.526050766150344,78,79,1539.0,0.08697226477929744,1.6279278618926671,2.526050766150344,78,1539.0,1.6279278618926671
18775.0,81,1547.0,11.544776119402986,2.539677128307879,80,81,1546.0,0.09416377919367211,1.7651509324353798,2.539677128307879,80,1546.0,1.7651509324353798
18780.0,83,1771.0,13.216417910447761,2.520064596907759,82,83,1770.0,0.09658433852900414,1.8063959984910687,2.520064596907759,82,1770.0,1.8063959984910687
18785.0,90,2009.0,14.557971014492754,2.277483023121731,88,90,2004.0,0.0785829252713205,1.498682606687082,2.277483023121731,88,2004.0,1.498682606687082
18790.0,93,2305.0,16.58273381294964,2.4125317988856687,93,93,2305.0,0.07632141923935018,1.471741335875522,2.4125317988856687,93,2305.0,1.471741335875522
18795.0,94,2621.0,18.85611510791367,2.353948670456991,94,94,2620.0,0.07174725579446804,1.3832695249113292,2.353948670456991,94,2620.0,1.3832695249113292
18800.0,93,2896.0,21.294117647058822,2.4077501716189307,93,93,2895.0,0.07726747488155622,1.4792972957642252,2.4077501716189307,93,2895.0,1.4792972957642252
18805.0,89,3115.0,22.73722627737226,2.538829937197979,89,89,3101.0,0.08781767978168345,1.6141423729942421,2.538829937197979,89,3101.0,1.6141423729942421
18810.0,85,3322.0,24.607407407407408,2.7420981042728685,85,85,3322.0,0.09919242244592417,1.8182391175905235,2.7420981042728685,85,3322.0,1.8182391175905235
18815.0,81,3556.0,26.340740740740742,2.920866119855502,81,81,3555.0,0.10947230748428426,2.0348461102363964,2.920866119855502,81,3555.0,2.0348461102363964
18820.0,83,3705.0,27.043795620437955,2.6027150537633803,83,83,3705.0,0.08785857966231002,1.6591406833699434,2.6027150537633803,83,3705.0,1.6591406833699434
18825.0,89,4055.0,29.816176470588236,2.4410684865375494,89,89,3939.0,0.08382779913927184,1.5582811665863898,2.4410684865375494,89,3939.0,1.5582811665863898
18830.0,93,4430.0,32.5735294117647,2.1336831915456855,93,93,4430.0,0.0682471929705699,1.2620455466820233,2.1336831915456855,93,4430.0,1.2620455466820233
18835.0,95,4684.0,34.44117647058823,2.1602846670777223,95,95,4684.0,0.05886208048884369,1.128220082674206,2.1602846670777223,95,4684.0,1.128220082674206
18840.0,92,4973.0,36.56617647058823,2.2813222459904017,92,92,4926.0,0.061292889541643775,1.1151484550442057,2.2813222459904017,92,4926.0,1.1151484550442057
18845.0,96,5368.0,38.618705035971225,2.2798467841153545,96,96,5368.0,0.07298615505526834,1.2620201815905028,2.2798467841153545,96,5368.0,1.2620201815905028
18850.0,96,5688.0,40.92086330935252,2.2241746510106597,96,96,5688.0,0.06401983481583988,1.1627422862567929,2.2241746510106597,96,5688.0,1.1627422862567929
18855.0,94,5995.0,42.5177304964539,2.246203871508331,94,94,5968.0,0.06564629283932434,1.190586546232389,2.246203871508331,94,5968.0,1.190586546232389
18860.0,95,6324.0,44.851063829787236,2.5225681095713455,95,95,6324.0,0.08050712468653672,1.4278838267964864,2.5225681095713455,95,6324.0,1.4278838267964864
18865.0,99,6657.0,46.55244755244755,2.4014073380709973,99,99,6657.0,0.07204009454850659,1.2623014648917443,2.4014073380709973,99,6657.0,1.2623014648917443
18870.0,97,6997.0,48.93006993006993,2.6162005365782885,97,97,6997.0,0.08429963421692517,1.437005130912076,2.6162005365782885,97,6997.0,1.437005130912076
18875.0,94,7253.0,51.07746478873239,2.606150974667756,94,94,7253.0,0.079334117066507,1.4249272817459235,2.606150974667756,94,7253.0,1.4249272817459235
18880.0,94,7544.0,53.12676056338028,2.28662699380589,94,94,7544.0,0.06596537987893787,1.2318885707541747,2.28662699380589,94,7544.0,1.2318885707541747
18885.0,98,7874.0,55.843971631205676,2.1356982724553646,98,98,7851.0,0.06507493685395303,1.2075824417109446,2.1356982724553646,98,7851.0,1.2075824417109446
18890.0,99,7757.0,53.86805555555556,2.1497170130416863,99,99,7757.0,0.059109727848750064,1.10065181625275,2.1497170130416863,99,7757.0,1.10065181625275
18895.0,98,7329.0,50.5448275862069,2.313064252264808,98,98,7176.0,0.06541179312569598,1.2397040817167575,2.313064252264808,98,7176.0,1.2397040817167575
18900.0,95,6889.0,47.84027777777778,2.432710292244187,95,95,6889.0,0.0698035664726928,1.3512114740968562,2.432710292244187,95,6889.0,1.3512114740968562
18905.0,94,6423.0,43.99315068493151,2.312646375252388,94,94,6423.0,0.06979440836268115,1.3422924377860366,2.312646375252388,94,6423.0,1.3422924377860366
18910.0,92,6017.0,41.49655172413793,2.4139218637441084,92,92,6003.0,0.07526114262038598,1.396314550352527,2.4139218637441084,92,6003.0,1.396314550352527
18915.0,95,5699.0,39.85314685314685,2.405721568374592,95,95,5699.0,0.08137819879204895,1.47652291510364,2.405721568374592,95,5699.0,1.47652291510364
18920.0,99,5281.0,37.45390070921986,2.163636370494476,99,99,5281.0,0.07418378589866098,1.330025020429791,2.163636370494476,99,5281.0,1.330025020429791
18925.0,101,4781.0,33.43356643356643,2.047343824400917,101,101,4739.0,0.06192252090118091,1.13889804299876,2.047343824400917,101,4739.0,1.13889804299876
18930.0,99,4284.0,29.75,2.2159444386637017,99,99,4284.0,0.06948930512660277,1.2367582330464888,2.2159444386637017,99,4284.0,1.2367582330464888
18935.0,96,3684.0,25.762237762237763,2.1950448364609647,96,96,3684.0,0.06499239894595822,1.2233586483657946,2.1950448364609647,96,3684.0,1.2233586483657946
18940.0,94,3008.0,20.88888888888889,2.131704367084647,94,94,2980.0,0.05790199766670226,1.1089393291876524,2.131704367084647,94,2980.0,1.1089393291876524
18945.0,92,2347.0,16.29861111111111,2.2850258511869215,92,92,2347.0,0.0724309657023118,1.3477757406783646,2.2850258511869215,92,2347.0,1.3477757406783646
18950.0,87,1802.0,12.51388888888889,2.1940913898243926,87,87,1802.0,0.06272426062586615,1.1995107799239009,2.1940913898243926,87,1802.0,1.1995107799239009
18955.0,89,1606.0,11.152777777777779,2.3120510305065016,89,89,1578.0,0.0698061911046638,1.3160921769149223,2.3120510305065016,89,1578.0,1.3160921769149223
18960.0,97,1704.0,11.833333333333334,2.1652461532836416,97,97,1704.0,0.06314038524056076,1.167665047805337,2.1652461532836416,97,1704.0,1.167665047805337
18965.0,100,1739.0,11.75,2.0600000721040157,100,100,1739.0,0.049874771949460696,0.9636216001902222,2.0600000721040157,100,1739.0,0.9636216001902222
18970.0,96,1704.0,11.513513513513514,2.2687624780498994,96,96,1676.0,0.05965176609698683,1.1324092297328818,2.2687624780498994,96,1676.0,1.1324092297328818
18975.0,94,1661.0,11.299319727891156,2.3210784419115997,94,94,1661.0,0.06899344782850789,1.2659923076923056,2.3210784419115997,94,1661.0,1.2659923076923056
18980.0,90,1566.0,10.726027397260275,2.428658223909122,90,90,1566.0,0.06850967568505714,1.3168722334879748,2.428658223909122,90,1566.0,1.3168722334879748
18985.0,87,1451.0,10.07638888888889,2.584883514769674,87,87,1423.0,0.08194587076160001,1.5270089589672162,2.584883514769674,87,1423.0,1.5270089589672162
18990.0,86,1431.0,10.148936170212766,2.506347533278754,86,86,1431.0,0.0891149117896415,1.6250300541462521,2.506347533278754,86,1431.0,1.6250300541462521
18995.0,87,1365.0,9.545454545454545,2.3911191427716343,87,87,1365.0,0.07786448773882694,1.4460889867484612,2.3911191427716343,87,1365.0,1.4460889867484612
19000.0,90,1406.0,9.832167832167832,2.210165739575503,90,90,1379.0,0.06514973892473756,1.2570299448987678,2.210165739575503,90,1379.0,1.2570299448987678
19005.0,97,1576.0,10.944444444444445,2.1540196203284605,97,97,1576.0,0.06458779027560087,1.2248666899391107,2.1540196203284605,97,1576.0,1.2248666899391107
19010.0,99,1729.0,12.006944444444445,1.8747747178184002,99,99,1729.0,0.0480364154008333,0.9337365756634186,1.8747747178184002,99,1729.0,0.9337365756634186
19015.0,96,1843.0,12.710344827586207,2.1172782379851305,96,96,1830.0,0.05842587920453678,1.0842123524698624,2.1172782379851305,96,1830.0,1.0842123524698624
19020.0,93,1941.0,13.573426573426573,2.168178528754217,93,93,1941.0,0.06989028783938485,1.2432167341088063,2.168178528754217,93,1941.0,1.2432167341088063
19025.0,92,2015.0,13.89655172413793,2.1150332056486865,92,92,2015.0,0.06309197006047057,1.157660653504682,2.1150332056486865,92,2015.0,1.157660653504682
19030.0,93,2154.0,15.169014084507042,2.125272848766379,93,93,2144.0,0.06942971333528257,1.2795407684461448,2.125272848766379,93,2144.0,1.2795407684461448
19035.0,98,2409.0,16.729166666666668,2.123784568024903,98,98,2409.0,0.06947526372506953,1.2633195200109484,2.123784568024903,98,2409.0,1.2633195200109484
19040.0,100,2390.0,16.36986301369863,2.0909049565224587,100,100,2390.0,0.05501944997588323,1.0579595253149503,2.0909049565224587,100,2390.0,1.0579595253149503
19045.0,102,2726.0,18.8,2.080858161639384,102,102,2574.0,0.06276595330237454,1.1458931199145248,2.080858161639384,102,2574.0,1.1458931199145248
19050.0,110,3183.0,22.25874125874126,1.6157132777099141,110,110,3183.0,0.05485022372928286,0.9745161444144254,1.6157132777099141,110,3183.0,0.9745161444144254
19055.0,114,3670.0,25.48611111111111,1.615684945837053,114,114,3670.0,0.04361352411547941,0.8073441155937519,1.615684945837053,114,3670.0,0.8073441155937519
19060.0,117,4171.0,28.96527777777778,1.326719753288898,117,117,4169.0,0.03693537245952952,0.6063331136812891,1.326719753288898,117,4169.0,0.6063331136812891
19065.0,117,4681.0,32.50694444444444,1.4081423572447724,117,117,4681.0,0.041599652413317104,0.6967466475158798,1.4081423572447724,117,4681.0,0.6967466475158798
19070.0,115,4922.0,34.41958041958042,1.2681120633633582,115,115,4922.0,0.031645864789439725,0.5486027687388626,1.2681120633633582,115,4922.0,0.5486027687388626
19075.0,114,5025.0,35.13986013986014,1.3597521931101775,114,114,4937.0,0.03952783301981429,0.6765978006845786,1.3597521931101775,114,4937.0,0.6765978006845786
19080.0,114,5145.0,36.48936170212766,1.3779404759004088,114,114,5145.0,0.04611445031021057,0.7824084284607851,1.3779404759004088,114,5145.0,0.7824084284607851
19085.0,112,5082.0,35.7887323943662,1.327796294336552,112,112,5082.0,0.04129019716453878,0.7231461068129651,1.327796294336552,112,5082.0,0.7231461068129651
19090.0,108,4879.0,34.359154929577464,1.5503123032388157,108,108,4821.0,0.0468914752328427,0.8493276495230583,1.5503123032388157,108,4821.0,0.8493276495230583
19095.0,104,4658.0,32.34722222222222,1.8215172404807767,104,104,4658.0,0.0590038594751926,1.058683178096761,1.8215172404807767,104,4658.0,1.058683178096761
19100.0,100,4372.0,30.36111111111111,1.9821293964332196,100,100,4372.0,0.06116742642007476,1.1522217412450695,1.9821293964332196,100,4372.0,1.1522217412450695
19105.0,98,4036.0,28.223776223776223,1.922799146651001,98,98,4023.0,0.05671802352031129,1.0473652487738416,1.922799146651001,98,4023.0,1.0473652487738416
19110.0,93,3679.0,25.908450704225352,1.9986112210738716,93,93,3679.0,0.06538499399630099,1.2045321818219543,1.9986112210738716,93,3679.0,1.2045321818219543
19115.0,89,3258.0,23.271428571428572,1.9972131401578508,89,89,3258.0,0.0682067772613226,1.2551930844872483,1.9972131401578508,89,3258.0,1.2551930844872483
19120.0,86,2789.0,19.640845070422536,2.0744756600604624,86,86,2776.0,0.06956284899848399,1.260337931806626,2.0744756600604624,86,2776.0,1.260337931806626
19125.0,83,2304.0,16.225352112676056,2.35706295692382,83,83,2304.0,0.08031837540878985,1.4476080069390806,2.35706295692382,83,2304.0,1.4476080069390806
19130.0,78,1672.0,11.774647887323944,2.2242301051715176,78,78,1672.0,0.07150246958306067,1.327807447385316,2.2242301051715176,78,1672.0,1.327807447385316
19135.0,78,1228.0,8.709219858156029,2.405407316713872,78,78,1174.0,0.07835607960059633,1.4815003498148147,2.405407316713872,78,1174.0,1.4815003498148147
19140.0,83,1178.0,8.414285714285715,2.392106106363503,83,83,1178.0,0.08039463271486219,1.4582107046759074,2.392106106363503,83,1178.0,1.4582107046759074
19145.0,88,1086.0,7.594405594405594,2.12108421901623,88,88,1086.0,0.06506247691051824,1.2308632590640787,2.12108421901623,88,1086.0,1.2308632590640787
19150.0,85,1131.0,8.02127659574468,2.146569569254196,85,85,1102.0,0.07268356579343174,1.3263480949283275,2.146569569254196,85,1102.0,1.3263480949283275
19155.0,88,1253.0,8.70138888888889,2.196002938526619,88,88,1253.0,0.0777969276123429,1.356518737395974,2.196002938526619,88,1253.0,1.356518737395974
19160.0,88,1299.0,9.083916083916083,2.1743775998203527,88,88,1299.0,0.07159490685108952,1.2933376388048397,2.1743775998203527,88,1299.0,1.2933376388048397
19165.0,87,1306.0,9.132867132867133,2.168506094469329,87,87,1278.0,0.07351223131979848,1.334543401421078,2.168506094469329,87,1278.0,1.334543401421078
19170.0,85,1349.0,9.368055555555555,2.4688865862828395,85,85,1349.0,0.08454605071185452,1.5283118858211524,2.4688865862828395,85,1349.0,1.5283118858211524
19175.0,86,1318.0,9.152777777777779,2.3586578027884673,86,86,1318.0,0.07286659615118815,1.35341107684906,2.3586578027884673,86,1318.0,1.35341107684906
19180.0,93,1448.0,10.125874125874127,2.188512189979975,93,93,1420.0,0.06740819946590981,1.2209363692132447,2.188512189979975,93,1420.0,1.2209363692132447
19185.0,98,1623.0,11.34965034965035,2.116630725174713,98,98,1623.0,0.06068404723332911,1.0805937123044134,2.116630725174713,98,1623.0,1.0805937123044134
19190.0,97,1718.0,11.930555555555555,2.027066863534916,97,97,1718.0,0.051271004866366536,0.9401921452899781,2.027066863534916,97,1718.0,0.9401921452899781
19195.0,93,1736.0,12.055555555555555,2.252184720396183,93,93,1708.0,0.05948161126026741,1.0829037471115148,2.252184720396183,93,1708.0,1.0829037471115148
19200.0,88,1731.0,12.190140845070422,2.4379807379288745,88,88,1731.0,0.07036857424779543,1.2800699959466655,2.4379807379288745,88,1731.0,1.2800699959466655
19205.0,85,1619.0,11.4822695035461,2.255101426921441,85,85,1619.0,0.06431606404427105,1.213805226708797,2.255101426921441,85,1619.0,1.213805226708797
19210.0,81,1459.0,10.42142857142857,2.5457476772421153,81,81,1431.0,0.07976553682320425,1.4752902214839805,2.5457476772421153,81,1431.0,1.4752902214839805
19215.0,83,1416.0,9.971830985915492,2.681216137771437,83,83,1416.0,0.09037656939330668,1.6114543257793092,2.681216137771437,83,1416.0,1.6114543257793092
19220.0,83,1407.0,10.05,2.406449157511973,83,83,1407.0,0.07881839450251549,1.4774596639851472,2.406449157511973,83,1407.0,1.4774596639851472
19225.0,92,1544.0,10.950354609929079,2.258832562380115,92,92,1521.0,0.07150286429595445,1.347230502901355,2.258832562380115,92,1521.0,1.347230502901355
19230.0,98,1717.0,12.091549295774648,2.210727978831108,98,98,1717.0,0.06776225418705602,1.2122796402763338,2.210727978831108,98,1717.0,1.2122796402763338
19235.0,98,1907.0,13.52482269503546,2.245673500746659,98,98,1907.0,0.06365376070950028,1.1856426774617934,2.245673500746659,98,1907.0,1.1856426774617934
19240.0,97,1989.0,14.207142857142857,1.8870317612321994,97,97,1989.0,0.04506063345413005,0.8667575983779349,1.8870317612321994,97,1989.0,0.8667575983779349
19245.0,92,1984.0,14.17142857142857,2.13379983430562,92,92,1951.0,0.05963988969520089,1.1399283300852499,2.13379983430562,92,1951.0,1.1399283300852499
19250.0,87,1955.0,13.964285714285714,2.3214139030157592,87,87,1955.0,0.07381218749071919,1.3958643919394,2.3214139030157592,87,1955.0,1.3958643919394
19255.0,84,1955.0,14.375,2.3753038940181557,84,84,1955.0,0.0798546007776779,1.5179583724373293,2.3753038940181557,84,1955.0,1.5179583724373293
19260.0,85,1934.0,14.116788321167883,2.3786288437399103,85,85,1934.0,0.07545507359739627,1.4311289133159038,2.3786288437399103,85,1934.0,1.4311289133159038
19265.0,89,1959.0,13.893617021276595,2.356662013246557,89,89,1921.0,0.07038672367026576,1.3361732358449032,2.356662013246557,89,1921.0,1.3361732358449032
19270.0,90,2029.0,14.288732394366198,2.590949302557596,90,90,2029.0,0.08014798729612267,1.4812878253666422,2.590949302557596,90,2029.0,1.4812878253666422
19275.0,91,2080.0,14.75177304964539,2.354473728112503,91,91,2080.0,0.06836723424559325,1.2626328885162075,2.354473728112503,91,2080.0,1.2626328885162075
19280.0,93,2170.0,15.5,2.4507140583778475,93,93,2156.0,0.0717688406993013,1.3329951977005816,2.4507140583778475,93,2156.0,1.3329951977005816
19285.0,95,2260.0,16.142857142857142,2.4141859492175928,95,95,2260.0,0.0769487624407449,1.371484432313694,2.4141859492175928,95,2260.0,1.371484432313694
19290.0,91,2258.0,16.36231884057971,2.2999069348048877,91,91,2258.0,0.06873476713516433,1.3047847089542555,2.2999069348048877,91,2258.0,1.3047847089542555
19295.0,86,2173.0,15.861313868613138,2.562085594729118,86,86,2145.0,0.0796843357627513,1.5089696498479723,2.562085594729118,86,2145.0,1.5089696498479723
19300.0,83,2068.0,15.094890510948906,2.557088693271192,83,83,2068.0,0.07943086187276138,1.507194209938334,2.557088693271192,83,2068.0,1.507194209938334
19305.0,80,1917.0,14.2,2.5318348686232417,80,80,1917.0,0.08075393113514381,1.5619452205296482,2.5318348686232417,80,1917.0,1.5619452205296482
19310.0,81,1818.0,13.466666666666667,2.3964969136160197,81,81,1790.0,0.08030302475517628,1.5185943271593432,2.3964969136160197,81,1790.0,1.5185943271593432
19315.0,83,1739.0,12.786764705882353,2.439808874402265,83,83,1739.0,0.08008167534525631,1.4815218490229802,2.439808874402265,83,1739.0,1.4815218490229802
19320.0,83,1801.0,13.34074074074074,2.356647344541283,83,83,1801.0,0.07549448033456131,1.4193677665275877,2.356647344541283,83,1801.0,1.4193677665275877
19325.0,89,1934.0,13.913669064748202,2.249870690414347,89,89,1919.0,0.06493860092919086,1.1907184239210176,2.249870690414347,89,1919.0,1.1907184239210176
19330.0,94,2098.0,15.093525179856115,2.304885234907217,94,94,2098.0,0.06494298090255107,1.2304199001492957,2.304885234907217,94,2098.0,1.2304199001492957
19335.0,94,2178.0,15.557142857142857,2.04367721236559,94,94,2178.0,0.050882437592730916,1.000376887959239,2.04367721236559,94,2178.0,1.000376887959239
19340.0,92,2195.0,15.905797101449275,2.2065220211003633,92,92,2167.0,0.06554495704567817,1.2555696314585614,2.2065220211003633,92,2167.0,1.2555696314585614
19345.0,89,2190.0,15.755395683453237,2.362711014153108,89,89,2190.0,0.0792413595780438,1.472326710711716,2.362711014153108,89,2190.0,1.472326710711716
19350.0,84,1506.0,10.91304347826087,2.3673755643874848,84,84,1506.0,0.07501218056411744,1.4392180657152465,2.3673755643874848,84,1506.0,1.4392180657152465
19355.0,83,1386.0,10.191176470588236,2.4148573228449504,83,83,1100.0,0.08230087113542345,1.5071430533209396,2.4148573228449504,83,1100.0,1.5071430533209396
19360.0,90,1545.0,11.195652173913043,2.2189245540405658,90,90,1545.0,0.07069997633769547,1.2740959687817948,2.2189245540405658,90,1545.0,1.2740959687817948
19365.0,97,1729.0,12.528985507246377,2.0293522582848933,97,97,1729.0,0.060247618239224456,1.1058938088817136,2.0293522582848933,97,1729.0,1.1058938088817136
19370.0,100,1841.0,13.340579710144928,1.6081178564698457,100,100,1798.0,0.038555130102990914,0.7536895161290352,1.6081178564698457,100,1798.0,0.7536895161290352
19375.0,99,1959.0,14.093525179856115,1.7754969927967938,99,99,1959.0,0.0480388763923859,0.9063257893116344,1.7754969927967938,99,1959.0,0.9063257893116344
19380.0,96,1973.0,14.401459854014599,1.6837201957406174,96,96,1973.0,0.04610979773564287,0.861545260411294,1.6837201957406174,96,1973.0,0.861545260411294
19385.0,96,2058.0,14.805755395683454,1.746264252649712,96,96,2018.0,0.0503372744379288,0.9309654562700097,1.746264252649712,96,2018.0,0.9309654562700097
19390.0,96,2158.0,15.63768115942029,1.9456329060553605,96,96,2158.0,0.06136196422937113,1.0955377583367076,1.9456329060553605,96,2158.0,1.0955377583367076
19395.0,96,2260.0,16.142857142857142,1.957965578042173,96,96,2260.0,0.06088798295024808,1.0455005936579886,1.957965578042173,96,2260.0,1.0455005936579886
19400.0,95,2263.0,16.39855072463768,2.021362551368048,95,95,2263.0,0.056170125856836985,1.042265148275431,2.021362551368048,95,2263.0,1.042265148275431
19405.0,97,2258.0,16.36231884057971,1.9603310255383317,97,97,2210.0,0.05776798701470924,1.0812639436598486,1.9603310255383317,97,2210.0,1.0812639436598486
19410.0,97,2259.0,16.135714285714286,2.0971392611956308,97,97,2259.0,0.06318194822579616,1.1406430066695417,2.0971392611956308,97,2259.0,1.1406430066695417
19415.0,93,2141.0,15.184397163120567,2.198534801529354,93,93,2141.0,0.061126659247751486,1.1315653358885198,2.198534801529354,93,2141.0,1.1315653358885198
19420.0,94,2008.0,14.140845070422536,2.048335216933558,94,94,1974.0,0.05045129365856143,0.9283703315226518,2.048335216933558,94,1974.0,0.9283703315226518
19425.0,92,2033.0,14.62589928057554,2.219772706748275,92,92,2033.0,0.07094424445607164,1.2422063315226455,2.219772706748275,92,2033.0,1.2422063315226455
19430.0,93,2035.0,14.640287769784173,1.9977001268515064,93,93,2035.0,0.055091170414612464,1.0358199223798943,1.9977001268515064,93,2035.0,1.0358199223798943
19435.0,96,2082.0,15.08695652173913,2.0450157344988287,96,96,2064.0,0.056018472591273315,1.0403881811224374,2.0450157344988287,96,2064.0,1.0403881811224374
19440.0,96,2132.0,15.792592592592593,2.030215922595674,96,96,2132.0,0.06059429786381999,1.1323274123371816,2.030215922595674,96,2132.0,1.1323274123371816
19445.0,95,2090.0,15.255474452554745,1.901398442162689,95,95,2090.0,0.047986802175694766,0.9468360655737688,1.901398442162689,95,2090.0,0.9468360655737688
19450.0,90,1970.0,14.379562043795621,2.187385024766085,90,90,1942.0,0.06598052035295068,1.214893606442293,2.187385024766085,90,1942.0,1.214893606442293
19455.0,86,1827.0,13.433823529411764,2.1505931469329767,86,86,1827.0,0.07610148907384083,1.3483179690023916,2.1505931469329767,86,1827.0,1.3483179690023916
19460.0,82,1579.0,11.696296296296296,2.2757887353253916,82,82,1579.0,0.07685380406533313,1.4385461627220968,2.2757887353253916,82,1579.0,1.4385461627220968
19465.0,79,1320.0,9.777777777777779,2.3823921253273577,79,79,1292.0,0.08174328902656389,1.5102834833915333,2.3823921253273577,79,1292.0,1.5102834833915333
19470.0,80,1248.0,9.244444444444444,2.431734547025205,80,80,1248.0,0.08971106518471116,1.6207808516750901,2.431734547025205,80,1248.0,1.6207808516750901
19475.0,83,1276.0,9.313868613138686,2.3878933509468947,83,83,1276.0,0.0793119420812519,1.4809552953230614,2.3878933509468947,83,1276.0,1.4809552953230614
19480.0,89,1406.0,10.042857142857143,2.2557837395621068,89,89,1380.0,0.06616701322620136,1.2123450668952918,2.2557837395621068,89,1380.0,1.2123450668952918
19485.0,95,1571.0,11.302158273381295,2.1566145979843703,95,95,1571.0,0.06311540452281025,1.1547928733213488,2.1566145979843703,95,1571.0,1.1547928733213488
19490.0,93,1655.0,12.08029197080292,1.890510902496514,93,93,1655.0,0.05340493162926862,0.9835409533067458,1.890510902496514,93,1655.0,0.9835409533067458
19495.0,90,1664.0,12.235294117647058,2.0538536093151287,90,90,1636.0,0.06274058752207606,1.1269789078758796,2.0538536093151287,90,1636.0,1.1269789078758796
19500.0,85,1649.0,12.125,2.448952702069567,85,85,1649.0,0.08061831258486897,1.4653370654415099,2.448952702069567,85,1649.0,1.4653370654415099
19505.0,81,1367.0,9.905797101449275,2.3472366169586936,81,81,1367.0,0.06866614892456724,1.306342473174405,2.3472366169586936,81,1367.0,1.306342473174405
19510.0,83,1381.0,10.305970149253731,2.3707551925107513,83,83,1243.0,0.07556957232003005,1.458170625846545,2.3707551925107513,83,1243.0,1.458170625846545
19515.0,90,1539.0,11.316176470588236,2.12546735005227,90,90,1539.0,0.06554389095888949,1.2453032904113912,2.12546735005227,90,1539.0,1.2453032904113912
19520.0,96,1811.0,13.123188405797102,2.121088465230739,96,96,1811.0,0.05847013413952971,1.1196735655387369,2.121088465230739,96,1811.0,1.1196735655387369
19525.0,104,2156.0,15.510791366906474,1.8747170928207348,104,104,2131.0,0.05079005734935836,0.9343824264616715,1.8747170928207348,104,2131.0,0.9343824264616715
19530.0,106,2528.0,18.057142857142857,1.8998181182641052,106,106,2528.0,0.05454842719379945,0.9468858783127166,1.8998181182641052,106,2528.0,0.9468858783127166
19535.0,104,2817.0,20.562043795620436,1.8336028389014944,104,104,2817.0,0.05133192872069932,0.9260968167808109,1.8336028389014944,104,2817.0,0.9260968167808109
19540.0,100,3023.0,22.227941176470587,1.6433554022577521,100,100,2995.0,0.041868792677248516,0.7893939217407276,1.6433554022577521,100,2995.0,0.7893939217407276
19545.0,97,3218.0,23.66176470588235,2.007718989812915,97,97,3218.0,0.05642872900155217,1.0847423788021104,2.007718989812915,97,3218.0,1.0847423788021104
19550.0,92,3165.0,23.272058823529413,1.9495234399609265,92,92,3165.0,0.04970915045866386,1.0322629568266546,1.9495234399609265,92,3165.0,1.0322629568266546
19555.0,90,2995.0,22.185185185185187,2.174407926060837,90,90,2922.0,0.0591935865090808,1.1764894037211027,2.174407926060837,90,2922.0,1.1764894037211027
19560.0,90,2920.0,21.791044776119403,2.187568392280175,90,90,2920.0,0.06765942087048532,1.2389159051782168,2.187568392280175,90,2920.0,1.2389159051782168
19565.0,91,2813.0,20.683823529411764,2.0130082447487094,91,91,2813.0,0.060321654552023075,1.1328295881249082,2.0130082447487094,91,2813.0,1.1328295881249082
19570.0,93,2746.0,19.89855072463768,2.1915704853245654,93,93,2725.0,0.06270367482088958,1.1690860728714527,2.1915704853245654,93,2725.0,1.1690860728714527
19575.0,95,2690.0,19.214285714285715,2.1056256734599166,95,95,2690.0,0.06351445379753434,1.112347733890112,2.1056256734599166,95,2690.0,1.112347733890112
19580.0,97,2649.0,19.195652173913043,2.062626568533887,97,97,2649.0,0.0596436825756393,1.1217245445073656,2.062626568533887,97,2649.0,1.1217245445073656
19585.0,96,2498.0,18.10144927536232,2.061475476157809,96,96,2498.0,0.05700190736455134,1.1136535911181722,2.061475476157809,96,2498.0,1.1136535911181722
19590.0,91,2260.0,16.496350364963504,2.1849533563564476,91,91,2227.0,0.06594512220990878,1.2607441777347224,2.1849533563564476,91,2227.0,1.2607441777347224
19595.0,86,2003.0,14.837037037037037,2.349840982445201,86,86,2003.0,0.08074908322152834,1.50382660394195,2.349840982445201,86,2003.0,1.50382660394195
19600.0,84,1678.0,12.42962962962963,2.0960748344206883,84,84,1678.0,0.06410090930719507,1.2553648847321797,2.0960748344206883,84,1678.0,1.2553648847321797
19605.0,85,1451.0,10.748148148148148,2.2087500669495466,85,85,1418.0,0.07141734113485268,1.354316917838987,2.2087500669495466,85,1418.0,1.354316917838987
19610.0,87,1466.0,10.623188405797102,2.175355380456692,87,87,1466.0,0.07199304787673327,1.3127452751457465,2.175355380456692,87,1466.0,1.3127452751457465
19615.0,89,1514.0,10.971014492753623,2.1384451020682484,89,89,1514.0,0.06728454839933463,1.255029019568281,2.1384451020682484,89,1514.0,1.255029019568281
19620.0,95,1628.0,11.883211678832117,1.9785306287455944,95,95,1605.0,0.05924192222547178,1.0636893035369466,1.9785306287455944,95,1605.0,1.0636893035369466
19625.0,97,1761.0,12.76086956521739,1.9091066759622735,97,97,1761.0,0.06112783063028862,1.0905537974218729,1.9091066759622735,97,1761.0,1.0905537974218729
19630.0,94,1800.0,13.235294117647058,1.9337690292340761,94,94,1800.0,0.05753549295782318,1.123583038260934,1.9337690292340761,94,1800.0,1.123583038260934
19635.0,90,1756.0,12.72463768115942,2.06705787256035,90,90,1728.0,0.05906772061953325,1.1572571564779568,2.06705787256035,90,1728.0,1.1572571564779568
19640.0,86,1696.0,12.379562043795621,2.373097434331564,86,86,1696.0,0.07926452275873963,1.5084256064473922,2.373097434331564,86,1696.0,1.5084256064473922
19645.0,83,1523.0,10.956834532374101,2.3625265845866905,83,83,1523.0,0.07270960595679625,1.3854882455991075,2.3625265845866905,83,1523.0,1.3854882455991075
19650.0,79,1331.0,9.575539568345324,2.710968413896357,79,79,1303.0,0.0842393730551835,1.5754065819175762,2.710968413896357,79,1303.0,1.5754065819175762
19655.0,79,1254.0,9.220588235294118,2.728375479805783,79,79,1254.0,0.09439385808557138,1.715812984163202,2.728375479805783,79,1254.0,1.715812984163202
19660.0,85,1282.0,9.289855072463768,2.273894845890174,84,85,1281.0,0.06987971953367117,1.2750368722239773,2.273894845890174,84,1281.0,1.2750368722239773
19665.0,87,1329.0,9.630434782608695,2.2148924951413953,87,87,1316.0,0.0636805727088625,1.1807345594394354,2.2148924951413953,87,1316.0,1.1807345594394354
19670.0,87,1381.0,9.794326241134751,2.2829925856401316,87,87,1381.0,0.06237935607698338,1.1780904659518296,2.2829925856401316,87,1381.0,1.1780904659518296
19675.0,86,1210.0,8.768115942028986,2.157385878947834,86,86,1210.0,0.06140365158963574,1.1639895130800153,2.157385878947834,86,1210.0,1.1639895130800153
19680.0,86,1255.0,9.296296296296296,2.132845862617247,86,86,1125.0,0.06706765024869912,1.2261239911374138,2.132845862617247,86,1125.0,1.2261239911374138
19685.0,88,1306.0,9.602941176470589,2.0058628877654847,88,88,1306.0,0.06513457250323382,1.1869577152869757,2.0058628877654847,88,1306.0,1.1869577152869757
19690.0,85,1231.0,9.118518518518519,2.0929543374055886,85,85,1231.0,0.06572887897641025,1.230368160619278,2.0929543374055886,85,1231.0,1.230368160619278
19695.0,85,1289.0,9.548148148148147,2.019076584053233,85,85,1239.0,0.06811711556886446,1.2573738436105777,2.019076584053233,85,1239.0,1.2573738436105777
19700.0,90,1510.0,11.102941176470589,2.152828838763349,90,90,1510.0,0.07543526463156393,1.3384144940170952,2.152828838763349,90,1510.0,1.3384144940170952
19705.0,101,1893.0,13.618705035971223,1.9484635192153805,101,101,1893.0,0.06107661759653521,1.082834579796416,1.9484635192153805,101,1893.0,1.082834579796416
19710.0,105,2318.0,16.919708029197082,1.6829143015443242,105,105,2318.0,0.04256464297466111,0.77117517351731,1.6829143015443242,105,2318.0,0.77117517351731
19715.0,106,2601.0,18.985401459854014,1.68998949193349,106,106,2601.0,0.03972254893585105,0.7577794350649004,1.68998949193349,106,2601.0,0.7577794350649004
19720.0,102,2763.0,20.02173913043478,1.5775479733735744,102,102,2710.0,0.03723128960244925,0.7024683065086322,1.5775479733735744,102,2710.0,0.7024683065086322
19725.0,101,2952.0,21.705882352941178,1.7478230803184993,101,101,2952.0,0.053088471024446,0.9715852243830815,1.7478230803184993,101,2952.0,0.9715852243830815
19730.0,102,3166.0,22.776978417266186,1.7198604863657978,102,102,3166.0,0.04700674836386288,0.8708689765015694,1.7198604863657978,102,3166.0,0.8708689765015694
19735.0,108,3414.0,24.56115107913669,1.708983987959195,108,108,3409.0,0.040242539031479424,0.7669857245918092,1.708983987959195,108,3409.0,0.7669857245918092
19740.0,108,3678.0,26.652173913043477,1.6855894290572542,108,108,3678.0,0.044710255016706515,0.8464528558271156,1.6855894290572542,108,3678.0,0.8464528558271156
19745.0,111,3955.0,28.04964539007092,1.6285362974206214,111,111,3955.0,0.031400847718958576,0.6223923623778722,1.6285362974206214,111,3955.0,0.6223923623778722
19750.0,108,4001.0,28.992753623188406,1.5910811784047638,108,108,4001.0,0.038551057849758,0.7703765984677209,1.5910811784047638,108,4001.0,0.7703765984677209
19755.0,105,3873.0,27.863309352517987,1.6168357731291148,105,105,3799.0,0.044313294197725284,0.8273594990803527,1.6168357731291148,105,3799.0,0.8273594990803527
19760.0,100,3728.0,27.21167883211679,1.8934360379354676,100,100,3728.0,0.06370576110058972,1.1789734633587652,1.8934360379354676,100,3728.0,1.1789734633587652
19765.0,98,3553.0,25.934306569343065,1.845581758736199,98,98,3553.0,0.05614519415221285,1.06497164211575,1.845581758736199,98,3553.0,1.06497164211575
19770.0,98,3442.0,25.124087591240876,1.902824522776239,98,98,3436.0,0.05742036979334018,1.0778485766221333,1.902824522776239,98,3436.0,1.0778485766221333
19775.0,101,3536.0,26.0,1.9488963418472078,101,101,3536.0,0.05909262658932297,1.1267225309060833,1.9488963418472078,101,3536.0,1.1267225309060833
19780.0,106,3628.0,26.676470588235293,1.452675631735189,106,106,3628.0,0.03596235824434175,0.6981089353995552,1.452675631735189,106,3628.0,0.6981089353995552
19785.0,103,3695.0,27.37037037037037,1.6080999220106074,103,103,3682.0,0.04555680587188376,0.8286557648516951,1.6080999220106074,103,3682.0,0.8286557648516951
19790.0,98,3740.0,27.703703703703702,1.8185452787202263,98,98,3740.0,0.057258616169455066,1.0381214151223135,1.8185452787202263,98,3740.0,1.0381214151223135
19795.0,95,3768.0,28.119402985074625,1.9339307374147052,95,95,3768.0,0.06488469400208488,1.1484252784754017,1.9339307374147052,95,3768.0,1.1484252784754017
19800.0,90,3563.0,26.58955223880597,2.1217921630992915,90,90,3563.0,0.07484888199035038,1.3235106722179135,2.1217921630992915,90,3563.0,1.3235106722179135
19805.0,86,3196.0,23.5,2.1640134933104105,86,86,3128.0,0.07118092282134744,1.3116152851201557,2.1640134933104105,86,3128.0,1.3116152851201557
19810.0,82,2811.0,20.97761194029851,2.4272315912246456,82,82,2811.0,0.09123770971726035,1.6515037458294843,2.4272315912246456,82,2811.0,1.6515037458294843
19815.0,79,2421.0,18.067164179104477,2.3639275942970013,79,79,2421.0,0.08866598655955067,1.670875201058692,2.3639275942970013,79,2421.0,1.670875201058692
19820.0,84,2406.0,17.955223880597014,2.3530861780121377,84,84,2375.0,0.08360981812680238,1.576433606188328,2.3530861780121377,84,2375.0,1.576433606188328
19825.0,91,2415.0,17.62773722627737,2.2828293204346513,91,91,2415.0,0.08501444661783299,1.5408062397735134,2.2828293204346513,91,2415.0,1.5408062397735134
19830.0,91,2440.0,17.681159420289855,2.251084204044546,91,91,2440.0,0.06998646509579211,1.3492448699714317,2.251084204044546,91,2440.0,1.3492448699714317
19835.0,90,2364.0,17.007194244604317,2.3296802464699202,90,90,2364.0,0.06795061790888811,1.3144202565476852,2.3296802464699202,90,2364.0,1.3144202565476852
19840.0,89,2214.0,15.702127659574469,2.2811965439579707,89,89,2181.0,0.06642345756476196,1.2384401280953659,2.2811965439579707,89,2181.0,1.2384401280953659
19845.0,85,2083.0,14.77304964539007,2.6302607688098965,85,85,2083.0,0.08606713673678504,1.5683115341126799,2.6302607688098965,85,2083.0,1.5683115341126799
19850.0,86,1881.0,13.0625,2.469166133738777,86,86,1881.0,0.06860484791993189,1.292889014065766,2.469166133738777,86,1881.0,1.292889014065766
19855.0,88,1645.0,11.584507042253522,2.3749240049793583,88,88,1612.0,0.06376171323617655,1.249238449599761,2.3749240049793583,88,1612.0,1.249238449599761
19860.0,85,1618.0,11.557142857142857,2.4547748412922448,85,85,1618.0,0.07371809218036021,1.392644374780684,2.4547748412922448,85,1618.0,1.392644374780684
19865.0,87,1700.0,12.142857142857142,2.3699960171887104,87,87,1700.0,0.07336544879071558,1.385400737934302,2.3699960171887104,87,1700.0,1.385400737934302
19870.0,89,1738.0,12.503597122302159,2.2768944864021745,89,89,1738.0,0.07297072090965544,1.368406929173948,2.2768944864021745,89,1738.0,1.368406929173948
19875.0,93,1840.0,13.142857142857142,2.1328667982542053,93,93,1814.0,0.06625007465214083,1.2317574996393459,2.1328667982542053,93,1814.0,1.2317574996393459
19880.0,94,1957.0,13.978571428571428,2.3088522897266657,94,94,1957.0,0.07720376525530014,1.3982674996393372,2.3088522897266657,94,1957.0,1.3982674996393372
19885.0,93,1966.0,14.042857142857143,2.267368466610782,93,93,1966.0,0.06793602651406504,1.2785093733352844,2.267368466610782,93,1966.0,1.2785093733352844
19890.0,88,1887.0,13.478571428571428,2.5250231865417274,88,88,1854.0,0.07666174830004534,1.4229493826324624,2.5250231865417274,88,1854.0,1.4229493826324624
19895.0,83,1811.0,13.123188405797102,2.714266202347985,83,83,1811.0,0.09464861654513594,1.6879222792873254,2.714266202347985,83,1811.0,1.6879222792873254
19900.0,81,1689.0,12.23913043478261,2.5456906514251587,81,81,1689.0,0.0814057380068557,1.5344229451094427,2.5456906514251587,81,1689.0,1.5344229451094427
19905.0,81,1594.0,11.55072463768116,2.58144786652721,81,81,1566.0,0.0833842204197091,1.55800440952868,2.58144786652721,81,1566.0,1.55800440952868
19910.0,85,1621.0,11.57857142857143,2.468355810095741,85,85,1621.0,0.0821396532937484,1.4967119739638268,2.468355810095741,85,1621.0,1.4967119739638268
19915.0,87,1677.0,12.06474820143885,2.30260392308223,86,87,1676.0,0.0712084695431772,1.3523872482866537,2.30260392308223,86,1676.0,1.3523872482866537
19920.0,90,1714.0,12.33093525179856,2.114791828126734,90,90,1701.0,0.057510363724330486,1.0966134645346053,2.114791828126734,90,1701.0,1.0966134645346053
19925.0,89,1753.0,12.432624113475176,2.1701161009752488,89,89,1753.0,0.060312971014772405,1.1557202396536423,2.1701161009752488,89,1753.0,1.1557202396536423
19930.0,85,1694.0,12.364963503649635,2.0571339572766125,85,85,1694.0,0.0642018272823001,1.2430971881115862,2.0571339572766125,85,1694.0,1.2430971881115862
19935.0,84,1696.0,12.379562043795621,2.010379117361221,84,84,1657.0,0.06449227786546369,1.2448358155150068,2.010379117361221,84,1657.0,1.2448358155150068
19940.0,85,1710.0,12.481751824817518,2.2160337396389753,85,85,1710.0,0.07416073016487612,1.36571834952196,2.2160337396389753,85,1710.0,1.36571834952196
19945.0,85,1230.0,8.848920863309353,2.2863033963136945,85,85,1230.0,0.07632023488509669,1.4229305547185607,2.2863033963136945,85,1230.0,1.4229305547185607
19950.0,86,1248.0,8.97841726618705,2.2758788437546498,86,86,1028.0,0.07007170137032948,1.3138335371108996,2.2758788437546498,86,1028.0,1.3138335371108996
19955.0,91,1524.0,11.043478260869565,2.1873650840312546,91,91,1524.0,0.07166913988457432,1.3085936204243258,2.1873650840312546,91,1524.0,1.3085936204243258
19960.0,100,1894.0,13.72463768115942,1.6679243088758502,100,100,1894.0,0.04421564487744909,0.8522945683373739,1.6679243088758502,100,1894.0,0.8522945683373739
19965.0,106,2324.0,17.08823529411765,1.461112039230507,106,106,2311.0,0.04172624001160976,0.7676279077904471,1.461112039230507,106,2311.0,0.7676279077904471
19970.0,108,2774.0,20.10144927536232,1.479666846349327,108,108,2774.0,0.042807880035963364,0.7489329896575909,1.479666846349327,108,2774.0,0.7489329896575909
19975.0,107,3094.0,22.420289855072465,1.5145451671291146,107,107,3094.0,0.033862906861989825,0.6279593293912467,1.5145451671291146,107,3094.0,0.6279593293912467
19980.0,103,3338.0,24.725925925925925,1.6348625493890612,103,103,3294.0,0.04044178834143135,0.7578680075166521,1.6348625493890612,103,3294.0,0.7578680075166521
19985.0,104,3615.0,26.195652173913043,1.7641631603185652,104,104,3615.0,0.048967496239299545,0.8841333421232225,1.7641631603185652,104,3615.0,0.8841333421232225
19990.0,105,3874.0,27.8705035971223,1.8400154189528648,105,105,3874.0,0.04584537910264164,0.8487775148447592,1.8400154189528648,105,3874.0,0.8487775148447592
19995.0,108,4175.0,29.401408450704224,1.811408874492754,108,108,4149.0,0.04149273781728265,0.7351680437517588,1.811408874492754,108,4149.0,0.7351680437517588
20000.0,110,4494.0,31.64788732394366,1.8791571835083798,110,110,4494.0,0.04426884729606188,0.7990754511591596,1.8791571835083798,110,4494.0,0.7990754511591596
20005.0,109,4780.0,33.90070921985816,1.8316616901307863,109,109,4780.0,0.04260288943933196,0.7789832550694462,1.8316616901307863,109,4780.0,0.7789832550694462
20010.0,109,5093.0,36.905797101449274,1.6419972078776994,109,109,5075.0,0.04576712577158632,0.7950601980987179,1.6419972078776994,109,5075.0,0.7950601980987179
20015.0,109,5408.0,39.76470588235294,1.6228221387402935,109,109,5408.0,0.05171666465006664,0.9155363885749089,1.6228221387402935,109,5408.0,0.9155363885749089
20020.0,107,5628.0,41.08029197080292,1.4843171955293133,107,107,5628.0,0.03822630830000669,0.7171663900482161,1.4843171955293133,107,5628.0,0.7171663900482161
20025.0,104,5776.0,42.160583941605836,1.6871103168407109,104,104,5748.0,0.04517165597358246,0.8585623199032963,1.6871103168407109,104,5748.0,0.8585623199032963
20030.0,99,5901.0,43.07299270072993,1.7347971144916612,99,99,5901.0,0.052555895139091965,0.9735047422793364,1.7347971144916612,99,5901.0,0.9735047422793364
20035.0,96,5651.0,42.17164179104478,1.6761960866342405,96,96,5651.0,0.05165195254752727,0.9962847172423419,1.6761960866342405,96,5651.0,0.9962847172423419
20040.0,92,5190.0,39.31818181818182,1.7942893183927127,92,92,5072.0,0.058996278618250325,1.1176464090217868,1.7942893183927127,92,5072.0,1.1176464090217868
20045.0,94,4907.0,36.34814814814815,1.893081668520674,94,94,4907.0,0.06564419545629435,1.2086677733288984,1.893081668520674,94,4907.0,1.2086677733288984
20050.0,96,4602.0,33.59124087591241,1.9390875626644601,96,96,4602.0,0.062408346628491575,1.1740469135841722,1.9390875626644601,96,4602.0,1.1740469135841722
20055.0,99,4337.0,30.978571428571428,1.8733010783482493,99,99,4312.0,0.05109934425653136,0.9917076340349261,1.8733010783482493,99,4312.0,0.9917076340349261
20060.0,101,4087.0,29.402877697841728,1.8215600778632852,101,101,4087.0,0.055046876888469105,1.0767177306440336,1.8215600778632852,101,4087.0,1.0767177306440336
20065.0,101,3748.0,26.771428571428572,1.8051716050878206,101,101,3748.0,0.05030295458100542,0.9802424690906955,1.8051716050878206,101,3748.0,0.9802424690906955
20070.0,99,3481.0,24.864285714285714,1.9483878951886953,99,99,3443.0,0.06407683313512812,1.2048756609095241,1.9483878951886953,99,3443.0,1.2048756609095241
20075.0,99,3226.0,23.3768115942029,1.8345067177561463,99,99,3226.0,0.06430579716029626,1.1617988518559268,1.8345067177561463,99,3226.0,1.1617988518559268
20080.0,99,2841.0,20.292857142857144,1.6294293218310025,99,99,2841.0,0.04943220549819369,0.8913917479380215,1.6294293218310025,99,2841.0,0.8913917479380215
20085.0,95,2400.0,17.51824817518248,1.69204399350628,95,95,2357.0,0.05864625635776339,1.0623436960429014,1.69204399350628,95,2357.0,1.0623436960429014
20090.0,96,2199.0,15.707142857142857,1.9407218082748727,96,96,2199.0,0.06706590937846524,1.1907738759571176,1.9407218082748727,96,2199.0,1.1907738759571176
20095.0,97,2121.0,15.042553191489361,1.8358189328780594,97,97,2121.0,0.05388172431535385,1.0115167651530355,1.8358189328780594,97,2121.0,1.0115167651530355
20100.0,97,2141.0,15.292857142857143,1.9046748167478231,97,97,2098.0,0.059341562025437784,1.0921664805170421,1.9046748167478231,97,2098.0,1.0921664805170421
20105.0,100,2182.0,15.366197183098592,1.8140756648768788,100,100,2182.0,0.05824995715244941,1.0298315567224205,1.8140756648768788,100,2182.0,1.0298315567224205
20110.0,98,2182.0,15.47517730496454,1.9056249312215967,98,98,2182.0,0.059773806022909486,1.1093614699317131,1.9056249312215967,98,2182.0,1.1093614699317131
20115.0,99,2225.0,15.55944055944056,1.9650284179870603,99,99,2198.0,0.05427945135424101,1.0066076486965525,1.9650284179870603,99,2198.0,1.0066076486965525
20120.0,99,2270.0,15.874125874125873,2.176809049488195,99,99,2270.0,0.06721492592960698,1.182460272283629,2.176809049488195,99,2270.0,1.182460272283629
20125.0,99,2221.0,15.317241379310344,2.2208633825974142,99,99,2221.0,0.05938882731884969,1.1120612696798957,2.2208633825974142,99,2221.0,1.1120612696798957
20130.0,93,2093.0,14.434482758620689,2.439872603724072,93,93,2065.0,0.06574025102279922,1.2369897023336631,2.439872603724072,93,2065.0,1.2369897023336631
20135.0,89,1944.0,13.787234042553191,2.5588880915698424,89,89,1944.0,0.08155279217678928,1.502424928670385,2.5588880915698424,89,1944.0,1.502424928670385
20140.0,85,1777.0,12.692857142857143,2.462722689065066,85,85,1777.0,0.07629047448106023,1.4359031266989297,2.462722689065066,85,1777.0,1.4359031266989297
20145.0,82,1555.0,11.268115942028986,2.5944743800048355,82,82,1555.0,0.08851018442307036,1.628370296575751,2.5944743800048355,82,1555.0,1.628370296575751
20150.0,84,1419.0,10.20863309352518,2.4004806420800464,84,84,1386.0,0.07285039341641669,1.339122197252669,2.4004806420800464,84,1386.0,1.339122197252669
20155.0,84,1333.0,9.589928057553957,2.5541967836039174,84,84,1333.0,0.08559313114567187,1.5499884004590991,2.5541967836039174,84,1333.0,1.5499884004590991
20160.0,85,1317.0,9.613138686131387,2.3565041356548244,85,85,1317.0,0.08324277176083276,1.5052821192128265,2.3565041356548244,85,1317.0,1.5052821192128265
20165.0,93,1438.0,10.198581560283689,2.169838804178725,93,93,1361.0,0.06680862425377418,1.2091106858511043,2.169838804178725,93,1361.0,1.2091106858511043
20170.0,96,1592.0,11.290780141843971,2.2981165825513923,96,96,1592.0,0.07117048475578323,1.2933728857483489,2.2981165825513923,96,1592.0,1.2933728857483489
20175.0,95,1655.0,11.573426573426573,2.2259731641122964,95,95,1655.0,0.05646097929916041,1.086054153508388,2.2259731641122964,95,1655.0,1.086054153508388
20180.0,90,1640.0,11.714285714285714,2.3973784469429114,90,90,1612.0,0.07308852053313822,1.389279959959999,2.3973784469429114,90,1612.0,1.389279959959999
20185.0,88,1604.0,11.457142857142857,2.566533371962574,88,88,1604.0,0.08685399114885178,1.649173720280317,2.566533371962574,88,1604.0,1.649173720280317
20190.0,83,1600.0,11.678832116788321,2.6884776864350317,83,83,1600.0,0.09389175646714866,1.798652694785354,2.6884776864350317,83,1600.0,1.798652694785354
20195.0,86,1534.0,11.362962962962962,2.4374840658392114,86,86,1534.0,0.08688279995093105,1.6485516284610058,2.4374840658392114,86,1534.0,1.6485516284610058
20200.0,90,1572.0,11.309352517985612,2.160630714550169,90,90,1570.0,0.06332970649053041,1.2258271897392234,2.160630714550169,90,1570.0,1.2258271897392234
20205.0,89,1730.0,12.53623188405797,2.184851184389466,89,89,1728.0,0.06960946928929528,1.315552855047229,2.184851184389466,89,1728.0,1.315552855047229
20210.0,95,1998.0,14.37410071942446,2.0486490004934215,95,95,1998.0,0.0625601255363043,1.1649340516520665,2.0486490004934215,95,1998.0,1.1649340516520665
20215.0,99,2264.0,16.405797101449274,1.837590800476541,99,99,2251.0,0.057780927762678326,1.0767780260691697,1.837590800476541,99,2251.0,1.0767780260691697
20220.0,98,2530.0,18.201438848920862,1.9885813932969376,98,98,2530.0,0.06255682945557396,1.1607238055362554,1.9885813932969376,98,2530.0,1.1607238055362554
20225.0,97,2746.0,19.338028169014084,2.062971916312426,96,97,2745.0,0.058005514641716695,1.1263939354296477,2.062971916312426,96,2745.0,1.1263939354296477
20230.0,95,2955.0,20.809859154929576,2.204029005957344,95,95,2942.0,0.06073972409080084,1.1581274334388223,2.204029005957344,95,2942.0,1.1581274334388223
20235.0,94,3219.0,22.829787234042552,2.168966493818933,94,94,3219.0,0.06998177720232017,1.268566929133852,2.168966493818933,94,3219.0,1.268566929133852
20240.0,95,3546.0,25.695652173913043,2.145084771100523,95,95,3546.0,0.07622160572093009,1.3700203064964591,2.145084771100523,95,3546.0,1.3700203064964591
20245.0,101,3900.0,27.659574468085108,2.0380563382263377,101,101,3900.0,0.0644998417811721,1.171450654690725,2.0380563382263377,101,3900.0,1.171450654690725
20250.0,100,4220.0,29.929078014184398,1.875369250636741,100,100,4202.0,0.058866908590330294,1.0620753391090567,1.875369250636741,100,4202.0,1.0620753391090567
20255.0,98,4537.0,31.950704225352112,2.211628548498384,98,98,4537.0,0.06978942656844513,1.2400086608874687,2.211628548498384,98,4537.0,1.2400086608874687
20260.0,96,4841.0,33.85314685314685,2.2329565284350497,96,96,4841.0,0.06917568631871508,1.244518533391919,2.2329565284350497,96,4841.0,1.244518533391919
20265.0,93,4819.0,33.6993006993007,2.3408406706515565,93,93,4819.0,0.07455594593068914,1.358982720807001,2.3408406706515565,93,4819.0,1.358982720807001
20270.0,93,4602.0,31.73793103448276,2.2306799741828978,93,93,4499.0,0.06245846102133777,1.1827795275590478,2.2306799741828978,93,4499.0,1.1827795275590478
20275.0,90,4421.0,30.916083916083917,2.4728893887099437,90,90,4421.0,0.07794787032755725,1.4790255075660057,2.4728893887099437,90,4421.0,1.4790255075660057
20280.0,91,4173.0,29.181818181818183,2.3049563240629087,91,91,4173.0,0.0655680594620572,1.2844593752865552,2.3049563240629087,91,4173.0,1.2844593752865552
20285.0,95,4001.0,27.033783783783782,2.4119002770116524,95,95,3968.0,0.06477790846877123,1.2815898437499798,2.4119002770116524,95,3968.0,1.2815898437499798
20290.0,97,3855.0,25.87248322147651,2.517506365707785,97,97,3855.0,0.06896570231058599,1.3145628424601865,2.517506365707785,97,3855.0,1.3145628424601865
20295.0,97,3625.0,24.166666666666668,2.3405843271100712,97,97,3625.0,0.05884041015932619,1.1221314653911043,2.3405843271100712,97,3625.0,1.1221314653911043
20300.0,94,3330.0,22.653061224489797,2.4653852371749596,94,94,3302.0,0.07203261638961472,1.3247833250595837,2.4653852371749596,94,3302.0,1.3247833250595837
20305.0,90,3012.0,21.062937062937063,2.541843047874112,90,90,3012.0,0.08893220787182213,1.614628441031591,2.541843047874112,90,3012.0,1.614628441031591
20310.0,86,2623.0,18.471830985915492,2.489433352669797,86,86,2623.0,0.07998841568030489,1.5407307853915844,2.489433352669797,86,2623.0,1.5407307853915844
20315.0,86,2228.0,15.690140845070422,2.526194089919202,86,86,2200.0,0.08080795259469964,1.539845860074917,2.526194089919202,86,2200.0,1.539845860074917
20320.0,89,1837.0,12.93661971830986,2.2507307762241413,89,89,1837.0,0.07306430164917224,1.3468527410772222,2.2507307762241413,89,1837.0,1.3468527410772222
20325.0,85,1474.0,10.380281690140846,2.2815095879068807,85,85,1474.0,0.07121428694050863,1.352272505348564,2.2815095879068807,85,1474.0,1.352272505348564
20330.0,87,1421.0,9.937062937062937,2.2520582429053415,87,87,1395.0,0.06823385643337515,1.2816927298143603,2.2520582429053415,87,1395.0,1.2816927298143603
20335.0,94,1578.0,11.112676056338028,2.146847229853459,94,94,1578.0,0.06904811161539436,1.2598729011986942,2.146847229853459,94,1578.0,1.2598729011986942
20340.0,99,1523.0,10.50344827586207,2.0070306839775025,99,99,1523.0,0.056906881804622306,1.0560842336419305,2.0070306839775025,99,1523.0,1.0560842336419305
20345.0,102,1722.0,11.635135135135135,2.0227605584512527,102,102,1585.0,0.051925222883259556,0.950066165858606,2.0227605584512527,102,1585.0,0.950066165858606
20350.0,104,1937.0,13.087837837837839,2.1081355170647518,104,104,1937.0,0.055302653750388286,1.0299123197047606,2.1081355170647518,104,1937.0,1.0299123197047606
20355.0,103,2169.0,14.46,2.1328446554718736,103,103,2169.0,0.04759595839794433,0.945424242567376,2.1328446554718736,103,2169.0,0.945424242567376
20360.0,105,2471.0,17.15972222222222,2.0178093299684687,105,105,2464.0,0.05623583999662813,1.0611974314630046,2.0178093299684687,105,2464.0,1.0611974314630046
20365.0,111,2861.0,20.006993006993007,1.7664985828743782,111,111,2861.0,0.05592246719264525,1.0068503787878873,1.7664985828743782,111,2861.0,1.0068503787878873
20370.0,112,3091.0,21.615384615384617,1.6188634725022757,112,112,3091.0,0.044792182212096916,0.8790580458730525,1.6188634725022757,112,3091.0,0.8790580458730525
20375.0,109,3245.0,23.01418439716312,1.533020015963221,109,109,3187.0,0.048071720484481086,0.9116242700595196,1.533020015963221,109,3187.0,0.9116242700595196
20380.0,113,3499.0,24.29861111111111,1.5324758724076755,113,113,3499.0,0.047446712740656705,0.8243912692397679,1.5324758724076755,113,3499.0,0.8243912692397679
20385.0,113,3588.0,24.744827586206895,1.5672842561367126,113,113,3588.0,0.04007319435449892,0.7368410280383372,1.5672842561367126,113,3588.0,0.7368410280383372
20390.0,111,3543.0,24.604166666666668,1.4146131267288642,111,111,3485.0,0.03634177170758618,0.6689958764021641,1.4146131267288642,111,3485.0,0.6689958764021641
20395.0,106,3483.0,24.356643356643357,1.7102220998819433,106,106,3483.0,0.053057852007392034,0.9722557424103141,1.7102220998819433,106,3483.0,0.9722557424103141
20400.0,103,3376.0,23.94326241134752,1.6771282956357967,103,103,3376.0,0.05317874347826159,0.9961657294331668,1.6771282956357967,103,3376.0,0.9961657294331668
20405.0,103,3291.0,22.854166666666668,1.7788529980056518,103,103,3274.0,0.04997500575194684,0.9573034794421863,1.7788529980056518,103,3274.0,0.9573034794421863
20410.0,104,3210.0,22.291666666666668,1.9071550428482018,104,104,3210.0,0.05581985893529853,1.0494573255960329,1.9071550428482018,104,3210.0,1.0494573255960329
20415.0,102,3035.0,20.93103448275862,1.8285073508534235,102,102,3035.0,0.04818853282869924,0.9078468653062954,1.8285073508534235,102,3035.0,0.9078468653062954
20420.0,98,2785.0,19.475524475524477,2.018610030997378,98,98,2757.0,0.062447640458009046,1.156738338174506,2.018610030997378,98,2757.0,1.156738338174506
20425.0,94,2510.0,17.430555555555557,2.2647149857546434,94,94,2510.0,0.07461369553352722,1.3713643694570357,2.2647149857546434,94,2510.0,1.3713643694570357
20430.0,89,2126.0,14.971830985915492,2.234509011398281,89,89,2126.0,0.07120868433618921,1.3404847254556878,2.234509011398281,89,2126.0,1.3404847254556878
20435.0,85,1740.0,12.340425531914894,2.4289176636521392,85,85,1712.0,0.08020655990091129,1.4888537583653618,2.4289176636521392,85,1712.0,1.4888537583653618
20440.0,87,1568.0,11.04225352112676,2.326954267697088,87,87,1568.0,0.07520935395962153,1.3867597547002137,2.326954267697088,87,1568.0,1.3867597547002137
20445.0,87,1353.0,9.595744680851064,2.1775771500226253,87,87,1353.0,0.06826734555934039,1.2999165950377423,2.1775771500226253,87,1353.0,1.2999165950377423
20450.0,89,1309.0,9.153846153846153,2.254600144592642,89,89,1283.0,0.0679110805841117,1.262892651976656,2.254600144592642,89,1283.0,1.262892651976656
20455.0,96,1474.0,10.528571428571428,1.952511909674485,96,96,1474.0,0.06640153841078235,1.1923071433781134,1.952511909674485,96,1474.0,1.1923071433781134
20460.0,98,1622.0,11.50354609929078,1.9497419202850665,98,98,1622.0,0.05423552377457242,1.039753651676919,1.9497419202850665,98,1622.0,1.039753651676919
20465.0,95,1726.0,12.06993006993007,2.0153266397681553,95,95,1713.0,0.05503147507413056,1.0685761828956706,2.0153266397681553,95,1713.0,1.0685761828956706
20470.0,92,1817.0,12.618055555555555,2.3550459209777066,92,92,1817.0,0.072925470217832,1.365139830525182,2.3550459209777066,92,1817.0,1.365139830525182
20475.0,90,1887.0,13.013793103448275,2.2837229943178037,90,90,1887.0,0.06459705562851605,1.2512389392715986,2.2837229943178037,90,1887.0,1.2512389392715986
20480.0,92,2021.0,14.132867132867133,2.3924323281325846,92,92,2015.0,0.07164857108896407,1.3844147003244085,2.3924323281325846,92,2015.0,1.3844147003244085
20485.0,97,2271.0,15.992957746478874,2.229172201163353,97,97,2271.0,0.06764002226023366,1.2765654952287426,2.229172201163353,97,2271.0,1.2765654952287426
20490.0,100,2385.0,16.795774647887324,2.0260546751174116,100,100,2385.0,0.058482844131353406,1.150589369616222,2.0260546751174116,100,2385.0,1.150589369616222
20495.0,102,2726.0,19.333333333333332,1.9071435432428847,102,102,2619.0,0.058196695828991396,1.1009145194380012,1.9071435432428847,102,2619.0,1.1009145194380012
20500.0,110,3184.0,22.265734265734267,1.6206719063862316,110,110,3184.0,0.04775494708405303,0.8363482434999754,1.6206719063862316,110,3184.0,0.8363482434999754
20505.0,112,3582.0,25.225352112676056,1.455465954306589,112,112,3582.0,0.0374370052811089,0.6821016780153328,1.455465954306589,112,3582.0,0.6821016780153328
20510.0,108,3906.0,27.125,1.6260669276832218,108,108,3878.0,0.04310591100920993,0.7776686685039256,1.6260669276832218,108,3878.0,0.7776686685039256
20515.0,105,4213.0,29.669014084507044,1.7744985656310432,105,105,4213.0,0.05678204077879562,1.0033901101250207,1.7744985656310432,105,4213.0,1.0033901101250207
20520.0,104,4511.0,32.22142857142857,1.702318456187494,104,104,4511.0,0.05380604937851413,0.9996382804661696,1.702318456187494,104,4511.0,0.9996382804661696
20525.0,108,4874.0,34.08391608391609,1.633449659192345,108,108,4874.0,0.04168497442095505,0.8070979676819086,1.633449659192345,108,4874.0,0.8070979676819086
20530.0,113,5279.0,37.43971631205674,1.4907336103269673,113,113,5279.0,0.03802613617666182,0.7455595061434552,1.4907336103269673,113,5279.0,0.7455595061434552
20535.0,113,5633.0,39.95035460992908,1.3481861103477397,113,113,5633.0,0.03249423230269101,0.6448277588799408,1.3481861103477397,113,5633.0,0.6448277588799408
20540.0,113,6048.0,43.2,1.4132422868656545,113,113,6015.0,0.04427743996320726,0.8414117998662081,1.4132422868656545,113,6015.0,0.8414117998662081
20545.0,115,6463.0,45.836879432624116,1.4579815163189025,115,115,6463.0,0.047109526469848104,0.8490984848484867,1.4579815163189025,115,6463.0,0.8490984848484867
20550.0,114,6881.0,48.801418439716315,1.4655677617652778,114,114,6881.0,0.0411582980203587,0.7958033308879208,1.4655677617652778,114,6881.0,0.7958033308879208
20555.0,112,6921.0,49.79136690647482,1.4672762119253697,112,112,6921.0,0.03775083376210692,0.7594602007610354,1.4672762119253697,112,6921.0,0.7594602007610354
20560.0,109,6695.0,47.4822695035461,1.4584815935807618,109,109,6572.0,0.0378292414745729,0.7383321079921169,1.4584815935807618,109,6572.0,0.7383321079921169
20565.0,104,6484.0,46.64748201438849,1.656957561702033,104,104,6484.0,0.053132572608831335,1.008195147588954,1.656957561702033,104,6484.0,1.008195147588954
20570.0,104,6229.0,44.49285714285714,1.5255726421877427,104,104,6229.0,0.04017597191940551,0.8184045920795668,1.5255726421877427,104,6229.0,0.8184045920795668
20575.0,105,5879.0,42.60144927536232,1.5524806860599203,105,105,5831.0,0.04196987785212036,0.8412642785674688,1.5524806860599203,105,5831.0,0.8412642785674688
20580.0,101,5519.0,39.992753623188406,1.800225580505645,101,101,5519.0,0.05398273401815425,1.0031949362949037,1.800225580505645,101,5519.0,1.0031949362949037
20585.0,98,5102.0,36.44285714285714,1.798723722236744,98,98,5102.0,0.05432866485893826,1.019052250898707,1.798723722236744,98,5102.0,1.019052250898707
20590.0,98,4717.0,33.69285714285714,2.016312125449727,98,98,4695.0,0.05680904083194916,1.0865720410046582,2.016312125449727,98,4695.0,1.0865720410046582
20595.0,99,4333.0,30.73049645390071,2.0093389958149435,99,99,4333.0,0.05967714647047185,1.103839895013121,2.0093389958149435,99,4333.0,1.103839895013121
20600.0,96,3857.0,27.55,2.0636374087360854,96,96,3857.0,0.06254688638519355,1.1699497085788617,2.0636374087360854,96,3857.0,1.1699497085788617
20605.0,94,3299.0,23.564285714285713,2.073495075055652,94,94,3271.0,0.06387773057622266,1.1471350192170824,2.073495075055652,94,3271.0,1.1471350192170824
20610.0,88,2723.0,19.45,2.4549558104546567,88,88,2723.0,0.0787462572271491,1.4294060611334964,2.4549558104546567,88,2723.0,1.4294060611334964
20615.0,84,2036.0,14.753623188405797,2.4618251167725513,84,84,2036.0,0.07480853425000054,1.4321321276420662,2.4618251167725513,84,2036.0,1.4321321276420662
20620.0,80,1415.0,10.253623188405797,2.3937298817940706,80,80,1387.0,0.07171953738962722,1.3832421825204795,2.3937298817940706,80,1387.0,1.3832421825204795
20625.0,82,1275.0,9.306569343065693,2.497216258309989,82,82,1275.0,0.08336993317865196,1.529433281308132,2.497216258309989,82,1275.0,1.529433281308132
20630.0,84,1193.0,8.460992907801419,2.3273028550620287,84,84,1193.0,0.06644749967357559,1.2474055316817902,2.3273028550620287,84,1193.0,1.2474055316817902
20635.0,89,1318.0,9.414285714285715,2.3520681520717144,89,89,1299.0,0.0685783947162128,1.2718523541203162,2.3520681520717144,89,1299.0,1.2718523541203162
20640.0,96,1483.0,10.746376811594203,2.0881843745124513,96,96,1483.0,0.06258028252920293,1.1218366845695775,2.0881843745124513,96,1483.0,1.1218366845695775
20645.0,97,1581.0,11.456521739130435,1.8278637680309273,97,97,1581.0,0.04785463250380406,0.8921395067465595,1.8278637680309273,97,1581.0,0.8921395067465595
20650.0,91,1596.0,11.565217391304348,2.1787824204815376,91,91,1568.0,0.06388313388311641,1.197830563657126,2.1787824204815376,91,1568.0,1.197830563657126
20655.0,86,1586.0,11.410071942446043,2.372091125509247,86,86,1586.0,0.07617938146316115,1.4356249884057453,2.372091125509247,86,1586.0,1.4356249884057453
20660.0,83,1472.0,10.589928057553957,2.4399715427181747,83,83,1472.0,0.07345514715465555,1.4567733552478632,2.4399715427181747,83,1472.0,1.4567733552478632
20665.0,82,1328.0,9.693430656934307,2.3450565914553647,82,82,1300.0,0.07900483459369055,1.499396608353548,2.3450565914553647,82,1300.0,1.499396608353548
20670.0,81,1282.0,9.426470588235293,2.509784650952696,81,81,1282.0,0.09032015511972354,1.6980210004064227,2.509784650952696,81,1282.0,1.6980210004064227
20675.0,83,1278.0,9.26086956521739,2.3808861379190023,83,83,1278.0,0.0742916580328156,1.4286752533047862,2.3808861379190023,83,1278.0,1.4286752533047862
20680.0,90,1411.0,10.151079136690647,2.1188153881785508,90,90,1396.0,0.06383551094597667,1.1638433736264273,2.1188153881785508,90,1396.0,1.1638433736264273
20685.0,97,1581.0,11.37410071942446,2.0448287270338974,97,97,1581.0,0.060079604292140154,1.0646833464197651,2.0448287270338974,97,1581.0,1.0646833464197651
20690.0,95,1675.0,11.964285714285714,1.9795266179631414,95,95,1675.0,0.047684870901179205,0.9018844312515738,1.9795266179631414,95,1675.0,0.9018844312515738
20695.0,92,1694.0,12.27536231884058,2.0977398368277673,92,92,1666.0,0.05778779860815092,1.0992255277406118,2.0977398368277673,92,1666.0,1.0992255277406118
20700.0,87,1689.0,12.419117647058824,2.254292894443381,87,87,1689.0,0.07226294059615423,1.3705583620967845,2.254292894443381,87,1689.0,1.3705583620967845
20705.0,84,1577.0,11.345323741007194,2.23811521238503,84,84,1577.0,0.06660383620462879,1.258395219117106,2.23811521238503,84,1577.0,1.258395219117106
20710.0,80,1436.0,10.558823529411764,2.4590395328285433,80,80,1408.0,0.08036609343968223,1.5224097592409136,2.4590395328285433,80,1408.0,1.5224097592409136
20715.0,81,1389.0,10.065217391304348,2.557661551008014,81,81,1389.0,0.08651942673643609,1.6303850583618495,2.557661551008014,81,1389.0,1.6303850583618495
20720.0,84,1411.0,10.151079136690647,2.4766555383782682,84,84,1411.0,0.0776534249704135,1.5038952630809168,2.4766555383782682,84,1411.0,1.5038952630809168
20725.0,91,1546.0,11.202898550724637,2.2295393432607216,91,91,1522.0,0.06927482838553749,1.3086512116709748,2.2295393432607216,91,1522.0,1.3086512116709748
20730.0,96,1715.0,12.338129496402878,2.19545537010582,96,96,1715.0,0.06814873564653907,1.2729030920040525,2.19545537010582,96,1715.0,1.2729030920040525
20735.0,94,1849.0,13.496350364963504,2.095125284011674,94,94,1849.0,0.05845787463230251,1.1435137371148885,2.095125284011674,94,1849.0,1.1435137371148885
20740.0,92,1936.0,14.028985507246377,2.051263151607949,92,92,1923.0,0.05605375353600238,1.0518864857862167,2.051263151607949,92,1923.0,1.0518864857862167
20745.0,87,2006.0,14.642335766423358,2.3577022284135496,87,87,2006.0,0.07678454886069941,1.388213424194295,2.3577022284135496,87,2006.0,1.388213424194295
20750.0,84,2047.0,14.941605839416058,2.1623168089794147,84,84,2047.0,0.06553886686858373,1.2228599406349117,2.1623168089794147,84,2047.0,1.2228599406349117
20755.0,86,2151.0,15.933333333333334,2.193461607451235,86,86,2144.0,0.07097472633394879,1.3198741913251217,2.193461607451235,86,2144.0,1.3198741913251217
20760.0,91,2380.0,17.5,2.189950401919207,91,91,2380.0,0.06898026783553184,1.2778301425145167,2.189950401919207,91,2380.0,1.2778301425145167
20765.0,97,2334.0,16.79136690647482,1.884833761973156,97,97,2334.0,0.051501744123600486,0.959236003340176,1.884833761973156,97,2334.0,0.959236003340176
20770.0,102,2726.0,19.8978102189781,1.7209140644364391,102,102,2524.0,0.05121649843699589,0.9271673153394755,1.7209140644364391,102,2524.0,0.9271673153394755
20775.0,106,3175.0,22.678571428571427,1.715533624562717,106,106,3175.0,0.05074164555805735,0.9035087274642075,1.715533624562717,106,3175.0,0.9035087274642075
20780.0,106,3410.0,24.71014492753623,1.685077472623025,106,106,3410.0,0.05049787426109881,0.8901035261180206,1.685077472623025,106,3410.0,0.8901035261180206
20785.0,103,3475.0,25.181159420289855,1.7592876943762532,103,103,3402.0,0.0562959669372311,0.990240463960244,1.7592876943762532,103,3402.0,0.990240463960244
20790.0,99,3556.0,25.768115942028984,2.05263401371158,99,99,3556.0,0.06619126442607072,1.1350987029853525,2.05263401371158,99,3556.0,1.1350987029853525
20795.0,99,3541.0,25.846715328467152,2.063654224752797,99,99,3541.0,0.060451766103688236,1.0585630134193893,2.063654224752797,99,3541.0,1.0585630134193893
20800.0,99,3436.0,25.264705882352942,1.8691677526127577,99,99,3393.0,0.052764023536510614,0.9301797518515319,1.8691677526127577,99,3393.0,0.9301797518515319
20805.0,96,3322.0,24.607407407407408,2.018588538493779,96,96,3322.0,0.061609005741741066,1.0791177652018522,2.018588538493779,96,3322.0,1.0791177652018522
20810.0,92,3129.0,23.177777777777777,1.976628957484493,92,92,3129.0,0.06027694207940914,1.082672127487136,1.976628957484493,92,3129.0,1.082672127487136
20815.0,92,2986.0,22.118518518518517,2.1048222785428514,92,92,2959.0,0.058608317978047254,1.0496176699784832,2.1048222785428514,92,2959.0,1.0496176699784832
20820.0,92,2846.0,21.398496240601503,2.1590722714152926,92,92,2846.0,0.06685480422106962,1.2065588464490757,2.1590722714152926,92,2846.0,1.2065588464490757
20825.0,91,2612.0,19.205882352941178,2.0826072904631157,91,91,2612.0,0.052816517331243686,1.0079916164679619,2.0826072904631157,91,2612.0,1.0079916164679619
20830.0,86,2302.0,17.05185185185185,2.3458705263874897,86,86,2274.0,0.06898456818352362,1.2833618629566472,2.3458705263874897,86,2274.0,1.2833618629566472
20835.0,81,1967.0,14.67910447761194,2.4068033897153267,81,81,1967.0,0.08268652581012756,1.5031726364682212,2.4068033897153267,81,1967.0,1.5031726364682212
20840.0,78,1527.0,11.568181818181818,2.389401289802467,78,78,1527.0,0.07911432511598149,1.4983197202774072,2.389401289802467,78,1527.0,1.4983197202774072
20845.0,76,1104.0,8.238805970149254,2.655577301568826,76,76,1076.0,0.09073640636328777,1.6811144938476863,2.655577301568826,76,1076.0,1.6811144938476863
20850.0,77,1115.0,8.446969696969697,2.60056244979099,77,77,1115.0,0.09697063005502243,1.7191337738007928,2.60056244979099,77,1115.0,1.7191337738007928
20855.0,82,1214.0,9.12781954887218,2.60923553916804,82,82,1214.0,0.09151659566726718,1.6599283044156776,2.60923553916804,82,1214.0,1.6599283044156776
20860.0,85,1269.0,9.4,2.294089028619694,85,85,1269.0,0.06728474252090905,1.2928654786722042,2.294089028619694,85,1269.0,1.2928654786722042
20865.0,88,1402.0,10.462686567164178,2.2305691578907565,88,88,1346.0,0.07074218765646818,1.3262402885544682,2.2305691578907565,88,1346.0,1.3262402885544682
20870.0,89,1547.0,11.375,2.2370840723458474,89,89,1547.0,0.0693287442365476,1.280701508253631,2.2370840723458474,89,1547.0,1.280701508253631
20875.0,88,1588.0,11.762962962962963,2.3056139830352818,88,88,1588.0,0.061791829027691716,1.206273114615386,2.3056139830352818,88,1588.0,1.206273114615386
20880.0,83,1538.0,11.477611940298507,2.4130151351869005,83,83,1505.0,0.07100817286838865,1.322207048087421,2.4130151351869005,83,1505.0,1.322207048087421
20885.0,80,1471.0,11.06015037593985,2.441253306504934,80,80,1471.0,0.0840631606241838,1.548718277652216,2.441253306504934,80,1471.0,1.548718277652216
20890.0,76,1438.0,10.977099236641221,2.7351974056910966,76,76,1438.0,0.09938755579888892,1.8288434257106867,2.7351974056910966,76,1438.0,1.8288434257106867
20895.0,80,1522.0,11.443609022556391,2.632833144198188,80,80,1522.0,0.09419415642578503,1.7306254527637241,2.632833144198188,80,1522.0,1.7306254527637241
20900.0,85,1586.0,11.835820895522389,2.550418414755387,85,85,1553.0,0.08688889043560376,1.5728135452138472,2.550418414755387,85,1553.0,1.5728135452138472
20905.0,88,1661.0,12.124087591240876,2.552326465661623,88,88,1661.0,0.08053449158228027,1.4697614785699673,2.552326465661623,88,1661.0,1.4697614785699673
20910.0,84,1519.0,11.169117647058824,2.5744643100387963,84,84,1519.0,0.07839780037136294,1.492630647030046,2.5744643100387963,84,1519.0,1.492630647030046
20915.0,81,1429.0,10.664179104477611,2.618492592498981,81,81,1348.0,0.08084795416062274,1.4951909814520299,2.618492592498981,81,1348.0,1.4951909814520299
20920.0,82,1486.0,11.34351145038168,2.504022746913496,82,82,1486.0,0.08747189473267623,1.5633650550682616,2.504022746913496,82,1486.0,1.5633650550682616
20925.0,83,1503.0,11.473282442748092,2.400978870406809,83,83,1503.0,0.07441438590126716,1.3590919495794391,2.400978870406809,83,1503.0,1.3590919495794391
20930.0,79,1483.0,11.234848484848484,2.47170687859182,79,79,1470.0,0.0723576529658381,1.3738206371393902,2.47170687859182,79,1470.0,1.3738206371393902
20935.0,75,1445.0,11.030534351145038,2.7384177821603615,75,75,1445.0,0.0889742602421431,1.660513063116325,2.7384177821603615,75,1445.0,1.660513063116325
20940.0,72,1399.0,10.679389312977099,2.7716927753513567,72,72,1399.0,0.08224410074295396,1.585539806386257,2.7716927753513567,72,1399.0,1.585539806386257
20945.0,77,1614.0,12.135338345864662,2.786506338024386,77,77,1601.0,0.08739885600305723,1.6090234260859333,2.786506338024386,77,1601.0,1.6090234260859333
20950.0,88,1954.0,14.916030534351146,2.4732479591919203,88,88,1954.0,0.07548256517955786,1.3515466124068254,2.4732479591919203,88,1954.0,1.3515466124068254
20955.0,94,2334.0,17.81679389312977,2.144029903753366,94,94,2334.0,0.06035934614578307,1.0886845912057816,2.144029903753366,94,2334.0,1.0886845912057816
20960.0,94,2687.0,20.356060606060606,2.1555902258726256,94,94,2687.0,0.049133776039096515,0.9631156871870952,2.1555902258726256,94,2687.0,0.9631156871870952
20965.0,98,3087.0,23.210526315789473,2.173117442472895,98,98,3085.0,0.04975471963118315,0.993321332443205,2.173117442472895,98,3085.0,0.993321332443205
20970.0,100,3507.0,26.171641791044777,2.1598882553965058,100,100,3507.0,0.04810311499956049,0.955120588538714,2.1598882553965058,100,3507.0,0.955120588538714
20975.0,105,4016.0,30.424242424242426,1.8926963820185376,105,105,4016.0,0.038966518868653356,0.7835795813659284,1.8926963820185376,105,4016.0,0.7835795813659284
20980.0,111,4557.0,34.52272727272727,1.5122073962810358,111,111,4554.0,0.02532430795768729,0.4947599056236754,1.5122073962810358,111,4554.0,0.4947599056236754
20985.0,112,5117.0,39.666666666666664,1.4097550560189063,112,112,5117.0,0.026497068022137502,0.5363135593220355,1.4097550560189063,112,5117.0,0.5363135593220355
20990.0,113,5670.0,44.296875,1.112230039584482,113,113,5670.0,0.020350574023873233,0.4158332018582432,1.112230039584482,113,5670.0,0.4158332018582432
20995.0,113,6234.0,48.703125,1.2321152855130517,113,113,6228.0,0.02841813043768257,0.5346965226210658,1.2321152855130517,113,6228.0,0.5346965226210658
21000.0,114,6800.0,53.54330708661417,1.0477940045922403,114,114,6800.0,0.02277779946436345,0.4215296436830914,1.0477940045922403,114,6800.0,0.4215296436830914
21005.0,115,7373.0,57.6015625,0.9714049687376013,115,115,7373.0,0.022698684213934207,0.43260405808740615,0.9714049687376013,115,7373.0,0.43260405808740615
21010.0,113,7921.0,63.368,0.8524647885891691,113,113,7921.0,0.026410473335362627,0.5006896474603583,0.8524647885891691,113,7921.0,0.5006896474603583
21015.0,114,8491.0,66.85826771653544,0.9419593178218868,114,114,8477.0,0.03305947970032571,0.6143602651863351,0.9419593178218868,114,8477.0,0.6143602651863351
21020.0,114,9061.0,71.91269841269842,0.9307423377467555,114,114,9061.0,0.03563551228582561,0.6561739089942127,0.9307423377467555,114,9061.0,0.6561739089942127
21025.0,117,9636.0,75.28125,0.971270824509274,117,117,9636.0,0.03270774059560032,0.6013184175348155,0.971270824509274,117,9636.0,0.6013184175348155
21030.0,116,10214.0,79.796875,1.0855451383886332,116,116,10214.0,0.031016028582616186,0.5889455697783506,1.0855451383886332,116,10214.0,0.5889455697783506
21035.0,117,10797.0,85.69047619047619,0.9272823825370463,117,117,10797.0,0.029970524964930818,0.5671822230138812,0.9272823825370463,117,10797.0,0.5671822230138812
21040.0,115,10943.0,85.4921875,0.840996737862008,115,115,10943.0,0.02103217191653279,0.39548087369355484,0.840996737862008,115,10943.0,0.39548087369355484
21045.0,111,10780.0,84.88188976377953,0.9443843725807193,111,111,10637.0,0.03080742166150936,0.5725300540214204,0.9443843725807193,111,10637.0,0.5725300540214204
21050.0,106,10595.0,82.13178294573643,1.2855338669724972,106,106,10595.0,0.045884756586804056,0.8360533000851093,1.2855338669724972,106,10595.0,0.8360533000851093
21055.0,102,10044.0,77.86046511627907,1.3409098536474757,102,102,10044.0,0.0395710367017144,0.7515350808890993,1.3409098536474757,102,10044.0,0.7515350808890993
21060.0,98,9244.0,72.21875,1.488120332223901,98,98,9131.0,0.04532594360517607,0.856744757625572,1.488120332223901,98,9131.0,0.856744757625572
21065.0,94,8423.0,64.79230769230769,1.7591226670637958,94,94,8423.0,0.06248329893069829,1.1370019737227726,1.7591226670637958,94,8423.0,1.1370019737227726
21070.0,93,7588.0,58.36923076923077,1.8354569966311076,93,93,7588.0,0.0628165468087268,1.130027437433326,1.8354569966311076,93,7588.0,1.130027437433326
21075.0,94,6755.0,51.56488549618321,1.8313980324629016,94,94,6755.0,0.057244249016594875,1.0181111934367537,1.8313980324629016,94,6755.0,1.0181111934367537
21080.0,95,5927.0,45.2442748091603,1.904218078238478,95,95,5927.0,0.05804630851185948,1.0581111934367546,1.904218078238478,95,5927.0,1.0581111934367546
21085.0,94,4963.0,37.31578947368421,2.0205589881431267,94,94,4963.0,0.06363833427142257,1.1675131450820748,2.0205589881431267,94,4963.0,1.1675131450820748
21090.0,91,4078.0,30.893939393939394,2.0275548419615435,91,91,4025.0,0.06776414511918061,1.2310400437410527,2.0275548419615435,91,4025.0,1.2310400437410527
21095.0,91,3233.0,24.869230769230768,2.0602173136805497,91,91,3233.0,0.07767184108613333,1.3630949196324664,2.0602173136805497,91,3233.0,1.3630949196324664
21100.0,92,2500.0,18.939393939393938,1.8274996979714906,92,92,2500.0,0.06055682285031135,1.071723787539643,1.8274996979714906,92,2500.0,1.071723787539643
21105.0,95,2205.0,16.83206106870229,1.8002600428186044,95,95,2205.0,0.05258504069420023,1.0020315475623693,1.8002600428186044,95,2205.0,1.0020315475623693
21110.0,103,2679.0,20.767441860465116,1.4778506886629865,103,103,2679.0,0.04432157401131087,0.8592693227640112,1.4778506886629865,103,2679.0,0.8592693227640112
21115.0,111,3191.0,24.546153846153846,1.0923429631557464,111,111,3191.0,0.03180050552288023,0.603359135238078,1.0923429631557464,111,3191.0,0.603359135238078
21120.0,115,3758.0,28.907692307692308,1.0026164758136042,115,115,3745.0,0.02906704203824631,0.5006425967439349,1.0026164758136042,115,3745.0,0.5006425967439349
21125.0,117,4338.0,32.37313432835821,1.0869981330200955,117,117,4338.0,0.03512403238640446,0.5806514355211989,1.0869981330200955,117,4338.0,0.5806514355211989
21130.0,116,4746.0,35.417910447761194,1.1616153003678666,116,116,4746.0,0.027134591627191708,0.5251798039996547,1.1616153003678666,116,4746.0,0.5251798039996547
21135.0,111,5011.0,36.845588235294116,1.3708289050471523,111,111,4953.0,0.03482411472395329,0.6630474113556075,1.3708289050471523,111,4953.0,0.6630474113556075
21140.0,108,5258.0,38.661764705882355,1.6635052647840538,108,108,5258.0,0.04904522660369025,0.9100236379343077,1.6635052647840538,108,5258.0,0.9100236379343077
21145.0,107,5479.0,40.286764705882355,1.674980006433372,107,107,5479.0,0.05095791772460165,0.9970043619392123,1.674980006433372,107,5479.0,0.9970043619392123
21150.0,106,5705.0,41.9485294117647,1.7076088422942581,106,106,5700.0,0.0468228711786694,0.9051018587256524,1.7076088422942581,106,5700.0,0.9051018587256524
21155.0,106,5935.0,44.62406015037594,1.6171445032802108,106,106,5935.0,0.046801469997185534,0.9293020033301302,1.6171445032802108,106,5935.0,0.9293020033301302
21160.0,106,6165.0,46.007462686567166,1.481427924693609,106,106,6165.0,0.04140343885141648,0.7812104507898838,1.481427924693609,106,6165.0,0.7812104507898838
21165.0,107,6400.0,47.76119402985075,1.536741819218541,107,107,6400.0,0.04097674104663893,0.7652844291012427,1.536741819218541,107,6400.0,0.7652844291012427
21170.0,107,6635.0,48.786764705882355,1.5013550351795515,107,107,6635.0,0.03348428866383098,0.6514209565003979,1.5013550351795515,107,6635.0,0.6514209565003979
21175.0,108,6873.0,50.536764705882355,1.5540658064721367,108,108,6873.0,0.032530610413093686,0.6587584062005515,1.5540658064721367,108,6873.0,0.6587584062005515
21180.0,108,7140.0,52.5,1.643405997541031,108,108,7140.0,0.03247915450553417,0.6344672131147546,1.643405997541031,108,7140.0,0.6344672131147546
21185.0,110,7621.0,56.036764705882355,1.3719695809423784,110,110,7621.0,0.03164938157427831,0.6543463817882285,1.3719695809423784,110,7621.0,0.6543463817882285
21190.0,112,7775.0,57.592592592592595,1.3779989043391492,112,112,7775.0,0.03337714036151818,0.6819342155787611,1.3779989043391492,112,7775.0,0.6819342155787611
21195.0,112,7660.0,57.16417910447761,1.261583490376993,112,112,7527.0,0.03278135817416704,0.6463999999999966,1.261583490376993,112,7527.0,0.6463999999999966
21200.0,108,7531.0,57.053030303030305,1.5046990834766818,108,108,7531.0,0.04891685140895198,0.9191446733814037,1.5046990834766818,108,7531.0,0.9191446733814037
21205.0,105,7201.0,54.969465648854964,1.3563577473673636,105,105,7201.0,0.04329549218385221,0.8687130769510704,1.3563577473673636,105,7201.0,0.8687130769510704
21210.0,100,6731.0,51.776923076923076,1.5632871537715014,100,100,6673.0,0.05111756554504388,1.0252937089738121,1.5632871537715014,100,6673.0,1.0252937089738121
21215.0,95,6241.0,48.00769230769231,1.8370700389852734,95,95,6241.0,0.06534311351504826,1.2127373593773954,1.8370700389852734,95,6241.0,1.2127373593773954
21220.0,94,5735.0,43.446969696969695,1.8045591164480514,94,94,5735.0,0.06019472542119149,1.1115403480873391,1.8045591164480514,94,5735.0,1.1115403480873391
21225.0,95,5235.0,39.65909090909091,1.9289489325800362,95,95,5235.0,0.055155299696332996,1.0635348506384392,1.9289489325800362,95,5235.0,1.0635348506384392
21230.0,96,4736.0,35.343283582089555,1.896232611780408,96,96,4736.0,0.04685131019933053,0.9220419501939545,1.896232611780408,96,4736.0,0.9220419501939545
21235.0,94,4156.0,31.484848484848484,1.8054371459677994,94,94,4156.0,0.05060746774621779,0.9652700775566809,1.8054371459677994,94,4156.0,0.9652700775566809
21240.0,93,3640.0,27.786259541984734,1.8664756048394542,93,93,3604.0,0.057542131153986396,1.1031009600538606,1.8664756048394542,93,3604.0,1.1031009600538606
21245.0,94,3132.0,23.37313432835821,1.9349270373609793,94,94,3132.0,0.059156926432917055,1.1172254523216687,1.9349270373609793,94,3132.0,1.1172254523216687
21250.0,91,2488.0,18.706766917293233,2.0139705102628187,91,91,2488.0,0.058317807725821666,1.1527380642373444,2.0139705102628187,91,2488.0,1.1527380642373444
21255.0,90,1894.0,14.134328358208956,2.063612743450335,90,90,1851.0,0.0597975213369569,1.15008333333333,2.063612743450335,90,1851.0,1.15008333333333
21260.0,89,1987.0,14.93984962406015,2.3121115283159304,89,89,1987.0,0.07640893436914441,1.4085176788084304,2.3121115283159304,89,1987.0,1.4085176788084304
21265.0,94,2086.0,15.68421052631579,2.0476391871883104,94,94,2086.0,0.05970373240301883,1.1222628272353552,2.0476391871883104,94,2086.0,1.1222628272353552
21270.0,97,2110.0,15.984848484848484,1.7273804528890289,97,97,2067.0,0.054908065915549885,0.9595039217676403,1.7273804528890289,97,2067.0,0.9595039217676403
21275.0,93,2133.0,16.037593984962406,2.098040275431902,93,93,2133.0,0.07280304579337869,1.2654848101973872,2.098040275431902,93,2133.0,1.2654848101973872
21280.0,91,2098.0,15.540740740740741,1.9257361098879158,91,91,2098.0,0.05577448061720315,1.0049022208908729,1.9257361098879158,91,2098.0,1.0049022208908729
21285.0,89,2024.0,14.992592592592592,2.0854644719367674,89,89,2011.0,0.05462767618516514,1.0308324144598966,2.0854644719367674,89,2011.0,1.0308324144598966
21290.0,84,1924.0,14.35820895522388,2.2334763353803155,84,84,1924.0,0.07179060419307588,1.3074893665616194,2.2334763353803155,84,1924.0,1.3074893665616194
21295.0,82,1763.0,13.25563909774436,2.046492923161645,82,82,1763.0,0.0623517201318078,1.1930643142317832,2.046492923161645,82,1763.0,1.1930643142317832
21300.0,77,1553.0,11.765151515151516,2.2843773503628064,77,77,1540.0,0.07607559347887462,1.446623938919197,2.2843773503628064,77,1540.0,1.446623938919197
21305.0,72,1318.0,9.835820895522389,2.4575864389159774,72,72,1318.0,0.08556853592982554,1.6033734545688183,2.4575864389159774,72,1318.0,1.6033734545688183
21310.0,69,944.0,7.097744360902255,2.5258431386246296,69,69,944.0,0.08444909352001549,1.6385206932614067,2.5258431386246296,69,944.0,1.6385206932614067
21315.0,69,725.0,5.37037037037037,2.6486642877078226,69,69,674.0,0.0878148261258363,1.645033898305076,2.6486642877078226,69,674.0,1.645033898305076
21320.0,74,807.0,5.977777777777778,2.7952248796847403,74,74,807.0,0.09449274362530832,1.730425767325499,2.7952248796847403,74,807.0,1.730425767325499
21325.0,85,1009.0,7.529850746268656,2.330580449809124,85,85,1009.0,0.07464405439105326,1.3886871657882809,2.330580449809124,85,1009.0,1.3886871657882809
21330.0,91,1293.0,9.649253731343284,2.0341197371305624,91,91,1253.0,0.054963640936017376,1.0435147470673811,2.0341197371305624,91,1253.0,1.0435147470673811
21335.0,94,1603.0,11.962686567164178,2.001371267520953,94,94,1603.0,0.0523084036374456,1.021061510298222,2.001371267520953,94,1603.0,1.021061510298222
21340.0,94,1894.0,13.926470588235293,1.8284284014358936,94,94,1894.0,0.04181560234957582,0.8046929702228369,1.8284284014358936,94,1894.0,0.8046929702228369
21345.0,96,2253.0,16.93984962406015,1.785235461218495,96,96,2240.0,0.05046172189326017,0.939389939919805,1.785235461218495,96,2240.0,0.939389939919805
21350.0,103,2727.0,20.350746268656717,1.7304953133480296,103,103,2727.0,0.04491424010725929,0.8334754098360659,1.7304953133480296,103,2727.0,0.8334754098360659
21355.0,113,3272.0,24.417910447761194,1.3239670162393018,113,113,3272.0,0.029467716217417755,0.5423715398780729,1.3239670162393018,113,3272.0,0.5423715398780729
21360.0,116,3654.0,27.26865671641791,1.3081737466807297,116,116,3654.0,0.023895604342401414,0.46243771660002697,1.3081737466807297,116,3654.0,0.46243771660002697
21365.0,111,3889.0,29.02238805970149,1.1605057875461233,111,111,3825.0,0.0301895874579765,0.555542704987994,1.1605057875461233,111,3825.0,0.555542704987994
21370.0,108,4108.0,30.65671641791045,1.4780705477829266,108,108,4108.0,0.04855037751647038,0.8720628855109124,1.4780705477829266,108,4108.0,0.8720628855109124
21375.0,104,4109.0,30.437037037037037,1.4683518714560333,104,104,4109.0,0.04508178211461114,0.814511026118561,1.4683518714560333,104,4109.0,0.814511026118561
21380.0,99,3959.0,29.76691729323308,1.688171991983266,99,99,3896.0,0.0575648606244059,1.0530855893522146,1.688171991983266,99,3896.0,1.0530855893522146
21385.0,97,3788.0,28.05925925925926,2.0411417109457184,97,97,3788.0,0.07004870694024114,1.2707212135742603,2.0411417109457184,97,3788.0,1.2707212135742603
21390.0,92,3559.0,26.559701492537314,2.009736880579325,92,92,3559.0,0.06580432370302282,1.1923381212542676,2.009736880579325,92,3559.0,1.1923381212542676
21395.0,92,3364.0,25.104477611940297,2.2575480780013932,92,92,3344.0,0.0697660616352071,1.2772058976945218,2.2575480780013932,92,3344.0,1.2772058976945218
21400.0,93,3170.0,23.65671641791045,2.045967146113188,93,93,3170.0,0.06345058381925797,1.1255186521990226,2.045967146113188,93,3170.0,1.1255186521990226
21405.0,94,2985.0,22.613636363636363,1.957064427550072,94,94,2985.0,0.05479262224240105,1.028086319895773,1.957064427550072,94,2985.0,1.028086319895773
21410.0,92,2718.0,20.28358208955224,2.0002114970121245,92,92,2718.0,0.04834112788458838,0.9538486098867136,2.0002114970121245,92,2718.0,0.9538486098867136
21415.0,94,2528.0,18.865671641791046,2.059837322408074,94,94,2462.0,0.05633809064412487,1.0199378918788882,2.059837322408074,94,2462.0,1.0199378918788882
21420.0,94,2343.0,17.75,2.0382970513289655,94,94,2343.0,0.06338903505649253,1.146437891878888,2.0382970513289655,94,2343.0,1.146437891878888
21425.0,95,2246.0,16.887218045112782,1.8189987438535378,95,95,2246.0,0.04819144232242677,0.9239520780976048,1.8189987438535378,95,2246.0,0.9239520780976048
21430.0,102,2657.0,19.977443609022558,1.7463606383076087,102,102,2648.0,0.05410643206076365,1.0054817022090496,1.7463606383076087,102,2648.0,1.0054817022090496
21435.0,110,3191.0,23.992481203007518,1.4248454215814552,110,110,3191.0,0.04672257200530551,0.822825832392417,1.4248454215814552,110,3191.0,0.822825832392417
21440.0,114,3607.0,27.1203007518797,1.1993348709727571,114,114,3607.0,0.031120228577770897,0.5956742555117486,1.1993348709727571,114,3607.0,0.5956742555117486
21445.0,113,3920.0,29.253731343283583,1.3261725480451185,113,113,3872.0,0.03660698535270299,0.6987151755259414,1.3261725480451185,113,3872.0,0.6987151755259414
21450.0,109,4219.0,31.721804511278197,1.4083847692848281,109,109,4219.0,0.04835969924306204,0.8672092337246137,1.4083847692848281,109,4219.0,0.8672092337246137
21455.0,106,4497.0,34.06818181818182,1.4174430304193881,106,106,4497.0,0.04629741167186211,0.8640478100487268,1.4174430304193881,106,4497.0,0.8640478100487268
21460.0,107,4779.0,35.66417910447761,1.4381160659295456,107,107,4776.0,0.039521980900194306,0.7319468471713175,1.4381160659295456,107,4776.0,0.7319468471713175
21465.0,108,5065.0,37.798507462686565,1.5159551533202795,108,108,5065.0,0.03730592614290516,0.7227332382766807,1.5159551533202795,108,5065.0,0.7227332382766807
21470.0,105,5064.0,37.791044776119406,1.5431645975475432,105,105,5064.0,0.03926389026492922,0.8052779537238354,1.5431645975475432,105,5064.0,0.8052779537238354
21475.0,101,4852.0,36.208955223880594,1.6862778728220293,101,101,4759.0,0.046521569688149585,0.8972144399364133,1.6862778728220293,101,4759.0,0.8972144399364133
21480.0,97,4621.0,34.744360902255636,1.851918767908206,97,97,4621.0,0.05918858990123916,1.076625870218876,1.851918767908206,97,4621.0,1.076625870218876
21485.0,94,4282.0,31.485294117647058,1.8754973880673385,94,94,4282.0,0.052962249883231165,0.9862628816097252,1.8754973880673385,94,4282.0,0.9862628816097252
21490.0,89,3862.0,28.82089552238806,2.139136730761883,89,89,3834.0,0.06800751839850405,1.2546399643987611,2.139136730761883,89,3834.0,1.2546399643987611
21495.0,86,3571.0,26.649253731343283,2.272132446024608,86,86,3571.0,0.0770269033850569,1.3784297520661022,2.272132446024608,86,3571.0,1.3784297520661022
21500.0,88,3340.0,25.303030303030305,2.1457534929792152,88,88,3340.0,0.07554220989202437,1.3918579126874,2.1457534929792152,88,3340.0,1.3918579126874
21505.0,95,3170.0,23.834586466165412,1.8764655192574433,95,95,3133.0,0.057522404482324235,1.092236766480982,1.8764655192574433,95,3133.0,1.092236766480982
21510.0,95,3016.0,22.848484848484848,1.8350950973535112,95,95,3016.0,0.0557650815079198,1.0878810857147183,1.8350950973535112,95,3016.0,1.0878810857147183
21515.0,95,2866.0,21.87786259541985,1.8795557459545704,95,95,2866.0,0.05908692278078916,1.1504467614290088,1.8795557459545704,95,2866.0,1.1504467614290088
21520.0,93,2609.0,19.616541353383457,1.774156899927667,93,93,2609.0,0.048241013252619626,0.9409305555555557,1.774156899927667,93,2609.0,0.9409305555555557
21525.0,92,2427.0,18.386363636363637,1.9134987337093736,92,92,2388.0,0.061679541706333184,1.1656573565336548,1.9134987337093736,92,2388.0,1.1656573565336548
21530.0,92,2263.0,17.143939393939394,1.9079232086111388,92,92,2263.0,0.06591965033969573,1.2323475825469472,1.9079232086111388,92,2263.0,1.2323475825469472
21535.0,92,2107.0,15.962121212121213,1.8528639386272006,92,92,2107.0,0.05934275078490661,1.0827836668577595,1.8528639386272006,92,2107.0,1.0827836668577595
21540.0,94,2348.0,17.923664122137403,1.9019626800009,94,94,2315.0,0.05890107199878822,1.0684013963200334,1.9019626800009,94,2315.0,1.0684013963200334
21545.0,100,2660.0,19.558823529411764,1.9127977502062123,100,100,2660.0,0.05703172409868393,0.9900974251853991,1.9127977502062123,100,2660.0,0.9900974251853991
21550.0,102,2965.0,21.962962962962962,1.7622474098534755,102,102,2965.0,0.046642658663659395,0.8608779680009462,1.7622474098534755,102,2965.0,0.8608779680009462
21555.0,102,3299.0,24.25735294117647,1.7402157407746646,102,102,3287.0,0.04776345001171225,0.8921494293823933,1.7402157407746646,102,3287.0,0.8921494293823933
21560.0,105,3645.0,27.20149253731343,1.7320508428221897,105,105,3645.0,0.048941037940547744,0.8893589380997123,1.7320508428221897,105,3645.0,0.8893589380997123
21565.0,104,3944.0,29.0,1.843583006402844,104,104,3944.0,0.05027539338776673,0.9260978537876188,1.843583006402844,104,3944.0,0.9260978537876188
21570.0,99,4192.0,31.05185185185185,1.9450013192875253,99,99,4179.0,0.053484218722170386,0.9956356116771204,1.9450013192875253,99,4179.0,0.9956356116771204
21575.0,94,4422.0,33.0,2.180486504992312,94,94,4422.0,0.06899817099633353,1.2485843439941486,2.180486504992312,94,4422.0,1.2485843439941486
21580.0,91,4630.0,34.81203007518797,2.031695945896441,91,91,4630.0,0.06238607047624664,1.16015294882779,2.031695945896441,91,4630.0,1.16015294882779
21585.0,88,4815.0,36.203007518796994,2.2021959524801553,88,88,4815.0,0.06576685210439964,1.2507275612562998,2.2021959524801553,88,4815.0,1.2507275612562998
21590.0,91,5164.0,38.53731343283582,2.252011773811205,91,91,5152.0,0.07190314971519472,1.3018754674776352,2.252011773811205,91,5152.0,1.3018754674776352
21595.0,96,5559.0,41.796992481203006,2.1617905286898633,96,96,5559.0,0.06121910068472534,1.1229584742057879,2.1617905286898633,96,5559.0,1.1229584742057879
21600.0,98,5955.0,45.11363636363637,2.125116174568175,98,98,5955.0,0.053567501202383794,0.9839121312565847,2.125116174568175,98,5955.0,0.9839121312565847
21605.0,99,6371.0,48.63358778625954,1.8738670854967225,99,99,6356.0,0.05070385231244006,0.9221110013110567,1.8738670854967225,99,6356.0,0.9221110013110567
21610.0,100,6795.0,52.26923076923077,1.8695597984397978,100,100,6795.0,0.05393376116388631,0.9837720182602079,1.8695597984397978,100,6795.0,0.9837720182602079
21615.0,101,7245.0,55.30534351145038,1.86522887372419,101,101,7245.0,0.05403690516460365,0.9938781965652956,1.86522887372419,101,7245.0,0.9938781965652956
21620.0,104,7358.0,56.16793893129771,1.7945976745723056,104,104,7358.0,0.05052450966934824,0.9118754853056759,1.7945976745723056,104,7358.0,0.9118754853056759
21625.0,106,7203.0,55.40769230769231,1.476182064925388,106,106,7070.0,0.04693501885697166,0.7948870100940728,1.476182064925388,106,7070.0,0.7948870100940728
21630.0,102,7046.0,54.62015503875969,1.6895043937571976,102,102,7046.0,0.061875315668026995,1.022856694489078,1.6895043937571976,102,7046.0,1.022856694489078
21635.0,98,6815.0,54.08730158730159,1.559724979218413,98,98,6815.0,0.055021989728297395,0.9669101940373858,1.559724979218413,98,6815.0,0.9669101940373858
21640.0,98,6630.0,51.796875,1.522256506580992,98,98,6604.0,0.04537728160267293,0.8210111448037407,1.522256506580992,98,6604.0,0.8210111448037407
21645.0,99,6450.0,50.78740157480315,1.5800069627961286,99,99,6450.0,0.04833029819089606,0.8427874281053762,1.5800069627961286,99,6450.0,0.8427874281053762
21650.0,100,6265.0,49.72222222222222,1.3265469745304472,100,100,6265.0,0.0434098347240562,0.7629335637028563,1.3265469745304472,100,6265.0,0.7629335637028563
21655.0,100,6089.0,48.32539682539682,1.375540982688033,100,100,6084.0,0.04235249389563465,0.7475822022902889,1.375540982688033,100,6084.0,0.7475822022902889
21660.0,101,5918.0,47.344,1.4277012612704834,101,101,5918.0,0.040849676959690315,0.7423258809565741,1.4277012612704834,101,5918.0,0.7423258809565741
21665.0,101,5748.0,44.90625,1.4860343129207694,101,101,5748.0,0.04297026679490491,0.7879154304643907,1.4860343129207694,101,5748.0,0.7879154304643907
21670.0,101,5560.0,43.4375,1.519554946268364,101,101,5560.0,0.04214214510200204,0.7972621044130936,1.519554946268364,101,5560.0,0.7972621044130936
21675.0,101,5390.0,41.46153846153846,1.61289012220461,101,101,5376.0,0.05072604372788859,0.9248274470049646,1.61289012220461,101,5376.0,0.9248274470049646
21680.0,102,5223.0,40.48837209302326,1.6028940894926003,102,102,5223.0,0.05234268060130127,0.9393950837155333,1.6028940894926003,102,5223.0,0.9393950837155333
21685.0,102,5063.0,39.248062015503876,1.5204589543847373,102,102,5063.0,0.04602393488806907,0.9020435432944034,1.5204589543847373,102,5063.0,0.9020435432944034
21690.0,101,5317.0,41.21705426356589,1.5995665512025712,101,101,5269.0,0.05013247359317342,0.9542438447730425,1.5995665512025712,101,5269.0,0.9542438447730425
21695.0,102,5575.0,43.21705426356589,1.6341931971276344,102,102,5575.0,0.058601842683886046,1.0538397546346299,1.6341931971276344,102,5575.0,1.0538397546346299
21700.0,100,5823.0,44.11363636363637,1.7282033155809304,100,100,5823.0,0.05430969112125119,0.9915940086340984,1.7282033155809304,100,5823.0,0.9915940086340984
21705.0,98,5706.0,43.55725190839695,1.7586175336140502,98,98,5706.0,0.060253832782826276,1.091141461181574,1.7586175336140502,98,5706.0,1.091141461181574
21710.0,95,5337.0,40.43181818181818,1.7652468271926263,95,95,5219.0,0.05398379900828361,1.0241241451504899,1.7652468271926263,95,5219.0,1.0241241451504899
21715.0,91,4948.0,37.770992366412216,2.041719640772706,91,91,4948.0,0.06727079112676076,1.266484445747683,2.041719640772706,91,4948.0,1.266484445747683
21720.0,86,4478.0,34.18320610687023,2.2202090487187887,86,86,4478.0,0.06894200664631142,1.3475727001638709,2.2202090487187887,86,4478.0,1.3475727001638709
21725.0,86,4058.0,30.28358208955224,2.3586909398262215,86,86,4029.0,0.06986864461891851,1.318085470085467,2.3586909398262215,86,4029.0,1.318085470085467
21730.0,87,3643.0,27.39097744360902,2.523948546833555,87,87,3643.0,0.08247127065056763,1.4959689602051112,2.523948546833555,87,3643.0,1.4959689602051112
21735.0,86,3191.0,23.637037037037036,2.482445516531874,86,86,3191.0,0.07082251109605321,1.3017771866877075,2.482445516531874,86,3191.0,1.3017771866877075
21740.0,87,2775.0,20.86466165413534,2.55627710447836,87,87,2743.0,0.07531503057135741,1.3955987097769798,2.55627710447836,87,2743.0,1.3955987097769798
21745.0,89,2362.0,17.62686567164179,2.5574950413978437,89,89,2362.0,0.0776636200079317,1.4350688889783858,2.5574950413978437,89,2362.0,1.4350688889783858
21750.0,90,2075.0,15.601503759398497,2.45983627562742,90,90,2075.0,0.06891706493773478,1.2833908580597106,2.45983627562742,90,2075.0,1.2833908580597106
21755.0,94,2228.0,17.00763358778626,2.3402607877573254,94,94,2228.0,0.06779706992799875,1.27039085805972,2.3402607877573254,94,2228.0,1.27039085805972
21760.0,103,2658.0,20.290076335877863,1.6456076927847076,103,103,2656.0,0.047386876329528434,0.8367988554183609,1.6456076927847076,103,2656.0,0.8367988554183609
21765.0,109,3189.0,24.72093023255814,1.3221090736891434,109,109,3189.0,0.04015823435882189,0.7277050615153852,1.3221090736891434,109,3189.0,0.7277050615153852
21770.0,111,3550.0,27.099236641221374,1.1231692526023362,111,111,3550.0,0.026206366491678592,0.5092062366470158,1.1231692526023362,111,3550.0,0.5092062366470158
21775.0,110,3777.0,28.83206106870229,1.1867574601535564,110,110,3714.0,0.03407855475182338,0.6157731118844224,1.1867574601535564,110,3714.0,0.6157731118844224
21780.0,108,3993.0,30.25,1.389058092445549,108,108,3993.0,0.047005409312001395,0.8275870264998783,1.389058092445549,108,3993.0,0.8275870264998783
21785.0,105,4198.0,31.803030303030305,1.3692972184326524,105,105,4198.0,0.05036662834360154,0.8742762731972613,1.3692972184326524,105,4198.0,0.8742762731972613
21790.0,101,4178.0,31.893129770992367,1.6349325481796526,101,101,4178.0,0.06297151718072035,1.1009271918323484,1.6349325481796526,101,4178.0,1.1009271918323484
21795.0,97,3994.0,30.030075187969924,1.7429281610982208,97,97,3926.0,0.060068144348685355,1.073898308127805,1.7429281610982208,97,3926.0,1.073898308127805
21800.0,93,3793.0,28.518796992481203,2.134135958909141,93,93,3793.0,0.07674294660210716,1.3556867141588513,2.134135958909141,93,3793.0,1.3556867141588513
21805.0,92,3528.0,26.133333333333333,2.2964491907665963,92,92,3528.0,0.08128963201622963,1.4407899846725274,2.2964491907665963,92,3528.0,1.4407899846725274
21810.0,92,3306.0,24.488888888888887,2.32402640599736,92,92,3265.0,0.06998494972359591,1.2864321655668094,2.32402640599736,92,3265.0,1.2864321655668094
21815.0,92,3091.0,23.067164179104477,2.3658386588933245,92,92,3091.0,0.0724990975307207,1.3546567876053457,2.3658386588933245,92,3091.0,1.3546567876053457
21820.0,91,2783.0,20.76865671641791,2.0659410706989636,91,91,2783.0,0.05732040277412012,1.1000815554691135,2.0659410706989636,91,2783.0,1.1000815554691135
21825.0,87,2403.0,18.06766917293233,2.254015853657315,87,87,2375.0,0.07063216449703717,1.3545253099667036,2.254015853657315,87,2375.0,1.3545253099667036
21830.0,83,2023.0,15.097014925373134,2.3433982019366058,83,83,2023.0,0.07876304774285825,1.475123966942144,2.3433982019366058,83,2023.0,1.475123966942144
21835.0,80,1720.0,12.835820895522389,2.7178007920000677,80,80,1720.0,0.08999041720665191,1.7158147107130037,2.7178007920000677,80,1720.0,1.7158147107130037
21840.0,82,1461.0,11.068181818181818,2.5521334412055117,82,82,1461.0,0.08538166477392979,1.6267695812590934,2.5521334412055117,82,1461.0,1.6267695812590934
21845.0,86,1478.0,11.112781954887218,2.168381008839084,86,86,1476.0,0.066197015829235,1.296719507970362,2.168381008839084,86,1476.0,1.296719507970362
21850.0,89,1753.0,13.280303030303031,2.2311380692800626,89,89,1752.0,0.07467464623434998,1.4176796586963076,2.2311380692800626,89,1752.0,1.4176796586963076
21855.0,94,2018.0,15.059701492537313,1.8719736559451572,94,94,2018.0,0.06231036114598096,1.1645170506453217,1.8719736559451572,94,2018.0,1.1645170506453217
21860.0,95,2273.0,16.83703703703704,2.1240087247429393,95,95,2260.0,0.07003692325453048,1.2902887137112353,2.1240087247429393,95,2260.0,1.2902887137112353
21865.0,96,2515.0,18.22463768115942,2.24305402019785,96,96,2515.0,0.0740453788664691,1.3506774193548314,2.24305402019785,96,2515.0,1.3506774193548314
21870.0,92,2708.0,19.6231884057971,2.323115183843803,91,92,2707.0,0.06901051837331756,1.3399665682803197,2.323115183843803,91,2707.0,1.3399665682803197
21875.0,90,2909.0,21.233576642335766,2.3696141756499864,90,90,2897.0,0.06962846783531823,1.3400249365509087,2.3696141756499864,90,2897.0,1.3400249365509087
21880.0,91,3153.0,23.183823529411764,2.150324306961299,91,91,3153.0,0.06591337624653767,1.241216861048457,2.150324306961299,91,3153.0,1.241216861048457
21885.0,92,3423.0,25.355555555555554,2.1005892422461,92,92,3423.0,0.06374090628408877,1.2264163087326005,2.1005892422461,92,3423.0,1.2264163087326005
21890.0,93,3734.0,27.455882352941178,1.9797249095100042,93,93,3721.0,0.058670630225316295,1.1205409836065634,1.9797249095100042,93,3721.0,1.1205409836065634
21895.0,95,4054.0,29.59124087591241,2.0655260501039994,95,95,4054.0,0.06440616828274834,1.1751215893034805,2.0655260501039994,95,4054.0,1.1751215893034805
21900.0,92,4270.0,30.942028985507246,2.096824511572405,92,92,4270.0,0.05837718747359545,1.0889098287846515,2.096824511572405,92,4270.0,1.0889098287846515
21905.0,95,4590.0,33.02158273381295,1.9926568536705205,95,95,4515.0,0.05739609467164918,1.0589223766272238,1.9926568536705205,95,4515.0,1.0589223766272238
21910.0,97,4922.0,35.15714285714286,2.0865809397810056,97,97,4922.0,0.061817696653357165,1.1625395562717118,2.0865809397810056,97,4922.0,1.1625395562717118
21915.0,99,5192.0,36.30769230769231,1.9400862060325377,99,99,5192.0,0.04858732311554543,0.9566245874708762,1.9400862060325377,99,5192.0,0.9566245874708762
21920.0,98,5549.0,39.92086330935252,1.971747201005594,98,98,5520.0,0.06145547695307096,1.2022938788094575,1.971747201005594,98,5520.0,1.2022938788094575
21925.0,106,5980.0,42.4113475177305,1.858222188178615,106,106,5980.0,0.057159140957211,1.0877392286859449,1.858222188178615,106,5980.0,1.0877392286859449
21930.0,108,6348.0,44.39160839160839,1.789820304072094,108,108,6348.0,0.04644014187879797,0.8970012106195011,1.789820304072094,108,6348.0,0.8970012106195011
21935.0,104,6648.0,47.48571428571429,1.6842716059493865,104,104,6620.0,0.05002787444456773,0.9485157946463991,1.6842716059493865,104,6620.0,0.9485157946463991
21940.0,104,6942.0,48.54545454545455,1.8130410315372971,104,104,6942.0,0.05403895256578059,0.9721076923076905,1.8130410315372971,104,6942.0,0.9721076923076905
21945.0,101,7193.0,50.65492957746479,1.8942114638876149,100,101,7192.0,0.05193975429940061,0.9980136070895188,1.8942114638876149,100,7192.0,0.9980136070895188
21950.0,102,7510.0,53.262411347517734,1.667246153988814,102,102,7497.0,0.04401049658630372,0.8447405444385653,1.667246153988814,102,7497.0,0.8447405444385653
21955.0,107,7885.0,55.528169014084504,1.7567259948747695,107,107,7885.0,0.04670946888188372,0.8989033351362471,1.7567259948747695,107,7885.0,0.8989033351362471
21960.0,111,8240.0,57.62237762237762,1.549721347089658,111,111,8240.0,0.03625521388300966,0.7100624571837476,1.549721347089658,111,8240.0,0.7100624571837476
21965.0,108,8558.0,58.61643835616438,1.6751815614195282,108,108,8545.0,0.042573961271084156,0.8125786055491009,1.6751815614195282,108,8545.0,0.8125786055491009
21970.0,106,8866.0,61.144827586206894,1.8506881728147768,106,106,8866.0,0.055502731743483025,1.03583474319149,1.8506881728147768,106,8866.0,1.03583474319149
21975.0,104,9136.0,62.57534246575342,1.803490137941866,103,104,9135.0,0.04810396249570188,0.9536079073598137,1.803490137941866,103,9135.0,0.9536079073598137
21980.0,104,9427.0,65.46527777777777,1.852296483965896,104,104,9413.0,0.05147753772987247,1.0414626558779112,1.852296483965896,104,9413.0,1.0414626558779112
21985.0,106,9722.0,66.58904109589041,1.8713444794929501,106,106,9722.0,0.0527616649309564,1.0340077982543192,1.8713444794929501,106,9722.0,1.0340077982543192
21990.0,103,9975.0,68.32191780821918,1.925332023582245,103,103,9975.0,0.05347671612880564,1.056726002849699,1.925332023582245,103,9975.0,1.056726002849699
21995.0,99,10229.0,71.53146853146853,1.9789007133616416,99,99,10216.0,0.06100153752072883,1.1569727160500818,1.9789007133616416,99,10216.0,1.1569727160500818
22000.0,101,10578.0,73.97202797202797,1.9217732964328782,101,101,10578.0,0.05929871857116296,1.0921601409351613,1.9217732964328782,101,10578.0,1.0921601409351613
22005.0,101,10332.0,71.75,1.8929666449755598,101,101,10332.0,0.052733205356960154,1.0105112727574004,1.8929666449755598,101,10332.0,1.0105112727574004
22010.0,97,9672.0,67.16666666666667,1.8663901212633114,97,97,9474.0,0.05395577592420017,0.998628011287998,1.8663901212633114,97,9474.0,0.998628011287998
22015.0,95,9002.0,62.08275862068965,2.1542963677242124,95,95,9002.0,0.06783432698552294,1.2421783624433778,2.1542963677242124,95,9002.0,1.2421783624433778
22020.0,91,8260.0,57.361111111111114,2.163477596521331,91,91,8260.0,0.06552635024450482,1.236008878718064,2.163477596521331,91,8260.0,1.236008878718064
22025.0,92,7604.0,52.80555555555556,2.198192814211577,92,92,7575.0,0.06555076887527743,1.2391369764102307,2.198192814211577,92,7575.0,1.2391369764102307
22030.0,97,7004.0,49.32394366197183,2.1020640964170356,97,97,7004.0,0.07075345878423549,1.2735002556628738,2.1020640964170356,97,7004.0,1.2735002556628738
22035.0,100,6333.0,43.979166666666664,1.9056275280876436,100,100,6333.0,0.05466733698625771,1.0054480740255707,1.9056275280876436,100,6333.0,1.0054480740255707
22040.0,96,5593.0,38.84027777777778,2.113949225764824,96,96,5565.0,0.06657255273747385,1.186612064045018,2.113949225764824,96,5565.0,1.186612064045018
22045.0,94,4838.0,33.136986301369866,2.3321204635142343,94,94,4838.0,0.07628284050418975,1.359289917810265,2.3321204635142343,94,4838.0,1.359289917810265
22050.0,90,3983.0,27.46896551724138,2.3484033426161526,90,90,3983.0,0.07081298446971727,1.3117440206925104,2.3484033426161526,90,3983.0,1.3117440206925104
22055.0,86,3082.0,21.704225352112676,2.4497528282872776,86,86,3054.0,0.08011217936707128,1.4648891838029332,2.4497528282872776,86,3054.0,1.4648891838029332
22060.0,87,2277.0,15.923076923076923,2.4405305382217626,87,87,2277.0,0.08178387509880566,1.4628586422962977,2.4405305382217626,87,2277.0,1.4628586422962977
22065.0,89,1680.0,11.748251748251748,2.245593866029481,88,89,1679.0,0.0686472643149934,1.2984873069417513,2.245593866029481,88,1679.0,1.2984873069417513
22070.0,87,1356.0,9.617021276595745,1.9924147173567235,87,87,1343.0,0.06124569060629089,1.188940176401932,1.9924147173567235,87,1343.0,1.188940176401932
22075.0,90,1416.0,9.902097902097902,2.1340507797383417,90,90,1416.0,0.06769611976157998,1.254935899592051,2.1340507797383417,90,1416.0,1.254935899592051
22080.0,91,1394.0,9.748251748251748,1.9817857938294294,91,91,1394.0,0.06134837682884912,1.1061550572808774,1.9817857938294294,91,1394.0,1.1061550572808774
22085.0,92,1454.0,10.097222222222221,1.9093823600420232,92,92,1413.0,0.05807594944529294,1.0805504571284774,1.9093823600420232,92,1413.0,1.0805504571284774
22090.0,93,1530.0,10.551724137931034,2.110540409393592,93,93,1530.0,0.06480874672305778,1.2031466109746327,2.110540409393592,93,1530.0,1.2031466109746327
22095.0,93,1566.0,10.8,1.9893277730215286,93,93,1566.0,0.0641953674845685,1.1858247872074257,1.9893277730215286,93,1566.0,1.1858247872074257
22100.0,90,1609.0,11.17361111111111,2.1851175200151425,90,90,1595.0,0.0718207049804877,1.343045201428922,2.1851175200151425,90,1595.0,1.343045201428922
22105.0,91,1744.0,12.11111111111111,2.2599720376228754,91,91,1744.0,0.07472358859554407,1.4225710655504178,2.2599720376228754,91,1744.0,1.4225710655504178
22110.0,91,1749.0,12.145833333333334,2.1525157243193,91,91,1749.0,0.06608772248642779,1.3019510498411218,2.1525157243193,91,1749.0,1.3019510498411218
22115.0,88,1712.0,12.056338028169014,2.086753614556579,88,88,1669.0,0.06859497621306472,1.301713342861197,2.086753614556579,88,1669.0,1.301713342861197
22120.0,92,1773.0,12.227586206896552,2.1319201031201356,92,92,1773.0,0.06959202253714643,1.264687022900767,2.1319201031201356,92,1773.0,1.264687022900767
22125.0,93,1774.0,12.150684931506849,2.06145530814006,93,93,1774.0,0.06424328806072956,1.191555739142586,2.06145530814006,93,1774.0,1.191555739142586
22130.0,94,1875.0,12.66891891891892,2.0949177612215806,94,94,1847.0,0.05907452077307283,1.0817118708992406,2.0949177612215806,94,1847.0,1.0817118708992406
22135.0,100,2048.0,13.837837837837839,2.093287540494198,100,100,2048.0,0.06462044116131667,1.1096155688469842,2.093287540494198,100,2048.0,1.1096155688469842
22140.0,102,2206.0,14.905405405405405,2.0053474281285304,102,102,2206.0,0.05451511033159332,0.9753276951945713,2.0053474281285304,102,2206.0,0.9753276951945713
22145.0,99,2326.0,15.610738255033556,2.0077983417022045,99,99,2313.0,0.05780940081800149,1.0304932369276782,2.0077983417022045,99,2313.0,1.0304932369276782
22150.0,96,2436.0,16.45945945945946,2.309685519262896,96,96,2436.0,0.07373285413561266,1.3092112707516799,2.309685519262896,96,2436.0,1.3092112707516799
22155.0,93,2517.0,17.122448979591837,2.199999877822547,93,93,2517.0,0.06529810343680939,1.186050301387502,2.199999877822547,93,2517.0,1.186050301387502
22160.0,94,2626.0,18.23611111111111,2.1886631925880007,94,94,2621.0,0.07514795438733803,1.3037542545954444,2.1886631925880007,94,2621.0,1.3037542545954444
22165.0,100,2811.0,19.253424657534246,2.18457720578482,100,100,2811.0,0.07280950568852099,1.2664456922214702,2.18457720578482,100,2811.0,1.2664456922214702
22170.0,102,2837.0,19.431506849315067,1.984970096418067,102,102,2837.0,0.05399952476799687,1.0268352833707473,1.984970096418067,102,2837.0,1.0268352833707473
22175.0,99,2801.0,19.317241379310346,1.994046738994451,99,99,2743.0,0.06369950400293173,1.1551286824383222,1.994046738994451,99,2743.0,1.1551286824383222
22180.0,102,2929.0,20.061643835616437,1.8636621623791882,102,102,2929.0,0.06281775841518367,1.1120714543469736,1.8636621623791882,102,2929.0,1.1120714543469736
22185.0,104,3072.0,20.756756756756758,2.007368616961624,104,104,3072.0,0.0625437527854105,1.1156931997121111,2.007368616961624,104,3072.0,1.1156931997121111
22190.0,100,3202.0,21.782312925170068,2.2628582613138093,100,100,3202.0,0.07815841056295363,1.3935487465327436,2.2628582613138093,100,3202.0,1.3935487465327436
22195.0,96,3196.0,21.89041095890411,2.073512001996999,96,96,3196.0,0.06317558870303516,1.2323838875919173,2.073512001996999,96,3196.0,1.2323838875919173
22200.0,93,3091.0,21.317241379310346,2.12453044681336,93,93,3053.0,0.07323571418703521,1.3547167254337202,2.12453044681336,93,3053.0,1.3547167254337202
22205.0,91,3017.0,20.95138888888889,2.2811427125746735,91,91,3017.0,0.08678376641612709,1.5563549502412286,2.2811427125746735,91,3017.0,1.5563549502412286
22210.0,90,2885.0,19.896551724137932,2.4198070797047757,90,90,2885.0,0.08373733287380647,1.523798742985733,2.4198070797047757,90,2885.0,1.523798742985733
22215.0,94,2835.0,19.155405405405407,2.4308173972941147,94,94,2799.0,0.07911390690125854,1.39127540311203,2.4308173972941147,94,2799.0,1.39127540311203
22220.0,95,2805.0,19.081632653061224,2.494294378795318,95,95,2805.0,0.08481384043952131,1.4750951404683865,2.494294378795318,95,2805.0,1.4750951404683865
22225.0,96,2692.0,18.06711409395973,2.5308415792279826,96,96,2692.0,0.0777233911942614,1.442319744937948,2.5308415792279826,96,2692.0,1.442319744937948
22230.0,91,2509.0,16.838926174496645,2.683900229555898,91,91,2482.0,0.07930283084573898,1.499875960272458,2.683900229555898,91,2482.0,1.499875960272458
22235.0,87,2388.0,16.356164383561644,2.8396954930856557,87,87,2388.0,0.09264556178812818,1.7420129016932806,2.8396954930856557,87,2388.0,1.7420129016932806
22240.0,88,2391.0,16.489655172413794,2.588541968139531,88,88,2391.0,0.07896995104333539,1.5320073188276684,2.588541968139531,88,2391.0,1.5320073188276684
22245.0,90,2338.0,16.124137931034483,2.4695027509352534,90,90,2310.0,0.07142249020591436,1.3560954224638195,2.4695027509352534,90,2310.0,1.3560954224638195
22250.0,88,2287.0,15.772413793103448,2.4092295501439613,88,88,2287.0,0.07519024586099633,1.3550225785620507,2.4092295501439613,88,2287.0,1.3550225785620507
22255.0,86,1468.0,10.124137931034483,2.440902031013529,86,86,1468.0,0.07117234676016727,1.3572118428549906,2.440902031013529,86,1468.0,1.3572118428549906
22260.0,85,1222.0,8.545454545454545,2.3933023735094436,85,85,911.0,0.07433116849903387,1.3785876948220903,2.3933023735094436,85,911.0,1.3785876948220903
22265.0,94,1376.0,9.424657534246576,2.2871427661376718,94,94,1376.0,0.0687708158157531,1.2927328906542,2.2871427661376718,94,1376.0,1.2927328906542
22270.0,97,1477.0,9.912751677852349,2.2314017920035774,97,97,1477.0,0.06272223138740049,1.1625244519886597,2.2314017920035774,97,1477.0,1.1625244519886597
22275.0,99,1660.0,10.993377483443709,2.233380104327503,99,99,1623.0,0.059741467323071784,1.1063136055025482,2.233380104327503,99,1623.0,1.1063136055025482
22280.0,104,1879.0,12.782312925170068,2.0784566149197463,104,104,1879.0,0.062484110958397766,1.1400934768495294,2.0784566149197463,104,1879.0,1.1400934768495294
22285.0,103,2018.0,13.821917808219178,1.8944687076668798,103,103,2018.0,0.05824447272670376,1.0682039276048898,1.8944687076668798,103,2018.0,1.0682039276048898
22290.0,99,2100.0,14.383561643835616,2.1080639556506386,99,99,2057.0,0.062464593927935706,1.1519188741011022,2.1080639556506386,99,2057.0,1.1519188741011022
22295.0,99,2220.0,15.205479452054794,2.246134510697132,99,99,2220.0,0.07060265467453489,1.2736630521020487,2.246134510697132,99,2220.0,1.2736630521020487
22300.0,102,2335.0,15.671140939597315,2.0221358181257183,102,102,2335.0,0.04986840861406913,0.9169921138491829,2.0221358181257183,102,2335.0,0.9169921138491829
22305.0,104,2531.0,17.217687074829932,1.981935934086374,104,104,2522.0,0.048713099222301645,0.9047583448597065,1.981935934086374,104,2522.0,0.9047583448597065
22310.0,112,2846.0,19.22972972972973,1.8492687625440245,112,112,2846.0,0.04682397492889418,0.8477183824765436,1.8492687625440245,112,2846.0,0.8477183824765436
22315.0,113,3144.0,21.387755102040817,1.6786214178967676,113,113,3144.0,0.0384597943503159,0.6902737636113717,1.6786214178967676,113,3144.0,0.6902737636113717
22320.0,110,3399.0,23.122448979591837,1.8235741880253442,110,110,3386.0,0.041749591670709976,0.7551733199435444,1.8235741880253442,110,3386.0,0.7551733199435444
22325.0,106,3637.0,24.574324324324323,1.9561263971320617,106,106,3637.0,0.05346214575039809,0.9564684923649849,1.9561263971320617,106,3637.0,0.9564684923649849
22330.0,102,3630.0,25.03448275862069,1.9283363100132689,102,102,3630.0,0.052339350436533094,0.9852362547001127,1.9283363100132689,102,3630.0,0.9852362547001127
22335.0,97,3450.0,23.958333333333332,1.9314356024079469,97,97,3377.0,0.06079445591500782,1.083431787877952,1.9314356024079469,97,3377.0,1.083431787877952
22340.0,94,3252.0,22.74125874125874,2.1960763400569077,94,94,3252.0,0.0784438084712633,1.366288026361784,2.1960763400569077,94,3252.0,1.366288026361784
22345.0,91,3034.0,21.069444444444443,2.3956586355491343,91,91,3034.0,0.08242634918164733,1.5227819779004692,2.3956586355491343,91,3034.0,1.5227819779004692
22350.0,87,2824.0,20.02836879432624,2.2815792347270656,87,87,2824.0,0.08077234227066918,1.5534651162294073,2.2815792347270656,87,2824.0,1.5534651162294073
22355.0,92,2824.0,20.02836879432624,2.2170077313916163,92,92,2801.0,0.0798084982681067,1.4933924628638426,2.2170077313916163,92,2801.0,1.4933924628638426
22360.0,98,2850.0,19.791666666666668,2.10422892303888,98,98,2850.0,0.06678801983073641,1.2359987129490546,2.10422892303888,98,2850.0,1.2359987129490546
22365.0,96,2779.0,19.29861111111111,2.0900385332475655,96,96,2779.0,0.06246233851301182,1.1855362833445169,2.0900385332475655,96,2779.0,1.1855362833445169
22370.0,93,2624.0,18.09655172413793,2.1925685998611315,93,93,2591.0,0.06321593647622839,1.1974468163044696,2.1925685998611315,93,2591.0,1.1974468163044696
22375.0,90,2461.0,17.09027777777778,2.457838069728948,90,90,2461.0,0.07820103683095432,1.4516015710453607,2.457838069728948,90,2461.0,1.4516015710453607
22380.0,86,2220.0,15.633802816901408,2.3950343005520676,86,86,2220.0,0.07344088042590945,1.3768368006335154,2.3950343005520676,86,2220.0,1.3768368006335154
22385.0,87,1953.0,13.657342657342657,2.3653707296662447,87,87,1925.0,0.07521869082705347,1.362192385246774,2.3653707296662447,87,1925.0,1.362192385246774
22390.0,87,1689.0,11.648275862068965,2.6160750705155196,87,87,1689.0,0.0865403294917432,1.5760916520305004,2.6160750705155196,87,1689.0,1.5760916520305004
22395.0,85,1518.0,10.326530612244898,2.592347810087944,85,85,1518.0,0.07776820461466746,1.476244198996907,2.592347810087944,85,1518.0,1.476244198996907
22400.0,92,1638.0,11.219178082191782,2.505993042849746,92,92,1618.0,0.07348503805090179,1.4202468105760717,2.505993042849746,92,1618.0,1.4202468105760717
22405.0,99,1793.0,12.36551724137931,2.2923097545255744,99,99,1793.0,0.05967538303855346,1.1420157480315059,2.2923097545255744,99,1793.0,1.1420157480315059
22410.0,97,1868.0,12.972222222222221,2.1707848254526048,97,97,1868.0,0.058164706222530234,1.140821174277451,2.1707848254526048,97,1868.0,1.140821174277451
22415.0,94,1866.0,13.140845070422536,2.1742898383191123,94,94,1838.0,0.0662214191095977,1.2544673069777548,2.1742898383191123,94,1838.0,1.2544673069777548
22420.0,92,1851.0,12.944055944055943,2.1457375715700797,92,92,1851.0,0.06810487258566729,1.2221814583515112,2.1457375715700797,92,1851.0,1.2221814583515112
22425.0,88,1479.0,10.342657342657343,2.280803451369741,88,88,1479.0,0.06943587588502853,1.247806900265044,2.280803451369741,88,1479.0,1.247806900265044
22430.0,89,1497.0,10.54225352112676,2.2687174200428593,89,89,1344.0,0.06903893810981024,1.2506181158798515,2.2687174200428593,89,1344.0,1.2506181158798515
22435.0,96,1661.0,11.69718309859155,2.161531671253868,96,96,1661.0,0.06592388899019225,1.1676588656877387,2.161531671253868,96,1661.0,1.1676588656877387
22440.0,99,1849.0,12.93006993006993,2.081877538655175,99,99,1849.0,0.05687279375639793,1.0290699349720287,2.081877538655175,99,1849.0,1.0290699349720287
22445.0,102,2156.0,14.972222222222221,2.019297055791375,102,102,2139.0,0.06022376333590234,1.0713493713142332,2.019297055791375,102,2139.0,1.0713493713142332
22450.0,109,2536.0,17.734265734265733,1.8030034498377054,109,109,2536.0,0.05207625167304365,0.9150033767406973,1.8030034498377054,109,2536.0,0.9150033767406973
22455.0,114,2950.0,20.48611111111111,1.5240721197567602,114,114,2950.0,0.0355156518714536,0.6295979493750222,1.5240721197567602,114,2950.0,0.6295979493750222
22460.0,115,3375.0,23.6013986013986,1.6228659070710354,115,115,3375.0,0.037301010510569554,0.708674838191547,1.6228659070710354,115,3375.0,0.708674838191547
22465.0,118,3803.0,26.97163120567376,1.3511605056534388,118,118,3803.0,0.03898357110580163,0.7340458149539163,1.3511605056534388,118,3803.0,0.7340458149539163
22470.0,115,4220.0,29.929078014184398,1.3666749857949694,115,115,4220.0,0.03738220195588687,0.7381367328853592,1.3666749857949694,115,4220.0,0.7381367328853592
22475.0,117,4701.0,33.57857142857143,1.3528032714339264,117,117,4691.0,0.04338940643326819,0.8016023334975548,1.3528032714339264,117,4691.0,0.8016023334975548
22480.0,123,5303.0,37.34507042253521,1.117271278969423,123,123,5303.0,0.03725367917585586,0.630327740010742,1.117271278969423,123,5303.0,0.630327740010742
22485.0,126,5748.0,41.05714285714286,0.8886081308902573,126,126,5748.0,0.02485658712706055,0.4638497222436619,0.8886081308902573,126,5748.0,0.4638497222436619
22490.0,121,6062.0,42.690140845070424,0.8881383017546932,121,121,6004.0,0.02600469348272467,0.4600621052766424,0.8881383017546932,121,6004.0,0.4600621052766424
22495.0,119,6360.0,44.7887323943662,1.1296747231100968,119,119,6360.0,0.041945898379124665,0.7123747694201618,1.1296747231100968,119,6360.0,0.7123747694201618
22500.0,119,6632.0,46.37762237762238,1.1527630415910595,119,119,6632.0,0.03242745129944441,0.6075793206974501,1.1527630415910595,119,6632.0,0.6075793206974501
22505.0,121,6931.0,47.8,1.1468038060000627,121,121,6914.0,0.03043716825742692,0.586163629973801,1.1468038060000627,121,6914.0,0.586163629973801
22510.0,121,7236.0,50.25,1.1966346577851636,121,121,7236.0,0.03493461927918842,0.6683695123267417,1.1966346577851636,121,7236.0,0.6683695123267417
22515.0,119,7176.0,49.48965517241379,1.214507773867453,119,119,7176.0,0.030730732636826356,0.6089259259259237,1.214507773867453,119,7176.0,0.6089259259259237
22520.0,114,6856.0,47.282758620689656,1.47902467155085,114,114,6738.0,0.04540194896071214,0.8625853855960067,1.47902467155085,114,6738.0,0.8625853855960067
22525.0,110,6511.0,44.5958904109589,1.6768001623179625,110,110,6511.0,0.05490302722394873,1.0114679477373154,1.6768001623179625,110,6511.0,1.0114679477373154
22530.0,105,6068.0,41.84827586206897,1.7416401530181702,105,105,6068.0,0.05684684112030364,1.0766510845494262,1.7416401530181702,105,6068.0,1.0766510845494262
22535.0,104,5683.0,39.19310344827586,1.953040184889267,104,104,5648.0,0.05834739965520007,1.0997007603919258,1.953040184889267,104,5648.0,1.0997007603919258
22540.0,105,5304.0,36.833333333333336,1.8289607544839623,105,105,5304.0,0.05244164408272221,0.9540971435374398,1.8289607544839623,105,5304.0,0.9540971435374398
22545.0,102,4880.0,34.36619718309859,1.8136758293432267,102,102,4880.0,0.04975880767001,0.9283075130276582,1.8136758293432267,102,4880.0,0.9283075130276582
22550.0,98,4500.0,32.142857142857146,1.8708099297874794,98,98,4487.0,0.05502593174899644,1.0207839840389017,1.8708099297874794,98,4487.0,1.0207839840389017
22555.0,99,4318.0,30.84285714285714,1.9720767480364958,99,99,4318.0,0.061680681084962524,1.1146715532659723,1.9720767480364958,99,4318.0,1.1146715532659723
22560.0,100,4135.0,29.326241134751772,1.968882288123236,100,100,4135.0,0.05386316279044439,1.0150579690915686,1.968882288123236,100,4135.0,1.0150579690915686
22565.0,102,3963.0,27.520833333333332,1.9559592759027575,102,102,3960.0,0.05729557497135368,1.0301967475128633,1.9559592759027575,102,3960.0,1.0301967475128633
22570.0,103,3801.0,26.58041958041958,1.8784524656681072,103,103,3801.0,0.05603345853313506,1.0507488688997821,1.8784524656681072,103,3801.0,1.0507488688997821
22575.0,102,3427.0,23.79861111111111,1.9258881179795995,102,102,3427.0,0.0466044996646381,0.8984746850416689,1.9258881179795995,102,3427.0,0.8984746850416689
22580.0,98,3121.0,21.97887323943662,2.0553543160132084,98,98,3048.0,0.06375786326891104,1.154724685041667,2.0553543160132084,98,3048.0,1.154724685041667
22585.0,99,3161.0,22.104895104895103,2.16231487079534,99,99,3161.0,0.07425760674953838,1.2862347416464535,2.16231487079534,99,3161.0,1.2862347416464535
22590.0,100,3206.0,22.577464788732396,1.911731723826863,100,100,3206.0,0.061178333711009364,1.1224106015813748,1.911731723826863,100,3206.0,1.1224106015813748
22595.0,102,3261.0,23.127659574468087,1.8142962482581373,102,102,3261.0,0.05839314594672835,1.093543073044694,1.8142962482581373,102,3261.0,1.093543073044694
22600.0,104,3323.0,23.401408450704224,1.5712249662930844,104,104,3323.0,0.050370435105033466,0.9202089718315861,1.5712249662930844,104,3323.0,0.9202089718315861
22605.0,103,3349.0,23.58450704225352,1.625699814295522,103,103,3349.0,0.04601422846769064,0.88074136911886,1.625699814295522,103,3349.0,0.88074136911886
22610.0,99,3372.0,23.746478873239436,1.7506141180974835,99,99,3359.0,0.05579242220830621,1.0313850716715656,1.7506141180974835,99,3359.0,1.0313850716715656
22615.0,100,3420.0,24.25531914893617,1.8014028778478004,100,100,3420.0,0.061435549656459004,1.1281615023184464,1.8014028778478004,100,3420.0,1.1281615023184464
22620.0,100,3289.0,23.161971830985916,1.7340245614108205,100,100,3289.0,0.052882837321585566,1.0019927208279296,1.7340245614108205,100,3289.0,1.0019927208279296
22625.0,98,3027.0,21.167832167832167,1.803915027909882,98,98,2969.0,0.05511040734843398,1.073923076923071,1.803915027909882,98,2969.0,1.073923076923071
22630.0,93,2751.0,19.104166666666668,2.061317907653312,93,93,2751.0,0.0701372389871372,1.3146463465339648,2.061317907653312,93,2751.0,1.3146463465339648
22635.0,91,2433.0,16.779310344827586,2.091722557930506,91,91,2433.0,0.06782837568507243,1.2870126811173317,2.091722557930506,91,2433.0,1.2870126811173317
22640.0,92,2241.0,15.455172413793104,2.325331350194066,92,92,2223.0,0.07246796883077715,1.365246031679044,2.325331350194066,92,2223.0,1.365246031679044
22645.0,98,2341.0,15.92517006802721,2.2868739315380564,98,98,2341.0,0.07058921226196048,1.2748669717011891,2.2868739315380564,98,2341.0,1.2748669717011891
22650.0,99,2369.0,16.337931034482757,2.013961778745971,99,99,2369.0,0.060179625009696716,1.1341801030408603,2.013961778745971,99,2369.0,1.1341801030408603
22655.0,95,2324.0,16.13888888888889,2.191710842975137,95,95,2296.0,0.06697860352373065,1.250043857519614,2.191710842975137,95,2296.0,1.250043857519614
22660.0,93,2265.0,15.620689655172415,2.2213176184888472,93,93,2265.0,0.06577033971145868,1.2280157795394546,2.2213176184888472,93,2265.0,1.2280157795394546
22665.0,90,2112.0,14.873239436619718,2.175115948810505,90,90,2112.0,0.06368927146432783,1.2412700571400943,2.175115948810505,90,2112.0,1.2412700571400943
22670.0,86,1911.0,13.45774647887324,2.2824857937729446,86,86,1883.0,0.06711101451083264,1.2795654930974323,2.2824857937729446,86,1883.0,1.2795654930974323
22675.0,87,1746.0,12.20979020979021,2.497121184093935,87,87,1746.0,0.0769085189948745,1.4520533962189466,2.497121184093935,87,1746.0,1.4520533962189466
22680.0,88,1558.0,10.971830985915492,2.26093336865989,88,88,1558.0,0.06530119401180956,1.2622120272168682,2.26093336865989,88,1558.0,1.2622120272168682
22685.0,91,1484.0,10.450704225352112,2.170914108497992,91,91,1469.0,0.06615973053358062,1.2461638291396708,2.170914108497992,91,1469.0,1.2461638291396708
22690.0,97,1654.0,11.48611111111111,2.199710764819729,97,97,1654.0,0.06477387552818704,1.2141690410910075,2.199710764819729,97,1654.0,1.2141690410910075
22695.0,99,1762.0,12.23611111111111,1.9920243188829139,99,99,1762.0,0.05242077554507288,0.9747558450105155,1.9920243188829139,99,1762.0,0.9747558450105155
22700.0,96,1797.0,12.654929577464788,2.028163928397805,96,96,1769.0,0.06551004680396902,1.1823568496356809,2.028163928397805,96,1769.0,1.1823568496356809
22705.0,93,1813.0,12.678321678321678,2.2855356142502026,93,93,1813.0,0.07763179525215357,1.4156806727437605,2.2855356142502026,93,1813.0,1.4156806727437605
22710.0,90,1727.0,11.993055555555555,2.269635461899136,90,90,1727.0,0.07116148726435766,1.3394584119356965,2.269635461899136,90,1727.0,1.3394584119356965
22715.0,86,1616.0,11.380281690140846,2.4056348152156226,86,86,1588.0,0.07963673861679361,1.507178607253987,2.4056348152156226,86,1588.0,1.507178607253987
22720.0,87,1598.0,11.253521126760564,2.3967718751916856,87,87,1598.0,0.07857499363426354,1.4828501992353555,2.3967718751916856,87,1598.0,1.4828501992353555
22725.0,89,1543.0,10.866197183098592,2.206278204207194,88,89,1542.0,0.06729657431033832,1.298137456055723,2.206278204207194,88,1542.0,1.298137456055723
22730.0,87,1508.0,10.619718309859154,2.045783364766192,87,87,1495.0,0.06089322947592915,1.1854154930082423,2.045783364766192,87,1495.0,1.1854154930082423
22735.0,90,1568.0,10.88888888888889,2.178130681682342,90,90,1568.0,0.0654826604183529,1.2551743978540775,2.178130681682342,90,1568.0,1.2551743978540775
22740.0,91,1596.0,11.160839160839162,1.975057316232008,91,91,1596.0,0.058440586249273285,1.113512731909693,1.975057316232008,91,1596.0,1.113512731909693
22745.0,89,1585.0,11.006944444444445,2.013482755015021,89,89,1572.0,0.06314159699717385,1.1989557292859938,2.013482755015021,89,1572.0,1.1989557292859938
22750.0,85,1556.0,10.73103448275862,2.373463906390477,85,85,1556.0,0.08139469076090648,1.5126480369782966,2.373463906390477,85,1556.0,1.5126480369782966
22755.0,83,1514.0,10.441379310344828,2.401539784019425,83,83,1514.0,0.08330087901153091,1.5440323783425045,2.401539784019425,83,1514.0,1.5440323783425045
22760.0,79,1394.0,9.748251748251748,2.4999679627890776,79,79,1394.0,0.0894525221822128,1.6847585486934438,2.4999679627890776,79,1394.0,1.6847585486934438
22765.0,83,1459.0,10.131944444444445,2.4376521275693994,83,83,1412.0,0.08659057354819855,1.603488954412972,2.4376521275693994,83,1412.0,1.603488954412972
22770.0,87,1575.0,10.787671232876713,2.5640873608012127,87,87,1575.0,0.08654971342050319,1.6164887457567065,2.5640873608012127,87,1575.0,1.6164887457567065
22775.0,87,1715.0,11.909722222222221,2.3955231884806736,87,87,1715.0,0.07676746266143165,1.4495424801970949,2.3955231884806736,87,1715.0,1.4495424801970949
22780.0,90,1923.0,13.26206896551724,2.2118046839911085,90,90,1910.0,0.06589458615737422,1.2280367799972682,2.2118046839911085,90,1910.0,1.2280367799972682
22785.0,92,2149.0,14.619047619047619,2.4265068178173754,92,92,2149.0,0.07592469366293743,1.384175053891924,2.4265068178173754,92,2149.0,1.384175053891924
22790.0,90,2376.0,15.946308724832214,2.373465460727294,90,90,2376.0,0.06558635284718504,1.2258377421534,2.373465460727294,90,2376.0,1.2258377421534
22795.0,96,2684.0,18.258503401360546,2.318536807252193,96,96,2671.0,0.06539838894315707,1.2226823483460634,2.318536807252193,96,2671.0,1.2226823483460634
22800.0,100,3025.0,20.862068965517242,2.197994417434593,100,100,3025.0,0.06583408053672768,1.2114755084364035,2.197994417434593,100,3025.0,1.2114755084364035
22805.0,101,3225.0,21.644295302013422,2.16064455056968,101,101,3225.0,0.05326275193757118,1.020341612236878,2.16064455056968,101,3225.0,1.020341612236878
22810.0,102,3330.0,22.653061224489797,2.2106736116719397,102,102,3266.0,0.06221133771845691,1.1452020773531546,2.2106736116719397,102,3266.0,1.1452020773531546
22815.0,103,3435.0,23.527397260273972,2.068665114935337,103,103,3435.0,0.06249682394079973,1.0960632750875743,2.068665114935337,103,3435.0,1.0960632750875743
22820.0,99,3444.0,23.751724137931035,2.0753752448164997,99,99,3444.0,0.06055472770720839,1.1041181717482664,2.0753752448164997,99,3444.0,1.1041181717482664
22825.0,95,3369.0,23.55944055944056,2.0320021324914572,95,95,3341.0,0.0629159030066406,1.1198813851214369,2.0320021324914572,95,3341.0,1.1198813851214369
22830.0,91,3278.0,22.923076923076923,2.3165095438524257,91,91,3278.0,0.07977799638447607,1.3649446367828373,2.3165095438524257,91,3278.0,1.3649446367828373
22835.0,89,3223.0,22.858156028368793,2.5432671334682326,89,89,3223.0,0.08706187780311063,1.556981028163276,2.5432671334682326,89,3223.0,1.556981028163276
22840.0,91,3157.0,22.390070921985817,2.22365006070273,91,91,3157.0,0.06728390898096406,1.256535546434624,2.22365006070273,91,3157.0,1.256535546434624
22845.0,94,3144.0,22.618705035971225,2.1894877325278372,94,94,3125.0,0.06977341147776939,1.27987099868006,2.1894877325278372,94,3125.0,1.27987099868006
22850.0,94,3134.0,22.22695035460993,2.273068208357457,94,94,3134.0,0.06913518076046091,1.2940255931826716,2.273068208357457,94,3134.0,1.2940255931826716
22855.0,93,2361.0,16.985611510791365,2.1794968752608925,92,93,2360.0,0.05895112230769708,1.1103881744996966,2.1794968752608925,92,2360.0,1.1103881744996966
22860.0,91,2097.0,15.306569343065693,2.2363947797117945,91,91,1786.0,0.06620117235737752,1.2466659581815183,2.2363947797117945,91,1786.0,1.2466659581815183
22865.0,90,2062.0,14.83453237410072,2.2577486574010908,90,90,2062.0,0.0676310226688212,1.2823033676474562,2.2577486574010908,90,2062.0,1.2823033676474562
22870.0,94,2115.0,15.326086956521738,2.214593056688298,94,94,2115.0,0.06562634868796224,1.2748709750453977,2.214593056688298,94,2115.0,1.2748709750453977
22875.0,100,2477.0,17.56737588652482,2.1266899064633917,100,100,2477.0,0.06277049301427859,1.124446817023328,2.1266899064633917,100,2477.0,1.124446817023328
22880.0,109,3000.0,21.428571428571427,1.8900542957340971,109,109,3000.0,0.05509052641907338,1.0186103596102378,1.8900542957340971,109,3000.0,1.0186103596102378
22885.0,114,3506.0,24.865248226950353,1.671056032297779,114,114,3506.0,0.041563064962005146,0.7751439394673626,1.671056032297779,114,3506.0,0.7751439394673626
22890.0,118,4085.0,28.97163120567376,1.4957065865751609,118,118,4071.0,0.035217259243391856,0.6195365361725281,1.4957065865751609,118,4071.0,0.6195365361725281
22895.0,120,4685.0,33.70503597122302,1.4023054820256713,120,120,4685.0,0.03564430858361903,0.6222387740728659,1.4023054820256713,120,4685.0,0.6222387740728659
22900.0,119,5273.0,37.935251798561154,1.1428943322408789,119,119,5273.0,0.019726035521368233,0.34690330135308084,1.1428943322408789,119,5273.0,0.34690330135308084
22905.0,121,5876.0,42.89051094890511,1.12838734718081,121,121,5869.0,0.026212673239203104,0.4316763423578445,1.12838734718081,121,5869.0,0.4316763423578445
22910.0,121,6481.0,47.306569343065696,1.1155171260983614,121,121,6481.0,0.03270295974992659,0.5547063516460723,1.1155171260983614,121,6481.0,0.5547063516460723
22915.0,119,6797.0,49.97794117647059,1.0547838392319524,119,119,6797.0,0.02255576914698392,0.41929914185562667,1.0547838392319524,119,6797.0,0.41929914185562667
22920.0,115,6906.0,51.15555555555556,1.1590756189111067,115,115,6813.0,0.030759470592881356,0.5689880655831832,1.1590756189111067,115,6813.0,0.5689880655831832
22925.0,112,6995.0,51.058394160583944,1.2965110018895682,112,112,6995.0,0.03969836353272368,0.7212115900123881,1.2965110018895682,112,6995.0,0.7212115900123881
22930.0,107,6795.0,49.5985401459854,1.4996207661911458,107,107,6795.0,0.04163243953922022,0.8028404217524422,1.4996207661911458,107,6795.0,0.8028404217524422
22935.0,103,6391.0,46.64963503649635,1.5536956726796658,103,103,6303.0,0.04677516194566805,0.8815574044192601,1.5536956726796658,103,6303.0,0.8815574044192601
22940.0,99,5970.0,43.57664233576642,1.932462098438969,99,99,5970.0,0.06418260776170027,1.1920333841871658,1.932462098438969,99,5970.0,1.1920333841871658
22945.0,96,5468.0,39.91240875912409,1.84466289836359,96,96,5468.0,0.06115178072965956,1.167659473966043,1.84466289836359,96,5468.0,1.167659473966043
22950.0,95,5016.0,36.613138686131386,1.998358312633296,95,95,4992.0,0.06288538210737571,1.1834127756505364,1.998358312633296,95,4992.0,1.1834127756505364
22955.0,95,4566.0,33.5735294117647,2.1311596700543918,95,95,4566.0,0.07230406204420799,1.330682472642266,2.1311596700543918,95,4566.0,1.330682472642266
22960.0,98,4119.0,30.28676470588235,1.7701315101435506,98,98,4119.0,0.04953375318980556,0.9616140503362213,1.7701315101435506,98,4119.0,0.9616140503362213
22965.0,95,3608.0,26.529411764705884,1.905552194114745,95,95,3608.0,0.05224275124351102,1.038662085406596,1.905552194114745,95,3608.0,1.038662085406596
22970.0,95,3158.0,22.884057971014492,1.8795770143229777,95,95,3098.0,0.05342545145028341,0.9888795379898523,1.8795770143229777,95,3098.0,0.9888795379898523
22975.0,97,2717.0,19.977941176470587,1.8102225591673715,97,97,2717.0,0.05646221267848023,1.046302702014018,1.8102225591673715,97,2717.0,1.046302702014018
22980.0,97,2401.0,17.654411764705884,1.84840870965381,97,97,2401.0,0.049594201546658175,0.9645505045912852,1.84840870965381,97,2401.0,0.9645505045912852
22985.0,103,2673.0,19.09285714285714,1.745750805451073,103,103,2668.0,0.045618109552853156,0.8636898751705019,1.745750805451073,103,2668.0,0.8636898751705019
22990.0,111,3191.0,22.9568345323741,1.5831731937346396,111,111,3191.0,0.04283437660825765,0.8118733932221581,1.5831731937346396,111,3191.0,0.8118733932221581
22995.0,114,3560.0,25.797101449275363,1.2172261683119803,114,114,3560.0,0.027224978177886567,0.5136370128681338,1.2172261683119803,114,3560.0,0.5136370128681338
23000.0,115,3812.0,27.6231884057971,1.261255843559898,115,115,3749.0,0.03557110671591994,0.6457076708817705,1.261255843559898,115,3749.0,0.6457076708817705
23005.0,113,4052.0,28.942857142857143,1.5571915564669805,113,113,4052.0,0.05042504050108983,0.8967608515474135,1.5571915564669805,113,4052.0,0.8967608515474135
23010.0,111,4279.0,30.564285714285713,1.570905335737252,111,111,4279.0,0.040642078901566944,0.7890411848212024,1.570905335737252,111,4279.0,0.7890411848212024
23015.0,111,4509.0,32.207142857142856,1.694295747599201,111,111,4509.0,0.04088003357386137,0.8037808824623681,1.694295747599201,111,4509.0,0.8037808824623681
23020.0,113,4743.0,34.12230215827338,1.4034430066570978,113,113,4743.0,0.02982688644493477,0.5499073361768612,1.4034430066570978,113,4743.0,0.5499073361768612
23025.0,110,4737.0,35.08888888888889,1.2811057079987953,110,110,4737.0,0.036317356787998335,0.6685573944004871,1.2811057079987953,110,4737.0,0.6685573944004871
23030.0,105,4547.0,33.43382352941177,1.3845359739847989,105,105,4469.0,0.04669514632183919,0.8366146933904599,1.3845359739847989,105,4469.0,0.8366146933904599
23035.0,102,4338.0,31.897058823529413,1.6245591364738106,102,102,4338.0,0.056468848107642695,1.0081019610985553,1.6245591364738106,102,4338.0,1.0081019610985553
23040.0,97,4014.0,29.733333333333334,1.6681077587293527,97,97,4014.0,0.05702635620524182,1.0434962502887486,1.6681077587293527,97,4014.0,1.0434962502887486
23045.0,97,3767.0,27.297101449275363,1.792916255908213,97,97,3727.0,0.055711086941826166,1.0208927984167373,1.792916255908213,97,3727.0,1.0208927984167373
23050.0,97,3527.0,25.744525547445257,1.9765196390557118,97,97,3527.0,0.0647883929316085,1.1848679408040754,1.9765196390557118,97,3527.0,1.1848679408040754
23055.0,98,3292.0,24.029197080291972,1.8280649595341623,98,98,3292.0,0.057999315653623464,1.0975675094835078,1.8280649595341623,98,3292.0,1.0975675094835078
23060.0,100,3150.0,23.333333333333332,1.819918765304077,100,100,3150.0,0.052666934077715735,1.061751126549444,1.819918765304077,100,3150.0,1.061751126549444
23065.0,108,3267.0,23.67391304347826,1.6461338166124293,108,108,3267.0,0.04316933190269162,0.8621813572397129,1.6461338166124293,108,3267.0,0.8621813572397129
23070.0,110,3397.0,24.43884892086331,1.571918943644406,110,110,3397.0,0.043143124356262205,0.8629370137464532,1.571918943644406,110,3397.0,0.8629370137464532
23075.0,112,3548.0,25.34285714285714,1.535333044365381,112,112,3539.0,0.04517294470544316,0.8408849622330105,1.535333044365381,112,3539.0,0.8408849622330105
23080.0,115,3743.0,26.359154929577464,1.3126480273155672,115,115,3743.0,0.03741034786604681,0.6422053452766683,1.3126480273155672,115,3743.0,0.6422053452766683
23085.0,113,3942.0,27.95744680851064,1.3191910304897256,113,113,3942.0,0.03560979105047735,0.630509201442713,1.3191910304897256,113,3942.0,0.630509201442713
23090.0,113,4132.0,29.30496453900709,1.2999141491653068,113,113,4059.0,0.03643328663535243,0.6645290176222065,1.2999141491653068,113,4059.0,0.6645290176222065
23095.0,114,4325.0,30.892857142857142,1.3664115590908963,114,114,4325.0,0.03878090143203438,0.6983818802476756,1.3664115590908963,114,4325.0,0.6983818802476756
23100.0,110,4330.0,31.605839416058394,1.2889970724945672,110,110,4330.0,0.037579500835449225,0.7171557503648336,1.2889970724945672,110,4330.0,0.7171557503648336
23105.0,106,4194.0,30.172661870503596,1.394820605369823,106,106,4136.0,0.04208822841907102,0.8027125757457936,1.394820605369823,106,4136.0,0.8027125757457936
23110.0,102,4039.0,29.268115942028984,1.75425623617611,102,102,4039.0,0.06112823736424941,1.1517404585872373,1.75425623617611,102,4039.0,1.1517404585872373
23115.0,99,3835.0,27.392857142857142,1.729572609322211,99,99,3835.0,0.05713737782328779,1.0522508492088445,1.729572609322211,99,3835.0,1.0522508492088445
23120.0,99,3655.0,26.107142857142858,1.9873915511612978,99,99,3637.0,0.06257832809541726,1.1419058053873932,1.9873915511612978,99,3637.0,1.1419058053873932
23125.0,102,3477.0,24.485915492957748,2.0195692896466535,102,102,3477.0,0.06411468212153551,1.1177320757168938,2.0195692896466535,102,3477.0,1.1177320757168938
23130.0,97,3206.0,22.577464788732396,2.0632043831463003,97,97,3206.0,0.05967694716035147,1.1122404995087702,2.0632043831463003,97,3206.0,1.1122404995087702
23135.0,93,2852.0,20.51798561151079,2.145291099129702,93,93,2824.0,0.06567415502258048,1.2332889939198959,2.145291099129702,93,2824.0,1.2332889939198959
23140.0,89,2478.0,17.574468085106382,2.331980429724314,89,89,2478.0,0.07276394971222826,1.3482985679431028,2.331980429724314,89,2478.0,1.3482985679431028
23145.0,88,2089.0,14.92142857142857,2.2954662096921337,87,88,2088.0,0.06508728398068207,1.2666427551182105,2.2954662096921337,87,2088.0,1.2666427551182105
23150.0,89,1802.0,12.871428571428572,2.230595535713799,89,89,1801.0,0.060290838293284535,1.1692605086536068,2.230595535713799,89,1801.0,1.1692605086536068
23155.0,94,1812.0,13.130434782608695,2.053936375750618,94,94,1812.0,0.05997513166111347,1.1330626844807563,2.053936375750618,94,1812.0,1.1330626844807563
23160.0,100,1931.0,14.094890510948906,1.715795511238274,100,100,1931.0,0.04614379264238483,0.8799996509339388,1.715795511238274,100,1931.0,0.8799996509339388
23165.0,101,2200.0,15.602836879432624,1.7000977031843407,101,101,2200.0,0.04645547212300984,0.8903282206627757,1.7000977031843407,101,2200.0,0.8903282206627757
23170.0,103,2460.0,17.4468085106383,1.7734870401976224,103,103,2442.0,0.052211116001423405,0.9637865939388582,1.7734870401976224,103,2442.0,0.9637865939388582
23175.0,102,2727.0,19.204225352112676,1.8822687150156263,102,102,2727.0,0.057162501800897866,1.0505663912792755,1.8822687150156263,102,2727.0,1.0505663912792755
23180.0,98,2782.0,19.591549295774648,1.9969521558082763,98,98,2782.0,0.05753900086625174,1.118480230992048,1.9969521558082763,98,2782.0,1.118480230992048
23185.0,96,2684.0,19.309352517985612,1.8624845883287315,96,96,2621.0,0.06182790480619607,1.1846634786564187,1.8624845883287315,96,2621.0,1.1846634786564187
23190.0,90,2570.0,18.489208633093526,2.2533736847911725,90,90,2570.0,0.07840054650249648,1.4561982939634048,2.2533736847911725,90,2570.0,1.4561982939634048
23195.0,88,2462.0,17.970802919708028,2.2060852046752624,88,88,2462.0,0.07491329273048322,1.4034530302050228,2.2060852046752624,88,2462.0,1.4034530302050228
23200.0,94,2494.0,17.942446043165468,2.034293004624981,94,94,2479.0,0.059521968343183046,1.1118170141089383,2.034293004624981,94,2479.0,1.1118170141089383
23205.0,99,2553.0,18.235714285714284,1.981226218124486,99,99,2553.0,0.05881840094206023,1.0794380060127153,1.981226218124486,99,2553.0,1.0794380060127153
23210.0,98,2532.0,17.95744680851064,1.7708524964046304,98,98,2532.0,0.046169480177577174,0.8718378027420705,1.7708524964046304,98,2532.0,0.8718378027420705
23215.0,96,2441.0,17.190140845070424,1.9892633120220173,96,96,2413.0,0.0565843107152708,1.056139290021516,1.9892633120220173,96,2413.0,1.056139290021516
23220.0,93,2341.0,16.602836879432623,2.2064974540576547,93,93,2341.0,0.07082176810746448,1.2982191269508079,2.2064974540576547,93,2341.0,1.2982191269508079
23225.0,88,2128.0,14.777777777777779,2.2450731453709105,88,88,2128.0,0.06425921077323893,1.239931196793847,2.2450731453709105,88,2128.0,1.239931196793847
23230.0,86,1881.0,13.340425531914894,2.357875456765439,86,86,1853.0,0.07631106604131843,1.4087204788287593,2.357875456765439,86,1853.0,1.4087204788287593
23235.0,87,1688.0,11.887323943661972,2.3329457349676654,87,87,1688.0,0.08113528652648033,1.47015625,2.3329457349676654,87,1688.0,1.47015625
23240.0,88,1487.0,10.546099290780141,2.1967078534415316,88,88,1487.0,0.07773169491186974,1.4598435153798552,2.1967078534415316,88,1487.0,1.4598435153798552
23245.0,91,1543.0,10.866197183098592,2.1232751880218235,91,91,1519.0,0.07271542851621435,1.344505170577218,2.1232751880218235,91,1519.0,1.344505170577218
23250.0,97,1713.0,11.895833333333334,2.118008096370167,97,97,1713.0,0.07242511196944108,1.2941163398034692,2.118008096370167,97,1713.0,1.2941163398034692
23255.0,99,1570.0,11.056338028169014,1.9940878253603251,99,99,1570.0,0.06205030226292576,1.1522346144713014,1.9940878253603251,99,1570.0,1.1522346144713014
23260.0,100,1769.0,12.37062937062937,1.847011432069533,100,100,1597.0,0.052965982618520785,0.9575623951085203,1.847011432069533,100,1597.0,0.9575623951085203
23265.0,101,1974.0,13.901408450704226,1.884913652559134,101,101,1974.0,0.0616888643188908,1.0514283162526394,1.884913652559134,101,1974.0,1.0514283162526394
23270.0,101,2176.0,15.11111111111111,1.8740712283479692,101,101,2176.0,0.05122811380438208,0.918865678401819,1.8740712283479692,101,2176.0,0.918865678401819
23275.0,102,2435.0,17.26950354609929,1.8155780295551016,102,102,2430.0,0.0520564941818556,0.946336047966019,1.8155780295551016,102,2430.0,0.946336047966019
23280.0,108,2815.0,19.9645390070922,1.676659838281101,108,108,2815.0,0.04557745752608523,0.8333057671306454,1.676659838281101,108,2815.0,0.8333057671306454
23285.0,113,3221.0,22.061643835616437,1.5888772141130547,113,113,3221.0,0.037929268030238224,0.7066433497583514,1.5888772141130547,113,3221.0,0.7066433497583514
23290.0,114,3560.0,24.72222222222222,1.5018278898842445,114,114,3560.0,0.03546004742184744,0.6894309988354903,1.5018278898842445,114,3560.0,0.6894309988354903
23295.0,116,3810.0,26.095890410958905,1.4115262500180223,116,116,3747.0,0.03624147533020678,0.6573678038820547,1.4115262500180223,116,3747.0,0.6573678038820547
23300.0,116,4072.0,28.27777777777778,1.5728010006417845,116,116,4072.0,0.04885085909448061,0.8690428203411481,1.5728010006417845,116,4072.0,0.8690428203411481
23305.0,113,4119.0,28.604166666666668,1.50490073188985,113,113,4119.0,0.039986712704247564,0.7261041763991661,1.50490073188985,113,4119.0,0.7261041763991661
23310.0,108,4018.0,28.295774647887324,1.5905459460049909,108,108,3955.0,0.04886039404990695,0.8817458411752896,1.5905459460049909,108,3955.0,0.8817458411752896
23315.0,103,3893.0,27.41549295774648,1.9690810900343434,103,103,3893.0,0.06640647328253843,1.18347001157574,1.9690810900343434,103,3893.0,1.18347001157574
23320.0,101,3748.0,26.02777777777778,1.9808362215014088,101,101,3748.0,0.057329338053743975,1.0357862604527397,1.9808362215014088,101,3748.0,1.0357862604527397
23325.0,96,3539.0,24.922535211267604,2.075067110524381,96,96,3539.0,0.06357251423068365,1.1552751185517462,2.075067110524381,96,3539.0,1.1552751185517462
23330.0,98,3374.0,23.929078014184398,2.0136490277741084,98,98,3349.0,0.06597971004850318,1.2078809861029018,2.0136490277741084,98,3349.0,1.2078809861029018
23335.0,97,3209.0,22.75886524822695,2.1996658220566303,97,97,3209.0,0.0696127968650587,1.2579665388469552,2.1996658220566303,97,3209.0,1.2579665388469552
23340.0,95,2937.0,20.978571428571428,2.208813953008529,95,95,2937.0,0.0626091745322796,1.1498368294962866,2.208813953008529,95,2937.0,1.1498368294962866
23345.0,91,2575.0,18.133802816901408,2.323522658092743,91,91,2542.0,0.06886375687004279,1.2462107767931119,2.323522658092743,91,2542.0,1.2462107767931119
23350.0,87,2196.0,15.685714285714285,2.524836755058203,87,87,2196.0,0.08543711650489681,1.5488092507995055,2.524836755058203,87,2196.0,1.5488092507995055
23355.0,83,1790.0,12.877697841726619,2.3293834385991112,83,83,1790.0,0.07698831521356894,1.4473111949169173,2.3293834385991112,83,1790.0,1.4473111949169173
23360.0,85,1565.0,11.178571428571429,2.510004428850957,85,85,1537.0,0.08216883863538287,1.5333835968135272,2.510004428850957,85,1537.0,1.5333835968135272
23365.0,86,1362.0,9.591549295774648,2.6415299380366624,86,86,1362.0,0.09052925454639277,1.6694309738669897,2.6415299380366624,86,1362.0,1.6694309738669897
23370.0,83,1307.0,9.13986013986014,2.619209644848684,83,83,1307.0,0.08320887065818648,1.5603415792281283,2.619209644848684,83,1307.0,1.5603415792281283
23375.0,90,1417.0,9.909090909090908,2.6039977230140114,90,90,1394.0,0.08010870626060416,1.5057070077223291,2.6039977230140114,90,1394.0,1.5057070077223291
23380.0,97,1563.0,11.007042253521126,2.204759337525518,97,97,1563.0,0.06171599735399461,1.1277324202708345,2.204759337525518,97,1563.0,1.1277324202708345
23385.0,96,1633.0,11.748201438848922,2.062828912532214,96,96,1633.0,0.05584576671111644,1.041996743169978,2.062828912532214,96,1633.0,1.041996743169978
23390.0,92,1625.0,11.607142857142858,2.1049070620448385,92,92,1597.0,0.05666242069397589,1.0535954100024414,2.1049070620448385,92,1597.0,1.0535954100024414
23395.0,88,1599.0,11.58695652173913,2.327146341609761,88,88,1599.0,0.07353776721620836,1.3352931042159994,2.327146341609761,88,1599.0,1.3352931042159994
23400.0,84,1462.0,10.671532846715328,2.3052574999548203,84,84,1462.0,0.06727221852441295,1.2429498960019152,2.3052574999548203,84,1462.0,1.2429498960019152
23405.0,81,1304.0,9.518248175182482,2.3337677095237637,81,81,1276.0,0.07354980548710467,1.3448100344433593,2.3337677095237637,81,1276.0,1.3448100344433593
23410.0,81,1259.0,9.257352941176471,2.4529270694957868,81,81,1259.0,0.08635572578220585,1.54948626395156,2.4529270694957868,81,1259.0,1.54948626395156
23415.0,83,1238.0,8.906474820143885,2.389831482473602,83,83,1238.0,0.08198581302439648,1.5104151865250746,2.389831482473602,83,1238.0,1.5104151865250746
23420.0,89,1368.0,9.841726618705035,2.3174424130061038,89,89,1349.0,0.07197913708902764,1.3651448263376227,2.3174424130061038,89,1349.0,1.3651448263376227
23425.0,98,1533.0,10.95,2.1003811770819865,98,98,1533.0,0.07074353553800479,1.2541306742872285,2.1003811770819865,98,1533.0,1.2541306742872285
23430.0,95,1626.0,11.697841726618705,2.0926310861259805,95,95,1626.0,0.06048525336346487,1.1206493786232237,2.0926310861259805,95,1626.0,1.1206493786232237
23435.0,90,1636.0,11.855072463768115,2.3371336127004123,90,90,1608.0,0.07267341790557219,1.350031251465403,2.3371336127004123,90,1608.0,1.350031251465403
23440.0,87,1625.0,11.690647482014388,2.359057995653363,87,87,1625.0,0.07412684723938516,1.349400098362238,2.359057995653363,87,1625.0,1.349400098362238
23445.0,83,1511.0,11.02919708029197,2.3489862994049084,83,83,1511.0,0.07082443341680775,1.3473545547318189,2.3489862994049084,83,1511.0,1.3473545547318189
23450.0,80,1367.0,10.051470588235293,2.29111832961462,80,80,1339.0,0.07355996958820217,1.3552874843100133,2.29111832961462,80,1339.0,1.3552874843100133
23455.0,81,1322.0,9.64963503649635,2.528819785936678,81,81,1322.0,0.08380171398330354,1.5406680552462626,2.528819785936678,81,1322.0,1.5406680552462626
23460.0,84,1347.0,9.832116788321168,2.2900685586550513,84,84,1347.0,0.06866889757710766,1.3127906717869102,2.2900685586550513,84,1347.0,1.3127906717869102
23465.0,90,1482.0,10.51063829787234,2.2689169023948237,90,90,1466.0,0.06497823223213828,1.1751309280971514,2.2689169023948237,90,1466.0,1.1751309280971514
23470.0,96,1651.0,12.05109489051095,2.0146195143347705,96,96,1651.0,0.06188619361740189,1.1468476141608848,2.0146195143347705,96,1651.0,1.1468476141608848
23475.0,95,1786.0,12.848920863309353,2.0231136195152977,95,95,1786.0,0.05263420124476959,1.0285234589770413,2.0231136195152977,95,1786.0,1.0285234589770413
23480.0,91,1875.0,13.489208633093526,2.3081811256361853,91,91,1862.0,0.06896699188976076,1.2810517752295791,2.3081811256361853,91,1862.0,1.2810517752295791
23485.0,88,1940.0,13.956834532374101,2.3991670568254064,88,88,1940.0,0.07997705039924531,1.4380713480374439,2.3991670568254064,88,1940.0,1.4380713480374439
23490.0,84,1978.0,14.437956204379562,2.3773370404165717,84,84,1978.0,0.07841992142023169,1.4294935750766242,2.3773370404165717,84,1978.0,1.4294935750766242
23495.0,85,2077.0,15.5,2.3238576267637607,85,85,2068.0,0.08089977202905765,1.4807600053182897,2.3238576267637607,85,2068.0,1.4807600053182897
23500.0,92,2303.0,16.933823529411764,2.032002412885145,92,92,2303.0,0.06630942302990057,1.1976672502333268,2.032002412885145,92,2303.0,1.1976672502333268
23505.0,97,2504.0,18.41176470588235,1.870384224435744,97,97,2504.0,0.05783079119151766,1.0614978782839817,1.870384224435744,97,2504.0,1.0614978782839817
23510.0,99,2614.0,19.080291970802918,1.7508125110760004,99,99,2556.0,0.05261623448215139,0.970117901927974,1.7508125110760004,99,2556.0,0.970117901927974
23515.0,99,2734.0,19.81159420289855,1.901783997941755,99,99,2734.0,0.05873047186844312,1.0453270598942037,1.901783997941755,99,2734.0,1.0453270598942037
23520.0,95,2429.0,17.860294117647058,1.8783374871318792,95,95,2429.0,0.05476636130090685,1.0365196743351641,1.8783374871318792,95,2429.0,1.0365196743351641
23525.0,96,2506.0,18.159420289855074,1.898883996645265,96,96,2310.0,0.05456975223589621,1.0173665778255434,1.898883996645265,96,2310.0,1.0173665778255434
23530.0,97,2637.0,19.108695652173914,2.1205243232035467,97,97,2637.0,0.06669931507451336,1.1937859326642561,2.1205243232035467,97,2637.0,1.1937859326642561
23535.0,103,2838.0,20.715328467153284,1.8480016204366592,103,103,2838.0,0.04932913702393365,0.9011379609550358,1.8480016204366592,103,2838.0,0.9011379609550358
23540.0,105,3016.0,22.176470588235293,1.7406572885682043,105,105,3016.0,0.04341408507985158,0.7938556223805863,1.7406572885682043,105,3016.0,0.7938556223805863
23545.0,107,3241.0,23.656934306569344,1.7546183103869115,107,107,3218.0,0.05029424875250295,0.867586610972695,1.7546183103869115,107,3218.0,0.867586610972695
23550.0,106,3467.0,25.49264705882353,1.7434836853551647,106,106,3467.0,0.05360274891288166,0.897307109773756,1.7434836853551647,106,3467.0,0.897307109773756
23555.0,106,3697.0,27.58955223880597,1.7131874479566733,106,106,3697.0,0.04858217092515203,0.8675612312683115,1.7131874479566733,106,3697.0,0.8675612312683115
23560.0,106,3927.0,28.875,1.7209176745285446,106,106,3927.0,0.03506890210383121,0.6810986081849864,1.7209176745285446,106,3927.0,0.6810986081849864
23565.0,108,4168.0,31.338345864661655,1.49418992857051,108,108,4168.0,0.04263348829360362,0.767802356567853,1.49418992857051,108,4168.0,0.767802356567853
23570.0,108,4483.0,33.70676691729323,1.4054462660508387,108,108,4483.0,0.038163586851904484,0.7568941749322522,1.4054462660508387,108,4483.0,0.7568941749322522
23575.0,114,5041.0,37.61940298507463,1.2622679087524162,114,114,5037.0,0.035183160754885014,0.6219251010692108,1.2622679087524162,114,5037.0,0.6219251010692108
23580.0,118,5625.0,42.61363636363637,1.0186433384937383,118,118,5625.0,0.029739525398863965,0.544813881769698,1.0186433384937383,118,5625.0,0.544813881769698
23585.0,120,6221.0,46.08148148148148,0.9115434846672703,120,120,6221.0,0.02446981669504073,0.44977927606363166,0.9115434846672703,120,6221.0,0.44977927606363166
23590.0,123,6827.0,49.832116788321166,0.9956787725382427,123,123,6827.0,0.02462729419700601,0.47144069781321246,0.9956787725382427,123,6827.0,0.47144069781321246
23595.0,122,7214.0,51.89928057553957,0.9154361248602925,122,122,7214.0,0.018324368948911065,0.36257999228988214,0.9154361248602925,122,7214.0,0.36257999228988214
23600.0,118,7439.0,53.905797101449274,1.1385257289234108,118,118,7366.0,0.03385123084490838,0.6418098003265025,1.1385257289234108,118,7366.0,0.6418098003265025
23605.0,115,7639.0,55.75912408759124,1.2541705139075958,115,115,7639.0,0.04719568901928539,0.8928257852874977,1.2541705139075958,115,7639.0,0.8928257852874977
23610.0,110,7461.0,54.45985401459854,1.3286460351575726,110,110,7461.0,0.04236148902198832,0.8388631956324821,1.3286460351575726,110,7461.0,0.8388631956324821
23615.0,105,7021.0,51.24817518248175,1.556132773190596,105,105,6903.0,0.05090464719527636,0.9676284921928714,1.556132773190596,105,6903.0,0.9676284921928714
23620.0,103,6563.0,47.55797101449275,1.5905805297301885,103,103,6563.0,0.05469768723485685,0.9664747893636474,1.5905805297301885,103,6563.0,0.9664747893636474
23625.0,98,6038.0,43.7536231884058,1.7640495205183326,98,98,6038.0,0.05774191487027907,1.0749794357355866,1.7640495205183326,98,6038.0,1.0749794357355866
23630.0,99,5555.0,39.67857142857143,1.8012891291416901,99,99,5530.0,0.05077796202859999,0.9268613929618408,1.8012891291416901,99,5530.0,0.9268613929618408
23635.0,99,5075.0,36.77536231884058,1.8969772512101888,99,99,5075.0,0.06116371302484661,1.0703063720970118,1.8969772512101888,99,5075.0,1.0703063720970118
23640.0,97,4500.0,32.846715328467155,1.9204025124920014,97,97,4500.0,0.055694103254095635,1.0184052420157885,1.9204025124920014,97,4500.0,1.0184052420157885
23645.0,93,3846.0,27.47142857142857,2.0888676213552304,93,93,3818.0,0.05995154706772681,1.0853740232365785,2.0888676213552304,93,3818.0,1.0853740232365785
23650.0,88,3171.0,22.65,2.428951273551164,88,88,3171.0,0.07735033922461379,1.4003730072949383,2.428951273551164,88,3171.0,1.4003730072949383
23655.0,85,2389.0,17.064285714285713,2.305957486525997,85,85,2389.0,0.06702146500533115,1.2738592732030691,2.305957486525997,85,2389.0,1.2738592732030691
23660.0,81,1631.0,11.818840579710145,2.546879686147468,81,81,1603.0,0.08468924860688762,1.535000448687225,2.546879686147468,81,1603.0,1.535000448687225
23665.0,83,1288.0,9.401459854014599,2.4988639258210332,83,83,1288.0,0.09049810611208815,1.6329447572459115,2.4988639258210332,83,1288.0,1.6329447572459115
23670.0,83,1166.0,8.44927536231884,2.2997522467118334,83,83,1166.0,0.08027827155034285,1.5031094642643126,2.2997522467118334,83,1166.0,1.5031094642643126
23675.0,88,1282.0,9.289855072463768,2.2537821051116635,88,88,1261.0,0.07606106273892939,1.4056284529753134,2.2537821051116635,88,1261.0,1.4056284529753134
23680.0,96,1443.0,10.23404255319149,1.9791049088968293,96,96,1443.0,0.05983717058691081,1.060244730231512,1.9791049088968293,96,1443.0,1.060244730231512
23685.0,99,1637.0,11.776978417266188,1.891454468477574,99,99,1637.0,0.053557198512894956,0.9745206716281949,1.891454468477574,99,1637.0,0.9745206716281949
23690.0,97,1723.0,12.39568345323741,1.7919676981958759,97,97,1723.0,0.04762281394250881,0.8932092712650564,1.7919676981958759,97,1723.0,0.8932092712650564
23695.0,93,1721.0,12.381294964028777,2.0091732306871277,93,93,1688.0,0.059672009100662955,1.1194354838709644,2.0091732306871277,93,1688.0,1.1194354838709644
23700.0,89,1699.0,12.31159420289855,2.2362721851832075,89,89,1699.0,0.0750736255350199,1.365957542450717,2.2362721851832075,89,1699.0,1.365957542450717
23705.0,86,1603.0,11.615942028985508,2.044355663801919,86,86,1603.0,0.06656419766767326,1.2299871797099762,2.044355663801919,86,1603.0,1.2299871797099762
23710.0,86,1533.0,11.108695652173912,2.1800226132768703,86,86,1500.0,0.06990618600356073,1.2984453956964221,2.1800226132768703,86,1500.0,1.2984453956964221
23715.0,87,1515.0,10.74468085106383,2.349320744279872,87,87,1515.0,0.0796249335257366,1.4608932485200354,2.349320744279872,87,1515.0,1.4608932485200354
23720.0,89,1563.0,11.085106382978724,2.259722737503984,89,89,1563.0,0.06891402259150273,1.3155948652551845,2.259722737503984,89,1563.0,1.3155948652551845
23725.0,98,1678.0,11.734265734265735,2.13513773167624,98,98,1655.0,0.0607898844929938,1.1421005918694558,2.13513773167624,98,1655.0,1.1421005918694558
23730.0,98,1817.0,12.886524822695035,2.1980499090890944,98,98,1817.0,0.06783736636430991,1.2360096547268125,2.1980499090890944,98,1817.0,1.2360096547268125
23735.0,95,1861.0,13.583941605839415,2.1262397953463306,95,95,1861.0,0.065672742575311,1.2521996682581267,2.1262397953463306,95,1861.0,1.2521996682581267
23740.0,92,1825.0,13.129496402877697,2.073614913059509,92,92,1797.0,0.05932798900486616,1.1233238194550041,2.073614913059509,92,1797.0,1.1233238194550041
23745.0,88,1774.0,12.855072463768115,2.2929470588988465,88,88,1774.0,0.07612203543862493,1.3892465966506395,2.2929470588988465,88,1774.0,1.3892465966506395
23750.0,84,1613.0,11.68840579710145,2.0883630748500375,84,84,1613.0,0.06282127276594195,1.1845800642083304,2.0883630748500375,84,1613.0,1.1845800642083304
23755.0,81,1432.0,10.452554744525548,2.343524242818203,81,81,1404.0,0.07399036567525324,1.4013421149795147,2.343524242818203,81,1404.0,1.4013421149795147
23760.0,82,1363.0,9.94890510948905,2.5041940703679364,82,82,1363.0,0.08370956391656102,1.5425389527628321,2.5041940703679364,82,1363.0,1.5425389527628321
23765.0,84,1149.0,8.091549295774648,2.3757303651395913,84,84,1149.0,0.06963959734709264,1.3297141546889064,2.3757303651395913,84,1149.0,1.3297141546889064
23770.0,90,1284.0,9.17142857142857,2.3300637728422395,90,90,1143.0,0.07168417339271224,1.3160179416033144,2.3300637728422395,90,1143.0,1.3160179416033144
23775.0,98,1455.0,10.319148936170214,2.0337652261363313,98,98,1455.0,0.05808288613991062,1.0562142857142867,2.0337652261363313,98,1455.0,1.0562142857142867
23780.0,96,1599.0,11.503597122302159,2.0965821492756187,96,96,1599.0,0.056682390134886844,1.1038748708859476,2.0965821492756187,96,1599.0,1.1038748708859476
23785.0,93,1689.0,11.97872340425532,2.174686007758694,93,93,1676.0,0.06237901017971244,1.1485413784542498,2.174686007758694,93,1676.0,1.1485413784542498
23790.0,88,1763.0,12.683453237410072,2.4009822950574544,88,88,1763.0,0.07878745051663623,1.463934068396673,2.4009822950574544,88,1763.0,1.463934068396673
23795.0,83,1688.0,12.321167883211679,2.3323516929333037,83,83,1688.0,0.07472774729170556,1.4031509003120626,2.3323516929333037,83,1688.0,1.4031509003120626
23800.0,83,1744.0,12.72992700729927,2.3180684544364563,83,83,1693.0,0.07550035162502151,1.409254702895621,2.3180684544364563,83,1693.0,1.409254702895621
23805.0,89,1952.0,14.352941176470589,2.261882456118984,89,89,1952.0,0.07374669894242245,1.3662348461667302,2.261882456118984,89,1952.0,1.3662348461667302
23810.0,95,2131.0,15.33093525179856,1.9853055919010065,95,95,2131.0,0.05753318520341388,1.0648925981218846,1.9853055919010065,95,2131.0,1.0648925981218846
23815.0,97,2235.0,16.313868613138688,1.881541429912042,97,97,2177.0,0.05314125859535752,0.9837700992662994,1.881541429912042,97,2177.0,0.9837700992662994
23820.0,97,2347.0,17.131386861313867,1.9889845646195177,97,97,2347.0,0.05988002020022116,1.0745825423459818,1.9889845646195177,97,2347.0,1.0745825423459818
23825.0,95,2362.0,16.992805755395683,1.9423462511186371,95,95,2362.0,0.05094403545544941,0.9616430867182778,1.9423462511186371,95,2362.0,0.9616430867182778
23830.0,90,2297.0,16.644927536231883,2.213671296778671,90,90,2269.0,0.06583071632121651,1.2276185557558346,2.213671296778671,90,2269.0,1.2276185557558346
23835.0,86,2228.0,15.914285714285715,2.4029052239114637,86,86,2228.0,0.07531928909174693,1.3661768639399379,2.4029052239114637,86,2228.0,1.3661768639399379
23840.0,87,2139.0,15.5,2.365549903100006,87,87,2139.0,0.07012052992888518,1.3499446409108105,2.365549903100006,87,2139.0,1.3499446409108105
23845.0,93,2129.0,15.427536231884059,2.2959178369063986,93,93,2101.0,0.06583730901357125,1.2480890833119882,2.2959178369063986,93,2101.0,1.2480890833119882
23850.0,92,2135.0,15.583941605839415,2.3922436272496586,92,92,2135.0,0.07085647624293413,1.2913338889195936,2.3922436272496586,92,2135.0,1.2913338889195936
23855.0,92,2093.0,15.503703703703703,2.3125535122476037,91,92,2092.0,0.06453311070428212,1.2310777629987613,2.3125535122476037,91,2092.0,1.2310777629987613
23860.0,92,2099.0,15.548148148148147,2.0934475666811516,92,92,2051.0,0.050127468317189464,0.9812746628697909,2.0934475666811516,92,2051.0,0.9812746628697909
23865.0,93,2114.0,15.894736842105264,2.105875137713167,93,93,2114.0,0.05390496949098071,1.0573306628376133,2.105875137713167,93,2114.0,1.0573306628376133
23870.0,92,2119.0,15.696296296296296,2.055450803637115,92,92,2119.0,0.05292738237540254,1.0149967888367089,2.055450803637115,92,2119.0,1.0149967888367089
23875.0,94,2215.0,16.529850746268657,2.07582831626862,94,94,2208.0,0.05599620191279577,1.050424734221362,2.07582831626862,94,2208.0,1.050424734221362
23880.0,101,2657.0,20.43846153846154,1.7392066672460487,101,101,2657.0,0.054433986845889154,1.0356045281028594,1.7392066672460487,101,2657.0,1.0356045281028594
23885.0,111,3191.0,23.813432835820894,1.4095802679981673,111,111,3191.0,0.03344198930305343,0.6382868744670895,1.4095802679981673,111,3191.0,0.6382868744670895
23890.0,116,3760.0,28.270676691729324,1.2372647963532322,116,116,3760.0,0.025196070759523397,0.5017513053614077,1.2372647963532322,116,3760.0,0.5017513053614077
23895.0,118,4345.0,32.18518518518518,1.1303223756255278,118,118,4345.0,0.02351772731892772,0.47140524597607075,1.1303223756255278,118,4345.0,0.47140524597607075
23900.0,121,4947.0,36.917910447761194,1.0794942091555346,121,121,4947.0,0.024334463212888617,0.4904651553462174,1.0794942091555346,121,4947.0,0.4904651553462174
23905.0,122,5542.0,41.05185185185185,1.0251163308528635,122,122,5542.0,0.02509810661082021,0.49984200927809963,1.0251163308528635,122,5542.0,0.49984200927809963
23910.0,121,6143.0,46.18796992481203,0.9423759163407373,121,121,6138.0,0.03094162637573225,0.5677122339959337,0.9423759163407373,121,6138.0,0.5677122339959337
23915.0,121,6748.0,50.73684210526316,1.0565112546865971,121,121,6748.0,0.037387592899337685,0.6863059839959336,1.0565112546865971,121,6748.0,0.6863059839959336
23920.0,118,7062.0,52.31111111111111,0.9315917764682635,118,118,7062.0,0.018240963065300545,0.3471631658839499,0.9315917764682635,118,7062.0,0.3471631658839499
23925.0,115,7172.0,54.333333333333336,0.9732768254038151,115,115,7079.0,0.03200551777800819,0.5697251934899928,0.9732768254038151,115,7079.0,0.5697251934899928
23930.0,110,7257.0,54.97727272727273,1.1902510748163038,110,110,7257.0,0.0446710666734924,0.7693829672066679,1.1902510748163038,110,7257.0,0.7693829672066679
23935.0,107,7324.0,55.484848484848484,1.277752777608253,107,107,7324.0,0.051715321519846154,0.8603951709257012,1.277752777608253,107,7324.0,0.8603951709257012
23940.0,105,7368.0,55.81818181818182,1.4571094179988144,105,105,7368.0,0.05249422309096286,0.9081262888004275,1.4571094179988144,105,7368.0,0.9081262888004275
23945.0,104,7411.0,54.8962962962963,1.4567199869509706,104,104,7411.0,0.04675863326351283,0.8181114490962478,1.4567199869509706,104,7411.0,0.8181114490962478
23950.0,105,7461.0,55.266666666666666,1.6530020306517885,105,105,7459.0,0.0539126426609623,0.9497754013869654,1.6530020306517885,105,7459.0,0.9497754013869654
23955.0,103,7461.0,54.45985401459854,1.749948468416898,103,103,7461.0,0.05490786966586908,0.965231459574294,1.749948468416898,103,7461.0,0.965231459574294
23960.0,99,7414.0,54.51470588235294,1.978371204051689,99,99,7401.0,0.06499592566845053,1.1571912853148312,1.978371204051689,99,7401.0,1.1571912853148312
23965.0,95,7344.0,54.0,2.2893766016396135,95,95,7344.0,0.07921809327096653,1.4202183644822262,2.2893766016396135,95,7344.0,1.4202183644822262
23970.0,90,7253.0,53.330882352941174,2.479979323602075,90,90,7253.0,0.08477205906319213,1.548842672005735,2.479979323602075,90,7253.0,1.548842672005735
23975.0,86,6737.0,49.903703703703705,2.562231139929794,86,86,6737.0,0.08595084128066088,1.6032577981543088,2.562231139929794,86,6737.0,1.6032577981543088
23980.0,84,5934.0,43.955555555555556,2.396585086254208,84,84,5801.0,0.08314549424408814,1.4596826697954794,2.396585086254208,84,5801.0,1.4596826697954794
23985.0,80,5233.0,38.762962962962966,2.7861528656627206,80,80,5233.0,0.09800806419542862,1.7735372165222096,2.7861528656627206,80,5233.0,1.7735372165222096
23990.0,81,4826.0,35.22627737226277,2.609784222877906,81,81,4826.0,0.08248668333321792,1.5592895900442922,2.609784222877906,81,4826.0,1.5592895900442922
23995.0,87,4496.0,33.05882352941177,2.3896311380030713,87,87,4468.0,0.07456080244728962,1.3860569298573011,2.3896311380030713,87,4468.0,1.3860569298573011
24000.0,89,4183.0,30.75735294117647,2.4015513909941983,89,89,4183.0,0.07766791916151047,1.42737929571479,2.4015513909941983,89,4183.0,1.42737929571479
24005.0,87,3785.0,27.230215827338128,2.2971325603179475,87,87,3785.0,0.06350757637132025,1.2591020572279976,2.2971325603179475,87,3785.0,1.2591020572279976
24010.0,84,3312.0,23.827338129496404,2.528466409908437,84,84,3284.0,0.07767895523652402,1.5011680566344288,2.528466409908437,84,3284.0,1.5011680566344288
24015.0,84,2852.0,20.08450704225352,2.568911405763547,84,84,2852.0,0.08246036469148814,1.5616991869918628,2.568911405763547,84,2852.0,1.5616991869918628
24020.0,82,2291.0,16.48201438848921,2.588862942943351,82,82,2291.0,0.08416172807654264,1.660238632201133,2.588862942943351,82,2291.0,1.660238632201133
24025.0,90,1904.0,13.697841726618705,2.292106221420283,90,90,1809.0,0.0743569147088993,1.4213138211382175,2.292106221420283,90,1809.0,1.4213138211382175
24030.0,95,1739.0,12.42142857142857,2.100786000368322,95,95,1739.0,0.06836402952306617,1.289885488375401,2.100786000368322,95,1739.0,1.289885488375401
24035.0,95,1821.0,13.007142857142858,2.0250214940711877,95,95,1821.0,0.05797216739234315,1.1414800221539856,2.0250214940711877,95,1821.0,1.1414800221539856
24040.0,100,2138.0,14.951048951048952,1.8980986709435483,100,100,2122.0,0.050070425914334846,0.9700844869933368,1.8980986709435483,100,2122.0,0.9700844869933368
24045.0,107,2510.0,17.430555555555557,1.8424187108129297,107,107,2510.0,0.04683574939813334,0.8890523256784377,1.8424187108129297,107,2510.0,0.8890523256784377
24050.0,110,2816.0,19.28767123287671,1.6006144046004327,110,110,2816.0,0.03079246305333351,0.5959376883818415,1.6006144046004327,110,2816.0,0.5959376883818415
24055.0,107,3057.0,21.377622377622377,1.7153534875176306,107,107,3029.0,0.042914751622182265,0.7967748887731542,1.7153534875176306,107,3029.0,0.7967748887731542
24060.0,103,3278.0,23.08450704225352,1.9212543781143054,103,103,3278.0,0.0545141637389756,1.0041592793233924,1.9212543781143054,103,3278.0,1.0041592793233924
24065.0,102,3483.0,24.528169014084508,1.800110887128655,102,102,3483.0,0.04755718850860646,0.9105965474409545,1.800110887128655,102,3483.0,0.9105965474409545
24070.0,102,3770.0,26.928571428571427,1.9115061495717747,102,102,3748.0,0.05244812870110557,1.0191261738172266,1.9115061495717747,102,3748.0,1.0191261738172266
24075.0,109,4147.0,29.834532374100718,1.4915071596747091,109,109,4147.0,0.041785012392736784,0.8283230769230822,1.4915071596747091,109,4147.0,0.8283230769230822
24080.0,111,4504.0,32.17142857142857,1.5011607526385404,111,111,4504.0,0.04139078769163713,0.8448493308862356,1.5011607526385404,111,4504.0,0.8448493308862356
24085.0,114,4913.0,34.598591549295776,1.491711272685267,114,114,4889.0,0.043669133560151806,0.8060160080193418,1.491711272685267,114,4889.0,0.8060160080193418
24090.0,115,5333.0,37.556338028169016,1.4436746339316155,115,115,5333.0,0.0496188416274154,0.9010321380255977,1.4436746339316155,115,5333.0,0.9010321380255977
24095.0,117,5764.0,40.87943262411348,1.3603903080098236,117,117,5764.0,0.039852544147942384,0.7639371631851728,1.3603903080098236,117,5764.0,0.7639371631851728
24100.0,118,6201.0,43.36363636363637,1.2853648898252434,118,118,6201.0,0.027429464024133272,0.5193694997372057,1.2853648898252434,118,6201.0,0.5193694997372057
24105.0,116,6518.0,45.901408450704224,1.3098507441101035,116,116,6518.0,0.03173171775114049,0.5844028546970315,1.3098507441101035,116,6518.0,0.5844028546970315
24110.0,111,6735.0,47.0979020979021,1.4608759407239549,111,111,6697.0,0.04414877856369923,0.7882530386372572,1.4608759407239549,111,6697.0,0.7882530386372572
24115.0,109,6985.0,49.53900709219858,1.5532827784367496,109,109,6985.0,0.052860713024117365,0.9496584705163124,1.5532827784367496,109,6985.0,0.9496584705163124
24120.0,109,6940.0,49.219858156028366,1.4262831834920815,109,109,6940.0,0.04185424921234643,0.7755268463883424,1.4262831834920815,109,6940.0,0.7755268463883424
24125.0,110,6637.0,46.09027777777778,1.4596313142326331,110,110,6509.0,0.04274251519221412,0.7836935302087296,1.4596313142326331,110,6509.0,0.7836935302087296
24130.0,106,6322.0,43.6,1.787649639177138,106,106,6322.0,0.05717941172423551,1.048697289607235,1.787649639177138,106,6322.0,1.048697289607235
24135.0,104,5963.0,40.842465753424655,1.754913190489354,104,104,5963.0,0.05498269552151881,1.01151694894043,1.754913190489354,104,5963.0,1.01151694894043
24140.0,105,5638.0,39.15277777777778,1.8205895715545946,105,105,5621.0,0.055150668249040344,1.0425569210466628,1.8205895715545946,105,5621.0,1.0425569210466628
24145.0,106,5313.0,36.895833333333336,1.887554201435976,106,106,5313.0,0.058778095941020736,1.1435967888636736,1.887554201435976,106,5313.0,1.1435967888636736
24150.0,102,4892.0,34.20979020979021,1.9069608240961777,102,102,4892.0,0.055089438424082045,1.0979675257045944,1.9069608240961777,102,4892.0,1.0979675257045944
24155.0,97,4387.0,30.678321678321677,2.072504553392286,97,97,4359.0,0.060569761891051475,1.167999259625727,2.072504553392286,97,4359.0,1.167999259625727
24160.0,94,3861.0,26.8125,2.187538063916408,94,94,3861.0,0.06610294255121314,1.2303593749999933,2.187538063916408,94,3861.0,1.2303593749999933
24165.0,89,3228.0,22.732394366197184,2.207596978641783,89,89,3228.0,0.06394964367599514,1.2643101699104191,2.207596978641783,89,3228.0,1.2643101699104191
24170.0,86,2573.0,17.993006993006993,2.3355665251856554,86,86,2545.0,0.0658800442819661,1.2753199999999938,2.3355665251856554,86,2545.0,1.2753199999999938
24175.0,86,2053.0,14.45774647887324,2.477136977930455,86,86,2053.0,0.07937009424258913,1.4729850880141206,2.477136977930455,86,2053.0,1.4729850880141206
24180.0,87,1542.0,11.014285714285714,2.1233907481576213,87,87,1542.0,0.0656592453709395,1.251299381876265,2.1233907481576213,87,1542.0,1.251299381876265
24185.0,89,1340.0,9.50354609929078,2.122508628978024,89,89,1323.0,0.06466388017288946,1.2478475148141155,2.122508628978024,89,1323.0,1.2478475148141155
24190.0,96,1505.0,10.524475524475525,2.1572972353995623,96,96,1505.0,0.06377630249428395,1.2155764598951588,2.1572972353995623,96,1505.0,1.2155764598951588
24195.0,101,1704.0,11.751724137931035,2.1318892479481697,101,101,1704.0,0.049686862336633865,0.9751220472440782,2.1318892479481697,101,1704.0,0.9751220472440782
24200.0,103,1914.0,13.384615384615385,2.05938506988674,103,103,1914.0,0.05883031051218252,1.0983386966089683,2.05938506988674,103,1914.0,1.0983386966089683
24205.0,103,2006.0,13.930555555555555,1.9083821757284563,103,103,2006.0,0.050476026660471844,1.0003314625057913,1.9083821757284563,103,2006.0,1.0003314625057913
24210.0,99,2009.0,13.95138888888889,2.0632871410391136,99,99,1971.0,0.06000230621541266,1.155543541778987,2.0632871410391136,99,1971.0,1.155543541778987
24215.0,95,2043.0,14.592857142857143,2.103032864831458,95,95,2043.0,0.0732189319961221,1.3945846147236909,2.103032864831458,95,2043.0,1.3945846147236909
24220.0,97,2052.0,14.450704225352112,1.898063819194204,97,97,2052.0,0.05211488723555602,1.056403405188568,1.898063819194204,97,2052.0,1.056403405188568
24225.0,97,1988.0,14.099290780141844,1.9086844380002428,97,97,1950.0,0.05951564690436497,1.1326330856887763,1.9086844380002428,97,1950.0,1.1326330856887763
24230.0,95,1968.0,13.859154929577464,2.010767238812458,95,95,1968.0,0.06511001006262973,1.2052769230769138,2.010767238812458,95,1968.0,1.2052769230769138
24235.0,97,2002.0,14.3,1.7176566580611878,97,97,2002.0,0.058544444752460796,1.1243116701493243,1.7176566580611878,97,2002.0,1.1243116701493243
24240.0,102,2106.0,14.936170212765957,1.7541108020152558,102,102,2082.0,0.05040188908308212,0.9847635626042434,1.7541108020152558,102,2082.0,0.9847635626042434
24245.0,103,2218.0,15.402777777777779,1.8817260555426738,103,103,2218.0,0.05808529530038974,1.084936076824603,1.8817260555426738,103,2218.0,1.084936076824603
24250.0,102,2243.0,15.46896551724138,1.945143262656632,102,102,2243.0,0.05306199106922186,1.0317455053506026,1.945143262656632,102,2243.0,1.0317455053506026
24255.0,100,2195.0,15.034246575342467,2.049988809896083,100,100,2167.0,0.0553903428238085,1.0596183206106822,2.049988809896083,100,2167.0,1.0596183206106822
24260.0,95,2130.0,14.689655172413794,2.343711826613492,95,95,2130.0,0.07359181254514177,1.3808399602670431,2.343711826613492,95,2130.0,1.3808399602670431
24265.0,91,1952.0,13.65034965034965,2.185668890608662,91,91,1952.0,0.06788328798831883,1.2967823618807814,2.185668890608662,91,1952.0,1.2967823618807814
24270.0,87,1756.0,12.366197183098592,2.3715177838327857,87,87,1728.0,0.07598771465426346,1.4586726109796584,2.3715177838327857,87,1728.0,1.4586726109796584
24275.0,87,1691.0,11.908450704225352,2.4739675884121617,87,87,1691.0,0.08321934237566088,1.5508333345561927,2.4739675884121617,87,1691.0,1.5508333345561927
24280.0,89,1597.0,11.167832167832168,2.122191736324991,89,89,1597.0,0.06305806292532545,1.2061664884402394,2.122191736324991,89,1597.0,1.2061664884402394
24285.0,91,1615.0,11.215277777777779,2.277086478629257,91,91,1594.0,0.06676345714775521,1.25789999011354,2.277086478629257,91,1594.0,1.25789999011354
24290.0,98,1790.0,12.430555555555555,2.064115649292928,98,98,1790.0,0.05599364126165103,1.0611472868217109,2.064115649292928,98,1790.0,1.0611472868217109
24295.0,101,1903.0,13.401408450704226,1.795390791903209,101,101,1903.0,0.04610467806870682,0.9206736553549667,1.795390791903209,101,1903.0,0.9206736553549667
24300.0,96,1942.0,13.58041958041958,2.015260248001374,96,96,1914.0,0.05542549840444424,1.0649659495299824,2.015260248001374,96,1914.0,1.0649659495299824
24305.0,93,1962.0,13.438356164383562,2.265187657464528,93,93,1962.0,0.068921820439253,1.2841240482027774,2.265187657464528,93,1962.0,1.2841240482027774
24310.0,91,1882.0,12.89041095890411,2.323221135699899,91,91,1882.0,0.06597220670757684,1.2897090791445074,2.323221135699899,91,1882.0,1.2897090791445074
24315.0,87,1776.0,12.333333333333334,2.39856674055671,87,87,1748.0,0.0718226375650533,1.3844842522321017,2.39856674055671,87,1748.0,1.3844842522321017
24320.0,88,1765.0,12.342657342657343,2.5021477120217286,88,88,1765.0,0.08203931269636817,1.5407153207704312,2.5021477120217286,88,1765.0,1.5407153207704312
24325.0,89,1730.0,12.01388888888889,2.4060801534869847,89,89,1730.0,0.07331000793971945,1.4078483741978798,2.4060801534869847,89,1730.0,1.4078483741978798
24330.0,91,1795.0,12.379310344827585,2.4271807643333205,91,91,1777.0,0.07356520040192198,1.3811398481056019,2.4271807643333205,91,1777.0,1.3811398481056019
24335.0,98,1970.0,13.776223776223777,2.1320851572893296,98,98,1970.0,0.06646506212777777,1.2537863702668202,2.1320851572893296,98,1970.0,1.2537863702668202
24340.0,101,2086.0,14.48611111111111,1.8901009645867743,101,101,2086.0,0.04773124342728127,0.904348977108515,1.8901009645867743,101,2086.0,0.904348977108515
24345.0,97,2129.0,14.682758620689656,2.1531580300704074,97,97,2101.0,0.06328366048989557,1.152999668831144,2.1531580300704074,97,2101.0,1.152999668831144
24350.0,95,2155.0,14.76027397260274,2.201545701208565,95,95,2155.0,0.06642414839321664,1.2226887160616704,2.201545701208565,95,2155.0,1.2226887160616704
24355.0,92,2083.0,14.566433566433567,2.0330269891596213,92,92,2083.0,0.06241043776036417,1.1845885814955541,2.0330269891596213,92,2083.0,1.1845885814955541
24360.0,88,1982.0,14.056737588652481,2.1406870457748512,88,88,1954.0,0.07327586747510322,1.3652992517537597,2.1406870457748512,88,1954.0,1.3652992517537597
24365.0,89,1973.0,13.70138888888889,2.2964828305327023,89,89,1973.0,0.07771569278808102,1.4136119370968094,2.2964828305327023,89,1973.0,1.4136119370968094
24370.0,90,1951.0,13.455172413793104,2.2839541584306877,90,90,1951.0,0.07082875599702287,1.3392166363109814,2.2839541584306877,90,1951.0,1.3392166363109814
24375.0,93,2013.0,13.979166666666666,2.1683485721484774,93,93,1999.0,0.06733022355038783,1.2689448264430487,2.1683485721484774,93,1999.0,1.2689448264430487
24380.0,100,2193.0,15.229166666666666,2.0097409411475224,100,100,2193.0,0.06753529748346734,1.2472333412957304,2.0097409411475224,100,2193.0,1.2472333412957304
24385.0,102,2311.0,15.937931034482759,1.9438041968274475,102,102,2311.0,0.05498782216636446,1.0523636420978426,1.9438041968274475,102,2311.0,1.0523636420978426
24390.0,99,2356.0,16.248275862068965,2.004355237759066,99,99,2328.0,0.061171077305956244,1.157793661809441,2.004355237759066,99,2328.0,1.157793661809441
24395.0,94,2382.0,16.427586206896553,2.26183603702556,94,94,2382.0,0.07442364370710006,1.3639569411094228,2.26183603702556,94,2382.0,1.3639569411094228
24400.0,92,2307.0,15.801369863013699,2.094914325570675,92,92,2307.0,0.06112575237484797,1.1362825867305872,2.094914325570675,92,2307.0,1.1362825867305872
24405.0,89,2209.0,15.23448275862069,2.3340175710235145,89,89,2181.0,0.07260186633893735,1.3036548267508545,2.3340175710235145,89,2181.0,1.3036548267508545
24410.0,89,2204.0,15.2,2.3739698945544334,89,89,2204.0,0.08144221210926597,1.462380962299798,2.3739698945544334,89,2204.0,1.462380962299798
24415.0,91,2168.0,15.055555555555555,2.1065597804205987,91,91,2168.0,0.06836112602937156,1.2962427120181155,2.1065597804205987,91,2168.0,1.2962427120181155
24420.0,93,2261.0,15.593103448275862,2.183678232364526,93,93,2237.0,0.06570540773722158,1.2520392646990102,2.183678232364526,93,2237.0,1.2520392646990102
24425.0,100,2446.0,16.639455782312925,2.0422334448410733,100,100,2446.0,0.06323491852256645,1.1591432298111246,2.0422334448410733,100,2446.0,1.1591432298111246
24430.0,102,2569.0,17.595890410958905,2.0059900223227376,102,102,2569.0,0.05394375524982942,1.03949198370689,2.0059900223227376,102,2569.0,1.03949198370689
24435.0,99,2619.0,17.938356164383563,1.9867364853905352,99,99,2591.0,0.056302322560367504,1.0349655473550459,1.9867364853905352,99,2591.0,1.0349655473550459
24440.0,94,2649.0,18.26896551724138,2.2801511052911394,94,94,2649.0,0.07707952317645642,1.376572974642393,2.2801511052911394,94,2649.0,1.376572974642393
24445.0,94,2655.0,18.310344827586206,2.1573914624579817,94,94,2655.0,0.07038514497675549,1.2756069474247245,2.1573914624579817,94,2655.0,1.2756069474247245
24450.0,93,2719.0,19.013986013986013,2.157194767551213,93,93,2713.0,0.07186157091797894,1.3173616433863726,2.157194767551213,93,2713.0,1.3173616433863726
24455.0,99,2903.0,20.15972222222222,2.1606125792599937,99,99,2903.0,0.07043294467241418,1.2956280922834083,2.1606125792599937,99,2903.0,1.2956280922834083
24460.0,106,3115.0,21.335616438356166,1.8736115715161743,106,106,3115.0,0.05071082664149054,1.000809002082014,1.8736115715161743,106,3115.0,1.000809002082014
24465.0,107,2547.0,17.81118881118881,1.6656520158638566,106,107,2546.0,0.044873671924247516,0.8954881669236006,1.6656520158638566,106,2546.0,0.8954881669236006
24470.0,110,2538.0,17.50344827586207,1.3614121324361885,110,110,2176.0,0.03338865487736872,0.6611867958204933,1.3614121324361885,110,2176.0,0.6611867958204933
24475.0,113,2943.0,20.4375,1.4729775008699393,113,113,2943.0,0.04099628003317515,0.7744382015106708,1.4729775008699393,113,2943.0,0.7744382015106708
24480.0,117,3359.0,23.32638888888889,1.3452477627446506,117,117,3359.0,0.031284619033159745,0.5910384749011139,1.3452477627446506,117,3359.0,0.5910384749011139
24485.0,118,3796.0,26.0,1.3456443021076618,118,118,3791.0,0.03514384035792647,0.637601000392678,1.3456443021076618,118,3791.0,0.637601000392678
24490.0,118,4238.0,29.22758620689655,1.4842535644998522,118,118,4238.0,0.04249569798935486,0.7819805491892343,1.4842535644998522,118,4238.0,0.7819805491892343
24495.0,117,4597.0,32.14685314685315,1.2652077008358822,117,117,4597.0,0.03644127330276844,0.7005054533765948,1.2652077008358822,117,4597.0,0.7005054533765948
24500.0,118,4935.0,34.51048951048951,1.328254896874622,118,118,4887.0,0.04222906215951915,0.778818214278037,1.328254896874622,118,4887.0,0.778818214278037
24505.0,121,5278.0,36.4,1.384632436034003,121,121,5278.0,0.0472079985649222,0.8374246871892647,1.384632436034003,121,5278.0,0.8374246871892647
24510.0,115,5325.0,36.724137931034484,1.484512939753118,115,115,5325.0,0.04289680246224303,0.8165373634280015,1.484512939753118,115,5325.0,0.8165373634280015
24515.0,112,5166.0,35.875,1.5459786191653295,112,112,5073.0,0.04389160731408441,0.8305210267758525,1.5459786191653295,112,5073.0,0.8305210267758525
24520.0,109,4992.0,34.19178082191781,1.634028979800098,109,109,4992.0,0.05023581227622362,0.9182974745650949,1.634028979800098,109,4992.0,0.9182974745650949
24525.0,106,4802.0,33.11724137931034,1.8600056356673826,106,106,4802.0,0.05623914358960016,1.0629176383617915,1.8600056356673826,106,4802.0,1.0629176383617915
24530.0,103,4529.0,31.02054794520548,1.7446186525418417,103,103,4529.0,0.052278269939404695,1.0563513468902483,1.7446186525418417,103,4529.0,1.0563513468902483
24535.0,102,4312.0,29.534246575342465,1.9343578503358767,102,102,4284.0,0.06100646058752541,1.1884160718425192,1.9343578503358767,102,4284.0,1.1884160718425192
24540.0,103,4102.0,28.28965517241379,2.0165123951977955,103,103,4102.0,0.06517095824031822,1.1960753816793874,2.0165123951977955,103,4102.0,1.1960753816793874
24545.0,102,3691.0,24.93918918918919,2.0436689472137624,101,102,3690.0,0.058429064811735945,1.0623551721362432,2.0436689472137624,101,3690.0,1.0623551721362432
24550.0,100,3368.0,22.756756756756758,2.261677909562419,100,100,3304.0,0.061372507486896224,1.1507195116428905,2.261677909562419,100,3304.0,1.1507195116428905
24555.0,99,3138.0,21.346938775510203,2.229016999419859,99,99,3138.0,0.06323603535874872,1.1808598717792982,2.229016999419859,99,3138.0,1.1808598717792982
24560.0,102,3054.0,21.208333333333332,2.1020681140813777,102,102,3054.0,0.060442949098812766,1.1645816332480148,2.1020681140813777,102,3054.0,1.1645816332480148
24565.0,108,3104.0,21.406896551724138,2.058233286512169,108,108,3104.0,0.059364388093888755,1.1393996081211304,2.058233286512169,108,3104.0,1.1393996081211304
24570.0,111,3202.0,22.082758620689656,1.938929771075376,111,111,3202.0,0.05445175198361473,1.0458764257690654,1.938929771075376,111,3202.0,1.0458764257690654
24575.0,111,3342.0,23.048275862068966,1.883941631556841,111,111,3342.0,0.04911274016169232,0.9116685233211238,1.883941631556841,111,3342.0,0.9116685233211238
24580.0,113,3577.0,24.66896551724138,1.6844697509045623,113,113,3514.0,0.043180831544022205,0.7782789808057049,1.6844697509045623,113,3514.0,0.7782789808057049
24585.0,115,3819.0,26.706293706293707,1.536543714006839,115,115,3819.0,0.04646603878131798,0.8089132309511176,1.536543714006839,115,3819.0,0.8089132309511176
24590.0,111,3875.0,26.90972222222222,1.4057120193840356,111,111,3875.0,0.036582218725434365,0.6919273202398145,1.4057120193840356,111,3875.0,0.6919273202398145
24595.0,110,3799.0,26.566433566433567,1.4835377532888798,110,110,3741.0,0.0423952389219946,0.8015302608118803,1.4835377532888798,110,3741.0,0.8015302608118803
24600.0,106,3711.0,25.95104895104895,1.7260956815400657,106,106,3711.0,0.05218983059620641,0.9665935858965915,1.7260956815400657,106,3711.0,0.9665935858965915
24605.0,104,3569.0,24.445205479452056,1.7031017054302566,104,104,3569.0,0.04890314192212993,0.9573268707533389,1.7031017054302566,104,3569.0,0.9573268707533389
24610.0,105,3467.0,24.07638888888889,1.7748638657095954,105,105,3445.0,0.05188169235856632,1.0069834957714328,1.7748638657095954,105,3445.0,1.0069834957714328
24615.0,105,3367.0,23.220689655172414,1.8181022631128023,105,105,3367.0,0.05904921551875513,1.0795731055695663,1.8181022631128023,105,3367.0,1.0795731055695663
24620.0,103,3173.0,21.882758620689657,1.911417093441486,103,103,3173.0,0.05511701749049307,1.047737921212391,1.911417093441486,103,3173.0,1.047737921212391
24625.0,100,2898.0,19.84931506849315,2.0597440634409594,100,100,2870.0,0.06041190704518758,1.1324067002987928,2.0597440634409594,100,2870.0,1.1324067002987928
24630.0,95,2605.0,17.84246575342466,2.357300084510536,95,95,2605.0,0.07425380555682311,1.3818293399649846,2.357300084510536,95,2605.0,1.3818293399649846
24635.0,90,2083.0,14.36551724137931,2.342251233500986,90,90,2083.0,0.06846200868115343,1.3200191247176662,2.342251233500986,90,2083.0,1.3200191247176662
24640.0,92,1894.0,13.152777777777779,2.282867311079631,92,92,1820.0,0.06642612347750222,1.2300393700787369,2.282867311079631,92,1820.0,1.2300393700787369
24645.0,97,1919.0,13.514084507042254,2.132583617618566,97,97,1919.0,0.06782461083912057,1.2244597787988865,2.132583617618566,97,1919.0,1.2244597787988865
24650.0,100,1956.0,13.489655172413793,1.93206438131206,100,100,1956.0,0.04939326986562875,0.9078497376282808,1.93206438131206,100,1956.0,0.9078497376282808
24655.0,102,2156.0,15.183098591549296,1.8196699209054552,102,102,2137.0,0.053627613459779004,0.9582939886897341,1.8196699209054552,102,2137.0,0.9582939886897341
24660.0,109,2536.0,17.859154929577464,1.682663270671658,109,109,2536.0,0.05072497400204504,0.8709639713899576,1.682663270671658,109,2536.0,0.8709639713899576
24665.0,114,2947.0,20.46527777777778,1.4286108131943018,114,114,2947.0,0.03644156685788838,0.6397063905224153,1.4286108131943018,114,2947.0,0.6397063905224153
24670.0,112,3260.0,22.63888888888889,1.51565317732026,112,112,3260.0,0.03941640736446301,0.7279649340121909,1.51565317732026,112,3260.0,0.7279649340121909
24675.0,109,3485.0,23.86986301369863,1.7387281644406132,109,109,3452.0,0.04961017429181003,0.9138312254319468,1.7387281644406132,109,3452.0,0.9138312254319468
24680.0,106,3696.0,25.489655172413794,1.9245604928112972,106,106,3696.0,0.059193677893873586,1.0967171154241688,1.9245604928112972,106,3696.0,1.0967171154241688
24685.0,104,3703.0,25.71527777777778,1.787450677342404,104,104,3703.0,0.05240717811415707,1.0085192716881173,1.787450677342404,104,3703.0,1.0085192716881173
24690.0,104,3645.0,25.3125,1.9120333153533693,104,104,3567.0,0.05473948886058299,1.0741578859450864,1.9120333153533693,104,3567.0,1.0741578859450864
24695.0,103,3589.0,24.751724137931035,2.059055772874876,103,103,3589.0,0.06182908918614781,1.1490572369716332,2.059055772874876,103,3589.0,1.1490572369716332
24700.0,104,3528.0,24.164383561643834,1.9075916621061004,104,104,3528.0,0.05567512376093061,0.9741693810118836,1.9075916621061004,104,3528.0,0.9741693810118836
24705.0,105,3475.0,24.471830985915492,1.811259560306123,105,105,3475.0,0.05175068303879054,0.9215295320044424,1.811259560306123,105,3475.0,0.9215295320044424
24710.0,105,3425.0,24.119718309859156,1.6522989276827147,105,105,3425.0,0.04416558100335422,0.8198140617523793,1.6522989276827147,105,3425.0,0.8198140617523793
24715.0,104,3296.0,23.211267605633804,1.7271105499111792,104,104,3296.0,0.04410498151873035,0.8484922642764804,1.7271105499111792,104,3296.0,0.8484922642764804
24720.0,103,3232.0,22.921985815602838,1.8005107892832832,103,103,3200.0,0.05326607985533708,0.9847497243095961,1.8005107892832832,103,3200.0,0.9847497243095961
24725.0,104,3174.0,22.195804195804197,1.8013654164247603,104,104,3174.0,0.05561281999631365,1.0020358712663158,1.8013654164247603,104,3174.0,1.0020358712663158
24730.0,101,2980.0,21.134751773049647,1.7749585032920157,101,101,2980.0,0.051940515712374985,1.0051374757896203,1.7749585032920157,101,2980.0,1.0051374757896203
24735.0,98,2760.0,19.574468085106382,1.8742660796893882,98,98,2717.0,0.05650515270451912,1.0657031249999969,1.8742660796893882,98,2717.0,1.0657031249999969
24740.0,98,2625.0,18.884892086330936,1.9143495542661146,98,98,2625.0,0.06746937801151366,1.275707063924699,1.9143495542661146,98,2625.0,1.275707063924699
24745.0,99,2356.0,16.82857142857143,1.7548771503091618,99,99,2356.0,0.052431308238418114,1.0671829266281303,1.7548771503091618,99,2356.0,1.0671829266281303
24750.0,95,2109.0,15.172661870503598,1.978735769290267,95,95,2066.0,0.061817670278569124,1.2387847871176283,1.978735769290267,95,2066.0,1.2387847871176283
24755.0,96,2136.0,15.478260869565217,2.0776357101086402,96,96,2136.0,0.07057758945096569,1.3521632456314905,2.0776357101086402,96,2136.0,1.3521632456314905
24760.0,97,2122.0,14.943661971830986,1.8648568187832353,97,97,2122.0,0.05677638000631511,1.0512264862355276,1.8648568187832353,97,2122.0,1.0512264862355276
24765.0,96,2075.0,14.51048951048951,1.9798334765450842,96,96,2062.0,0.05143420463142832,0.9991903294789357,1.9798334765450842,96,2062.0,0.9991903294789357
24770.0,94,2016.0,13.808219178082192,2.049579970649136,94,94,2016.0,0.054507802206632705,1.0430615384615356,2.049579970649136,94,2016.0,1.0430615384615356
24775.0,92,1870.0,12.808219178082192,2.1703051844804544,92,92,1870.0,0.05631201944673443,1.1017743284350423,2.1703051844804544,92,1870.0,1.1017743284350423
24780.0,91,1789.0,12.253424657534246,2.159099405082113,91,91,1753.0,0.054365452065921846,1.03240931174594,2.159099405082113,91,1753.0,1.03240931174594
24785.0,92,1716.0,11.83448275862069,2.114188141043517,92,92,1716.0,0.05989827888986484,1.107976082030322,2.114188141043517,92,1716.0,1.107976082030322
24790.0,92,1620.0,11.571428571428571,1.9367914834867208,92,92,1620.0,0.0662534472105679,1.195951716936938,1.9367914834867208,92,1620.0,1.195951716936938
24795.0,93,1683.0,12.107913669064748,1.7588901204934273,93,93,1658.0,0.05984883901511643,1.10825220878113,1.7588901204934273,93,1658.0,1.10825220878113
24800.0,99,1863.0,13.402877697841726,1.7245833566976285,99,99,1838.0,0.05613653586658412,1.0645196192652513,1.7245833566976285,99,1838.0,1.0645196192652513
24805.0,103,2042.0,14.585714285714285,1.5886902162189842,103,103,2042.0,0.05041968121130902,0.9524814995146792,1.5886902162189842,103,2042.0,0.9524814995146792
24810.0,103,2315.0,16.77536231884058,1.5879443253945544,103,103,2303.0,0.052257140714969924,0.9737674364702105,1.5879443253945544,103,2303.0,0.9737674364702105
24815.0,109,2767.0,19.906474820143885,1.565316697369614,109,109,2767.0,0.04956044044704756,0.9175999946512169,1.565316697369614,109,2767.0,0.9175999946512169
24820.0,111,3062.0,21.412587412587413,1.4091937258805483,111,111,3062.0,0.02915565375406578,0.5814725077969048,1.4091937258805483,111,3062.0,0.5814725077969048
24825.0,112,3304.0,23.104895104895103,1.5127426416977803,112,112,3246.0,0.03529374341753144,0.6755330818945633,1.5127426416977803,112,3246.0,0.6755330818945633
24830.0,113,3563.0,24.743055555555557,1.5490641309110185,113,113,3563.0,0.04295748735509945,0.7707976131099501,1.5490641309110185,113,3563.0,0.7707976131099501
24835.0,115,3836.0,27.014084507042252,1.4382297794968955,115,115,3836.0,0.03936135697643049,0.7263478245878318,1.4382297794968955,115,3836.0,0.7263478245878318
24840.0,116,4113.0,29.37857142857143,1.3858886335157052,116,116,4113.0,0.02847157517871353,0.531821705426354,1.3858886335157052,116,4113.0,0.531821705426354
24845.0,116,4393.0,30.93661971830986,1.339670995911904,116,116,4393.0,0.037029547370455454,0.6830609267198747,1.339670995911904,116,4393.0,0.6830609267198747
24850.0,114,4440.0,31.267605633802816,1.4524447581379403,114,114,4440.0,0.03478098066065709,0.6712507942595641,1.4524447581379403,114,4440.0,0.6712507942595641
24855.0,109,4315.0,30.174825174825173,1.5320122865709558,109,109,4241.0,0.042420464640828756,0.8105370500196827,1.5320122865709558,109,4241.0,0.8105370500196827
24860.0,105,4170.0,29.16083916083916,1.8322167713934956,105,105,4170.0,0.06058742054031375,1.1134852238666142,1.8322167713934956,105,4170.0,1.1134852238666142
24865.0,103,3915.0,27.1875,1.8160112790401612,103,103,3915.0,0.055689423480457516,1.0541030118443047,1.8160112790401612,103,3915.0,1.0541030118443047
24870.0,97,3579.0,25.204225352112676,1.9620367694783414,97,97,3551.0,0.06646765621203571,1.211854889640251,1.9620367694783414,97,3551.0,1.211854889640251
24875.0,93,3224.0,23.02857142857143,2.1558661034252093,93,93,3224.0,0.07746407122332977,1.382524905453676,2.1558661034252093,93,3224.0,1.382524905453676
24880.0,90,2814.0,19.95744680851064,1.9966074956408306,90,90,2814.0,0.06495899186935711,1.2003122872773822,1.9966074956408306,90,2814.0,1.2003122872773822
24885.0,92,2523.0,17.893617021276597,2.1721240219737767,92,92,2503.0,0.06493906041519983,1.237735138761994,2.1721240219737767,92,2503.0,1.237735138761994
24890.0,97,2468.0,17.50354609929078,2.0492322404543746,97,97,2468.0,0.05708598005018726,1.0723700787401633,2.0492322404543746,97,2468.0,1.0723700787401633
24895.0,102,2437.0,17.28368794326241,1.881687550716569,102,102,2437.0,0.0526379029695124,0.9990709050810489,1.881687550716569,102,2437.0,0.9990709050810489
24900.0,101,2317.0,16.316901408450704,1.9062276226082981,101,101,2317.0,0.04606265603737288,0.8952761146087108,1.9062276226082981,101,2317.0,0.8952761146087108
24905.0,104,2300.0,16.083916083916083,1.7548457494017893,104,104,2226.0,0.05003985491092973,0.9266327151056838,1.7548457494017893,104,2226.0,0.9266327151056838
24910.0,105,2300.0,16.31205673758865,1.6823155474119929,105,105,2300.0,0.053787938630534805,1.0007917123752383,1.6823155474119929,105,2300.0,1.0007917123752383
24915.0,105,2476.0,17.56028368794326,1.6164153007865603,105,105,2476.0,0.04480797328075352,0.870651162790699,1.6164153007865603,105,2476.0,0.870651162790699
24920.0,111,2866.0,20.183098591549296,1.581383581651077,111,111,2858.0,0.04889152626418626,0.9283044891054858,1.581383581651077,111,2858.0,0.9283044891054858
24925.0,114,3282.0,22.95104895104895,1.5076984247748708,114,114,3282.0,0.04705478310954163,0.8542356467264062,1.5076984247748708,114,3282.0,0.8542356467264062
24930.0,114,3562.0,24.90909090909091,1.401545091657592,114,114,3562.0,0.04087825621830649,0.7627549208873559,1.401545091657592,114,3562.0,0.7627549208873559
24935.0,116,3814.0,26.859154929577464,1.4275269821526726,116,116,3751.0,0.04199790146650316,0.7883544294013483,1.4275269821526726,116,3751.0,0.7883544294013483
24940.0,116,4069.0,28.654929577464788,1.3385501933530572,116,116,4069.0,0.04444675744493477,0.8065334454613202,1.3385501933530572,116,4069.0,0.8065334454613202
24945.0,114,4125.0,29.049295774647888,1.2895401662568298,114,114,4125.0,0.03813331214623808,0.6950296800691801,1.2895401662568298,114,4125.0,0.6950296800691801
24950.0,111,4035.0,28.020833333333332,1.4264518814078484,111,111,3972.0,0.040105292803225105,0.6993759799474061,1.4264518814078484,111,3972.0,0.6993759799474061
24955.0,109,3935.0,27.137931034482758,1.7431847124448812,109,109,3935.0,0.05330553739572221,0.941445923359888,1.7431847124448812,109,3935.0,0.941445923359888
24960.0,104,3770.0,26.0,1.8789793261662218,104,104,3770.0,0.0556601202770993,1.0044660946732409,1.8789793261662218,104,3770.0,1.0044660946732409
24965.0,101,3552.0,24.49655172413793,1.7956933262033434,101,101,3539.0,0.04846410841972824,0.8904130895510813,1.7956933262033434,101,3539.0,0.8904130895510813
24970.0,96,3312.0,23.16083916083916,1.931616643035304,96,96,3312.0,0.06401218366018005,1.1476268300090948,1.931616643035304,96,3312.0,1.1476268300090948
24975.0,92,3006.0,21.02097902097902,1.875269416379434,92,92,3006.0,0.06126673497312065,1.100799049041792,1.875269416379434,92,3006.0,1.100799049041792
24980.0,88,2651.0,18.53846153846154,2.147869898582802,88,88,2638.0,0.07115244549410715,1.3093805880482563,2.147869898582802,88,2638.0,1.3093805880482563
24985.0,84,2271.0,15.992957746478874,2.3542762799340826,84,84,2271.0,0.08405786639530619,1.5641409958198713,2.3542762799340826,84,2271.0,1.5641409958198713
24990.0,79,1760.0,12.4822695035461,2.365274813828132,79,79,1760.0,0.07944620335897377,1.5459205762265136,2.365274813828132,79,1760.0,1.5459205762265136
24995.0,78,1412.0,10.158273381294965,2.3902322257173823,78,78,1367.0,0.08227775484448463,1.5690659858414489,2.3902322257173823,78,1367.0,1.5690659858414489
25000.0,84,1339.0,9.564285714285715,2.2756931234934092,84,84,1339.0,0.07679297439064207,1.40289938124184,2.2756931234934092,84,1339.0,1.40289938124184
25005.0,87,1199.0,8.50354609929078,2.1540195298648843,87,87,1199.0,0.0682726982749616,1.2708653490847535,2.1540195298648843,87,1199.0,1.2708653490847535
25010.0,84,1084.0,7.6879432624113475,2.190805080896764,84,84,1055.0,0.06375656491870398,1.2157499410498946,2.190805080896764,84,1055.0,1.2157499410498946
25015.0,87,1204.0,8.539007092198581,2.1603555796957914,87,87,1204.0,0.07571998077060461,1.3568639618444014,2.1603555796957914,87,1204.0,1.3568639618444014
25020.0,88,1245.0,8.706293706293707,2.081827133808275,88,88,1245.0,0.06423195356602353,1.1688227288549222,2.081827133808275,88,1245.0,1.1688227288549222
25025.0,86,1253.0,8.582191780821917,2.2446875166293228,86,86,1225.0,0.06607465826548944,1.242483935149473,2.2446875166293228,86,1225.0,1.242483935149473
25030.0,87,1302.0,8.979310344827587,2.3973951755279823,87,87,1302.0,0.07670428952032879,1.4507722919485122,2.3973951755279823,87,1302.0,1.4507722919485122
25035.0,89,1365.0,9.413793103448276,2.3885373906127008,89,89,1365.0,0.07872499674870835,1.4512223148901198,2.3885373906127008,89,1365.0,1.4512223148901198
25040.0,88,1382.0,9.465753424657533,2.461442966726643,88,88,1382.0,0.07932911230996362,1.4882659601259691,2.461442966726643,88,1382.0,1.4882659601259691
25045.0,93,1521.0,10.417808219178083,2.4720061477624373,93,93,1488.0,0.08171565901902542,1.5119599625996392,2.4720061477624373,93,1488.0,1.5119599625996392
25050.0,96,1690.0,11.575342465753424,2.5299884377496658,96,96,1690.0,0.07637301282876696,1.43329381637055,2.5299884377496658,96,1690.0,1.43329381637055
25055.0,95,1759.0,12.13103448275862,2.395082040285523,95,95,1759.0,0.06427499645632427,1.2439022522118004,2.395082040285523,95,1759.0,1.2439022522118004
25060.0,94,1746.0,12.041379310344828,2.2798692882513993,94,94,1713.0,0.0640767925270136,1.1828956793053906,2.2798692882513993,94,1713.0,1.1828956793053906
25065.0,90,1723.0,11.965277777777779,2.568185034885923,90,90,1723.0,0.08131884986812911,1.4484424704109866,2.568185034885923,90,1723.0,1.4484424704109866
25070.0,86,1623.0,11.270833333333334,2.5377684853502513,86,86,1623.0,0.07215620541547552,1.3599614030517841,2.5377684853502513,86,1623.0,1.3599614030517841
25075.0,88,1582.0,11.062937062937063,2.461178667017449,88,88,1554.0,0.07469921219994437,1.3867011528935564,2.461178667017449,88,1554.0,1.3867011528935564
25080.0,86,1543.0,10.79020979020979,2.583474801393665,86,86,1543.0,0.08390223238205592,1.4956000884999852,2.583474801393665,86,1543.0,1.4956000884999852
25085.0,85,1515.0,10.448275862068966,2.5108375359413957,85,85,1515.0,0.07630083974864459,1.3941657330338295,2.5108375359413957,85,1515.0,1.3941657330338295
25090.0,92,1637.0,11.368055555555555,2.4870573196346495,92,92,1615.0,0.07443744017674837,1.3637469707338925,2.4870573196346495,92,1615.0,1.3637469707338925
25095.0,98,1787.0,12.584507042253522,2.111409184936643,98,98,1787.0,0.06681570336839043,1.2314484935849972,2.111409184936643,98,1787.0,1.2314484935849972
25100.0,98,1862.0,13.020979020979022,2.0854145526787686,98,98,1862.0,0.0549887243749634,1.085301871723345,2.0854145526787686,98,1862.0,1.085301871723345
25105.0,94,1860.0,13.006993006993007,2.2466007640589467,94,94,1832.0,0.06676612805868348,1.264664059001138,2.2466007640589467,94,1832.0,1.264664059001138
25110.0,91,1843.0,12.888111888111888,2.3799841086320526,91,91,1843.0,0.07712112108651598,1.4175450037108481,2.3799841086320526,91,1843.0,1.4175450037108481
25115.0,87,1720.0,12.198581560283689,2.3242992625739647,87,87,1720.0,0.06997206354113626,1.3558823206981232,2.3242992625739647,87,1720.0,1.3558823206981232
25120.0,85,1581.0,11.055944055944057,2.378713779407893,85,85,1553.0,0.07156035171933645,1.3201199999999937,2.378713779407893,85,1553.0,1.3201199999999937
25125.0,86,1558.0,10.971830985915492,2.447470607883133,86,86,1558.0,0.08203775198027387,1.495312048914075,2.447470607883133,86,1558.0,1.495312048914075
25130.0,87,1534.0,10.727272727272727,2.2395615345971933,87,87,1534.0,0.0665416021483097,1.2610020292867619,2.2395615345971933,87,1534.0,1.2610020292867619
25135.0,91,1651.0,11.792857142857143,2.0446459422651264,91,91,1633.0,0.06452491548925739,1.2173249061180988,2.0446459422651264,91,1633.0,1.2173249061180988
25140.0,97,1825.0,13.129496402877697,1.9497858011421723,97,97,1825.0,0.05854554979928743,1.1147649061181064,1.9497858011421723,97,1825.0,1.1147649061181064
25145.0,97,1926.0,13.659574468085106,1.7641251915076523,97,97,1926.0,0.04533170220129561,0.9392642614360968,1.7641251915076523,97,1926.0,0.9392642614360968
25150.0,94,1955.0,13.865248226950355,2.0242882844872025,94,94,1927.0,0.05861116524861118,1.1589223710583865,2.0242882844872025,94,1927.0,1.1589223710583865
25155.0,91,1966.0,13.652777777777779,2.1967884640150874,91,91,1966.0,0.06987593835075878,1.3045234374999979,2.1967884640150874,91,1966.0,1.3045234374999979
25160.0,87,1873.0,13.190140845070422,2.303604191035861,87,87,1873.0,0.07322112732191687,1.420221086913085,2.303604191035861,87,1873.0,1.420221086913085
25165.0,86,1772.0,12.391608391608392,2.455312114282095,86,86,1744.0,0.08081215073739724,1.5262882006631646,2.455312114282095,86,1744.0,1.5262882006631646
25170.0,85,1744.0,12.195804195804195,2.5502471119079213,85,85,1744.0,0.0894403711964576,1.620012211081041,2.5502471119079213,85,1744.0,1.620012211081041
25175.0,85,1693.0,12.00709219858156,2.338127673477644,85,85,1693.0,0.07194303716979329,1.3796960519711068,2.338127673477644,85,1693.0,1.3796960519711068
25180.0,91,1833.0,12.818181818181818,2.2101582754969797,91,91,1808.0,0.06361699260740786,1.2119269530481034,2.2101582754969797,91,1808.0,1.2119269530481034
25185.0,96,2003.0,14.410071942446043,2.0060114558360156,96,96,2003.0,0.06182018426993837,1.1449309530481109,2.0060114558360156,96,2003.0,1.1449309530481109
25190.0,97,2098.0,15.093525179856115,1.725446891071565,97,97,2098.0,0.047906941067345124,0.9196943079312213,1.725446891071565,97,2098.0,0.9196943079312213
25195.0,92,2117.0,15.23021582733813,1.9932261373966893,92,92,2089.0,0.06017116636461572,1.1321145777397932,1.9932261373966893,92,2089.0,1.1321145777397932
25200.0,88,2117.0,15.23021582733813,2.251566972870437,88,88,2117.0,0.07323496592431951,1.3320543473213877,2.251566972870437,88,2117.0,1.3320543473213877
25205.0,87,2092.0,14.836879432624114,2.1463181231964636,86,87,2091.0,0.06730453543575564,1.2610588751852145,2.1463181231964636,86,2091.0,1.2610588751852145
25210.0,89,2196.0,15.574468085106384,2.318863159403813,89,89,2187.0,0.07155565371718711,1.3222392311196045,2.318863159403813,89,2187.0,1.3222392311196045
25215.0,95,2360.0,16.73758865248227,2.0418517196646895,95,95,2360.0,0.06321964116378614,1.1559805154996365,2.0418517196646895,95,2360.0,1.1559805154996365
25220.0,96,2566.0,18.19858156028369,2.061820037267218,96,96,2566.0,0.06335512008045693,1.1802928715400471,2.061820037267218,96,2566.0,1.1802928715400471
25225.0,99,2823.0,19.880281690140844,2.085777608222804,99,99,2810.0,0.06298317918464112,1.1433350110491165,2.085777608222804,99,2810.0,1.1433350110491165
25230.0,98,3085.0,22.035714285714285,2.110885159930488,98,98,3085.0,0.06819411888798167,1.1847805798212006,2.110885159930488,98,3085.0,1.1847805798212006
25235.0,94,2635.0,18.9568345323741,2.143974256646316,94,94,2635.0,0.06189649603265775,1.1525174557080358,2.143974256646316,94,2635.0,1.1525174557080358
25240.0,94,2697.0,19.543478260869566,1.9925020026339737,94,94,2410.0,0.05586591052078573,1.022670731469586,1.9925020026339737,94,2410.0,1.022670731469586
25245.0,94,2942.0,21.318840579710145,2.1000058138884055,94,94,2942.0,0.06459605043216803,1.1631097558598358,2.1000058138884055,94,2942.0,1.1631097558598358
25250.0,93,2984.0,21.467625899280577,1.9307215630774666,93,93,2984.0,0.05887333677339289,1.0516730566493142,1.9307215630774666,93,2984.0,1.0516730566493142
25255.0,95,2996.0,21.868613138686133,1.8940870496285285,95,95,2923.0,0.05168865218700316,0.9851973202676869,1.8940870496285285,95,2923.0,0.9851973202676869
25260.0,95,3016.0,22.176470588235293,1.8686939458892224,95,95,3016.0,0.0514740933661181,0.9643234299201103,1.8686939458892224,95,3016.0,0.9643234299201103
25265.0,95,2970.0,21.366906474820144,1.7657297169805077,95,95,2970.0,0.045996964206244106,0.8726616493990345,1.7657297169805077,95,2970.0,0.8726616493990345
25270.0,94,2983.0,21.773722627737225,1.916450142429408,94,94,2951.0,0.059496154834171006,1.1044178140804675,1.916450142429408,94,2951.0,1.1044178140804675
25275.0,96,3005.0,21.618705035971225,1.9029685317991076,96,96,3005.0,0.05661101058233764,1.0037477166823956,1.9029685317991076,96,3005.0,1.0037477166823956
25280.0,95,2932.0,21.093525179856115,2.0323054732904584,95,95,2932.0,0.05488664661157007,1.0565991840117634,2.0323054732904584,95,2932.0,1.0565991840117634
25285.0,99,2805.0,19.753521126760564,2.103641250964387,99,99,2762.0,0.05277401121327182,1.0062253205750706,2.103641250964387,99,2762.0,1.0062253205750706
25290.0,96,2682.0,19.02127659574468,2.2646510092294103,96,96,2682.0,0.06352590847294155,1.1461135557795261,2.2646510092294103,96,2682.0,1.1461135557795261
25295.0,92,2451.0,17.89051094890511,2.131258057784576,92,92,2451.0,0.05700207133353984,1.0854045409390447,2.131258057784576,92,2451.0,1.0854045409390447
25300.0,90,2142.0,15.75,1.9611869394365424,90,90,2113.0,0.052184194891491405,0.982087700699591,1.9611869394365424,90,2113.0,0.982087700699591
25305.0,86,1819.0,13.474074074074075,2.175937272305078,86,86,1819.0,0.0736217710807845,1.3304271457758168,2.175937272305078,86,1819.0,1.3304271457758168
25310.0,82,1590.0,11.521739130434783,2.138190541686467,82,82,1590.0,0.06286450954680481,1.1690892026526534,2.138190541686467,82,1590.0,1.1690892026526534
25315.0,86,1597.0,11.656934306569344,2.215699648378409,86,86,1579.0,0.0626199387575475,1.1794261275893616,2.215699648378409,86,1579.0,1.1794261275893616
25320.0,90,1656.0,12.266666666666667,2.236161800696883,90,90,1656.0,0.06649867379766825,1.2217594609226992,2.236161800696883,90,1656.0,1.2217594609226992
25325.0,93,1649.0,11.863309352517986,2.108286088447939,93,93,1649.0,0.04883412104163309,0.9697898055639472,2.108286088447939,93,1649.0,0.9697898055639472
25330.0,89,1570.0,11.544117647058824,2.2505346468303125,89,89,1542.0,0.06903438574686377,1.2534116275823675,2.2505346468303125,89,1542.0,1.2534116275823675
25335.0,86,1483.0,10.746376811594203,2.33588865728821,86,86,1483.0,0.07540195468734914,1.3667856123207034,2.33588865728821,86,1483.0,1.3667856123207034
25340.0,83,1465.0,10.693430656934307,2.4534067265536668,83,83,1465.0,0.07468170781738502,1.4378938848298626,2.4534067265536668,83,1465.0,1.4378938848298626
25345.0,87,1430.0,10.437956204379562,2.3284218309601945,87,87,1402.0,0.07132572857550257,1.356415683839853,2.3284218309601945,87,1402.0,1.356415683839853
25350.0,84,1398.0,10.355555555555556,2.4051144932405495,84,84,1398.0,0.08128854201735526,1.5124487261990682,2.4051144932405495,84,1398.0,1.5124487261990682
25355.0,80,1298.0,9.833333333333334,2.3154824311630473,80,80,1298.0,0.0827841494560633,1.5549399631283347,2.3154824311630473,80,1298.0,1.5549399631283347
25360.0,84,1356.0,10.044444444444444,2.2224449169434086,84,84,1330.0,0.07186008291639552,1.2971732634511173,2.2224449169434086,84,1330.0,1.2971732634511173
25365.0,89,1491.0,11.126865671641792,2.2545287438276262,89,89,1491.0,0.07432841758575698,1.3090896791124607,2.2545287438276262,89,1491.0,1.3090896791124607
25370.0,91,1554.0,11.597014925373134,1.8506209559640259,91,91,1554.0,0.055128741850941534,0.9421636518998595,1.8506209559640259,91,1554.0,0.9421636518998595
25375.0,87,1548.0,11.552238805970148,2.1236932812900857,87,87,1520.0,0.06557808949830364,1.1503847492035617,2.1236932812900857,87,1520.0,1.1503847492035617
25380.0,83,1528.0,11.402985074626866,2.442942319328312,83,83,1528.0,0.08044862234107687,1.4023032640273212,2.442942319328312,83,1528.0,1.4023032640273212
25385.0,82,1628.0,11.883211678832117,2.5841363206464254,82,82,1628.0,0.0818072626880917,1.48047326563805,2.5841363206464254,82,1628.0,1.48047326563805
25390.0,84,1743.0,13.007462686567164,2.6795820841887132,84,84,1743.0,0.09223900354365319,1.6359803992573043,2.6795820841887132,84,1743.0,1.6359803992573043
25395.0,80,1734.0,12.844444444444445,2.6813828171770195,80,80,1734.0,0.08557365145078429,1.597423718405672,2.6813828171770195,80,1734.0,1.597423718405672
25400.0,78,1635.0,12.386363636363637,2.7044691583232376,78,78,1597.0,0.0908561434197686,1.7250836230695765,2.7044691583232376,78,1597.0,1.7250836230695765
25405.0,78,1653.0,12.335820895522389,3.0028700184673607,78,78,1653.0,0.10096841220234382,1.9240458290953786,3.0028700184673607,78,1653.0,1.9240458290953786
25410.0,78,1690.0,12.611940298507463,3.03980524998764,78,78,1690.0,0.09941138785486638,1.886012161121424,3.03980524998764,78,1690.0,1.886012161121424
25415.0,76,1668.0,12.447761194029852,3.0499961807878515,76,76,1668.0,0.0984118642185839,1.8497751662936655,3.0499961807878515,76,1668.0,1.8497751662936655
25420.0,76,1596.0,12.0,2.7384363590546186,76,76,1596.0,0.08213013993894022,1.58714518404596,2.7384363590546186,76,1596.0,1.58714518404596
25425.0,71,1548.0,11.639097744360901,3.0092392684955134,71,71,1531.0,0.09613655793638311,1.823368595856038,3.0092392684955134,71,1531.0,1.823368595856038
25430.0,72,1599.0,11.932835820895523,2.9835362623800745,72,72,1598.0,0.0978580427461025,1.8500768115942001,2.9835362623800745,72,1598.0,1.8500768115942001
25435.0,73,1658.0,12.65648854961832,3.028288740790801,73,73,1658.0,0.10368752119915037,1.9292814343275613,3.028288740790801,73,1658.0,1.9292814343275613
25440.0,73,1305.0,10.116279069767442,2.5108963145190786,73,73,1305.0,0.0753587816167458,1.4366641092749572,2.5108963145190786,73,1305.0,1.4366641092749572
25445.0,74,1346.0,10.274809160305344,2.585012713390318,74,74,1158.0,0.08782388728734974,1.6209819425612093,2.585012713390318,74,1158.0,1.6209819425612093
25450.0,76,1414.0,10.876923076923077,2.7458129833208917,76,76,1414.0,0.09828867102440238,1.7254398465038692,2.7458129833208917,76,1414.0,1.7254398465038692
25455.0,73,1409.0,10.838461538461539,2.698271251844173,73,73,1409.0,0.08554000731067254,1.59208082061205,2.698271251844173,73,1409.0,1.59208082061205
25460.0,74,1464.0,11.527559055118111,2.801651352138673,74,74,1426.0,0.09249746517154057,1.7435482836956526,2.801651352138673,74,1426.0,1.7435482836956526
25465.0,80,1616.0,12.430769230769231,2.7922343257444475,80,80,1616.0,0.09069259900890939,1.6742937690314421,2.7922343257444475,80,1616.0,1.6742937690314421
25470.0,83,1815.0,14.291338582677165,2.531774700335103,83,83,1815.0,0.08209071603884252,1.500624224519104,2.531774700335103,83,1815.0,1.500624224519104
25475.0,88,2045.0,16.23015873015873,2.3885798941999243,88,88,2045.0,0.06742107834515614,1.2465635741424643,2.3885798941999243,88,2045.0,1.2465635741424643
25480.0,95,2306.0,17.875968992248062,2.0544002612224617,95,95,2306.0,0.045250296778875085,0.835139226723654,2.0544002612224617,95,2306.0,0.835139226723654
25485.0,96,2586.0,20.362204724409448,1.9629196427405007,96,96,2586.0,0.04792159075994445,0.8769833295789343,1.9629196427405007,96,2586.0,0.8769833295789343
25490.0,95,2558.0,19.984375,1.7071877998153142,95,95,2558.0,0.036880703045317036,0.6904599929192881,1.7071877998153142,95,2558.0,0.6904599929192881
25495.0,91,2511.0,19.6171875,2.055436564685141,91,91,2397.0,0.05929329096413402,1.0509819227438444,2.055436564685141,91,2397.0,1.0509819227438444
25500.0,89,2696.0,21.741935483870968,1.9254184195653117,89,89,2696.0,0.06611306253622205,1.117464543614838,1.9254184195653117,89,2696.0,1.117464543614838
25505.0,90,2753.0,22.201612903225808,1.659117615282427,90,90,2753.0,0.05928847620188797,1.0834597514360487,1.659117615282427,90,2753.0,1.0834597514360487
25510.0,90,2692.0,21.70967741935484,1.7817774829171567,90,90,2630.0,0.05722624810456621,1.0741879252301614,1.7817774829171567,90,2630.0,1.0741879252301614
25515.0,89,2784.0,22.095238095238095,1.9517309421790205,89,89,2784.0,0.06687260410007266,1.2459217391304276,1.9517309421790205,89,2784.0,1.2459217391304276
25520.0,89,2864.0,22.912,1.9036563244835416,89,89,2864.0,0.057776155006468134,1.1377152220575162,1.9036563244835416,89,2864.0,1.1377152220575162
25525.0,92,2922.0,23.19047619047619,1.8077730653544397,92,92,2909.0,0.05451726596016968,1.0375994152046761,1.8077730653544397,92,2909.0,1.0375994152046761
25530.0,89,3043.0,24.150793650793652,2.14357368705799,89,89,3043.0,0.0682761241749796,1.2887103293748923,2.14357368705799,89,3043.0,1.2887103293748923
25535.0,91,3130.0,25.04,1.9024188859006508,91,91,3130.0,0.05349647709478041,1.0488265224806999,1.9024188859006508,91,3130.0,1.0488265224806999
25540.0,90,3187.0,24.8984375,1.9679823914598091,90,90,3174.0,0.05371862859396449,1.0298312908414247,1.9679823914598091,90,3174.0,1.0298312908414247
25545.0,86,3228.0,25.21875,2.310006777797968,86,86,3228.0,0.06656483865483942,1.2199859975258494,2.310006777797968,86,3228.0,1.2199859975258494
25550.0,83,3334.0,25.646153846153847,2.2135110500821664,82,83,3333.0,0.05962863921241051,1.0739145701599835,2.2135110500821664,82,3333.0,1.0739145701599835
25555.0,85,3614.0,27.8,2.3954537031277616,85,85,3600.0,0.05981425620360783,1.1235294285159123,2.3954537031277616,85,3600.0,1.1235294285159123
25560.0,88,3966.0,31.228346456692915,2.1795827147849978,88,88,3966.0,0.056866073478803514,1.036486961224173,2.1795827147849978,88,3966.0,1.036486961224173
25565.0,92,4303.0,33.6171875,1.8401696655440434,92,92,4303.0,0.046045795398556896,0.8645934824218738,1.8401696655440434,92,4303.0,0.8645934824218738
25570.0,89,4604.0,36.832,1.9595955811288088,89,89,4591.0,0.05796419638096761,1.061246102800633,1.9595955811288088,89,4591.0,1.061246102800633
25575.0,85,4887.0,38.1796875,2.204588686041446,85,85,4887.0,0.07000412124828942,1.2437732527102607,2.204588686041446,85,4887.0,1.2437732527102607
25580.0,84,5145.0,40.833333333333336,2.2437241758202098,83,84,5144.0,0.06914045657773174,1.3300774081467577,2.2437241758202098,83,5144.0,1.3300774081467577
25585.0,91,5453.0,42.27131782945737,2.1512296306637535,91,91,5439.0,0.053354685694173266,1.0465087985007602,2.1512296306637535,91,5439.0,1.0465087985007602
25590.0,90,5819.0,45.4609375,2.311723475333225,90,90,5819.0,0.06476684110586246,1.2537772888791499,2.311723475333225,90,5819.0,1.2537772888791499
25595.0,92,6154.0,49.232,1.9435959095634423,92,92,6154.0,0.05051613394892075,0.9907644563792808,1.9435959095634423,92,6154.0,0.9907644563792808
25600.0,89,6457.0,51.656,1.8904170583568305,89,89,6444.0,0.05723673739998182,1.0430677914635518,1.8904170583568305,89,6444.0,1.0430677914635518
25605.0,85,6747.0,53.976,2.2033223436315406,85,85,6747.0,0.06928658499154461,1.2666838113184655,2.2033223436315406,85,6747.0,1.2666838113184655
25610.0,88,7029.0,54.9140625,2.06229407931695,88,88,7029.0,0.052891727501816796,1.0082378202154982,2.06229407931695,88,7029.0,1.0082378202154982
25615.0,93,7409.0,58.801587301587304,2.0061880872773945,93,93,7342.0,0.05140490741022136,0.9881085560039483,2.0061880872773945,93,7342.0,0.9881085560039483
25620.0,95,7809.0,63.48780487804878,1.6216211011949917,95,95,7809.0,0.04418173718196113,0.8314562136131365,1.6216211011949917,95,7809.0,0.8314562136131365
25625.0,94,8120.0,64.44444444444444,1.6845719537815218,94,94,8120.0,0.04404615015682716,0.8619911504424749,1.6845719537815218,94,8120.0,0.8619911504424749
25630.0,91,8418.0,67.344,1.828016912505708,91,91,8389.0,0.052617436431591134,1.0213716338423082,1.828016912505708,91,8389.0,1.0213716338423082
25635.0,94,8853.0,69.70866141732283,1.9059047632430477,94,94,8853.0,0.06056336913150568,1.1243965972746686,1.9059047632430477,94,8853.0,1.1243965972746686
25640.0,100,9343.0,73.56692913385827,1.9442269927407334,100,100,9343.0,0.0518691637520201,0.9672347081019134,1.9442269927407334,100,9343.0,0.9672347081019134
25645.0,105,9855.0,76.3953488372093,1.8332137069611372,105,105,9855.0,0.03303077843229415,0.6560471416113115,1.8332137069611372,105,9855.0,0.6560471416113115
25650.0,104,10374.0,82.33333333333333,1.7810233892077123,104,104,10374.0,0.036971802344660507,0.7481577968368107,1.7810233892077123,104,10374.0,0.7481577968368107
25655.0,104,10894.0,86.46031746031746,1.9378338846993133,104,104,10894.0,0.04204737080482459,0.8247320320546748,1.9378338846993133,104,10894.0,0.8247320320546748
25660.0,106,11418.0,89.90551181102362,1.6999966305748837,106,106,11418.0,0.02645572366403771,0.49332156777893804,1.6999966305748837,106,11418.0,0.49332156777893804
25665.0,103,11357.0,93.09016393442623,1.4779854255946325,103,103,11357.0,0.03083999254887433,0.5960403772228097,1.4779854255946325,103,11357.0,0.5960403772228097
25670.0,99,10883.0,88.47967479674797,1.487483041124808,99,99,10690.0,0.034951796768315675,0.6616164932003592,1.487483041124808,99,10690.0,0.6616164932003592
25675.0,95,10392.0,85.18032786885246,1.7933308231137841,95,95,10392.0,0.05290237718040566,0.9858614569546585,1.7933308231137841,95,10392.0,0.9858614569546585
25680.0,92,9874.0,80.93442622950819,1.8337883426812427,92,92,9874.0,0.050203419454308874,0.9303936115263769,1.8337883426812427,92,9874.0,0.9303936115263769
25685.0,93,9364.0,75.51612903225806,1.9102736514790284,93,93,9360.0,0.04828561992693134,0.9115470575763223,1.9102736514790284,93,9360.0,0.9115470575763223
25690.0,93,8854.0,71.98373983739837,2.00956318941027,93,93,8854.0,0.05136482593391753,0.9959075324666973,2.00956318941027,93,8854.0,0.9959075324666973
25695.0,94,8347.0,68.41803278688525,1.8099804713513357,94,94,8347.0,0.0462711970643569,0.8982946419331568,1.8099804713513357,94,8347.0,0.8982946419331568
25700.0,94,7842.0,65.89915966386555,1.8233981320961794,94,94,7842.0,0.052830388432413965,1.0344332263518836,1.8233981320961794,94,7842.0,1.0344332263518836
25705.0,94,7258.0,60.483333333333334,1.6156239424599272,94,94,7258.0,0.047547859716926155,0.8983143793502976,1.6156239424599272,94,7258.0,0.8983143793502976
25710.0,88,6607.0,55.05833333333333,1.901172116962247,88,88,6584.0,0.06427364172235817,1.1853961434312872,1.901172116962247,88,6584.0,1.1853961434312872
25715.0,83,5932.0,49.84873949579832,2.1187712640323335,83,83,5932.0,0.07905403930870311,1.4337113995404844,2.1187712640323335,83,5932.0,1.4337113995404844
25720.0,81,5258.0,43.81666666666667,2.1261102314945606,81,81,5258.0,0.07553939872615853,1.3598344883121063,2.1261102314945606,81,5258.0,1.3598344883121063
25725.0,76,4773.0,40.44915254237288,2.425820988394994,76,76,4773.0,0.09140886356454335,1.6785244682607778,2.425820988394994,76,4773.0,1.6785244682607778
25730.0,73,4593.0,38.275,2.5974244893455003,73,73,4593.0,0.09443631358609725,1.739865264143786,2.5974244893455003,73,4593.0,1.739865264143786
25735.0,75,4840.0,40.333333333333336,2.633805781796559,75,75,4840.0,0.10099803609720592,1.9070883238943075,2.633805781796559,75,4840.0,1.9070883238943075
25740.0,75,5085.0,42.73109243697479,2.478311618892647,75,75,5083.0,0.09656072297638227,1.7880153437583937,2.478311618892647,75,5083.0,1.7880153437583937
25745.0,75,5222.0,42.80327868852459,2.559266311069217,74,75,5220.0,0.09760325746432133,1.810260980395793,2.559266311069217,74,5220.0,1.810260980395793
25750.0,78,5469.0,44.104838709677416,2.7030693441675586,77,78,5386.0,0.1009201287211802,1.8587088896142165,2.7030693441675586,77,5386.0,1.8587088896142165
25755.0,78,5729.0,45.46825396825397,2.851740160929438,78,78,5729.0,0.10418411802174815,1.9009216992087792,2.851740160929438,78,5729.0,1.9009216992087792
25760.0,76,5874.0,46.992,3.01588617649742,76,76,5874.0,0.10365700421203906,1.921867674653421,3.01588617649742,76,5874.0,1.921867674653421
25765.0,76,6101.0,48.42063492063492,3.172809336263542,76,76,6052.0,0.10559886521397178,1.9189836695452358,3.172809336263542,76,6052.0,1.9189836695452358
25770.0,76,6407.0,51.66935483870968,3.2787731147688146,76,76,6407.0,0.11514914780665439,2.1103157106043704,3.2787731147688146,76,6407.0,2.1103157106043704
25775.0,82,6805.0,54.44,3.1155052621739925,82,82,6805.0,0.09685845847063562,1.8169819160780996,3.1155052621739925,82,6805.0,1.8169819160780996
25780.0,88,7230.0,56.92913385826772,2.7306828623580546,88,88,7230.0,0.06945533069386607,1.309492994325708,2.7306828623580546,88,7230.0,1.309492994325708
25785.0,93,7681.0,61.448,2.252074908702569,93,93,7681.0,0.04524676989908884,0.8635301251888327,2.252074908702569,93,7681.0,0.8635301251888327
25790.0,98,8161.0,64.25984251968504,2.0352905635055505,98,98,8161.0,0.04123576866592508,0.7202910689872121,2.0352905635055505,98,8161.0,0.7202910689872121
25795.0,101,8661.0,68.73809523809524,1.8991791840133907,101,101,8661.0,0.04075903780943741,0.7118541261254523,1.8991791840133907,101,8661.0,0.7118541261254523
25800.0,103,9164.0,73.90322580645162,1.664392479493502,103,103,9164.0,0.0370316346048667,0.6960943663656918,1.664392479493502,103,9164.0,0.6960943663656918
25805.0,104,9679.0,76.81746031746032,1.5950409202273086,104,104,9674.0,0.043765654700882596,0.8359567431256181,1.5950409202273086,104,9674.0,0.8359567431256181
25810.0,106,10205.0,81.64,1.4423682402668496,106,106,10205.0,0.03687337091116981,0.6969725292983773,1.4423682402668496,106,10205.0,0.6969725292983773
25815.0,105,10119.0,80.30952380952381,1.336280591037565,105,105,10119.0,0.034605782504749945,0.6652798065719129,1.336280591037565,105,10119.0,0.6652798065719129
25820.0,103,9612.0,76.896,1.4184188470679688,103,103,9409.0,0.04176841770470708,0.7923270398243063,1.4184188470679688,103,9409.0,0.7923270398243063
25825.0,101,9087.0,72.11904761904762,1.5486670032071874,101,101,9087.0,0.054788149715488114,1.0137017894532827,1.5486670032071874,101,9087.0,1.0137017894532827
25830.0,95,8545.0,68.36,1.7894169198974554,95,95,8545.0,0.06102653763393416,1.1370316194458916,1.7894169198974554,95,8545.0,1.1370316194458916
25835.0,91,7985.0,64.91869918699187,2.1760288591164865,91,91,7985.0,0.08621138734997659,1.5384714934415624,2.1760288591164865,91,7985.0,1.5384714934415624
25840.0,88,7116.0,56.476190476190474,1.8945752411061496,88,88,7116.0,0.060482073277942826,1.1488712875048717,1.8945752411061496,88,7116.0,1.1488712875048717
25845.0,84,6040.0,47.93650793650794,2.2217313039010955,84,84,5946.0,0.07809393266954198,1.4353541673230503,2.2217313039010955,84,5946.0,1.4353541673230503
25850.0,81,4959.0,38.7421875,2.426155982439999,81,81,4959.0,0.0845957646339364,1.5509545331761239,2.426155982439999,81,4959.0,1.5509545331761239
25855.0,79,4061.0,31.976377952755904,2.5602533562656173,79,79,4061.0,0.084614112862916,1.5697019130891094,2.5602533562656173,79,4061.0,1.5697019130891094
25860.0,80,3438.0,27.070866141732285,2.625412875208114,80,80,3427.0,0.07775024012945773,1.4730199729317155,2.625412875208114,80,3427.0,1.4730199729317155
25865.0,82,3088.0,23.753846153846155,2.513402769177847,82,82,3088.0,0.07397297810785625,1.4132949441533718,2.513402769177847,82,3088.0,1.4132949441533718
25870.0,81,2849.0,21.915384615384614,2.6977610026505743,81,81,2849.0,0.08261651608880291,1.548070060934458,2.6977610026505743,81,2849.0,1.548070060934458
25875.0,85,2753.0,21.015267175572518,2.5245966658572905,85,85,2704.0,0.08237463432234693,1.4818391075981387,2.5245966658572905,85,2704.0,1.4818391075981387
25880.0,90,2713.0,21.031007751937985,2.3813339737849883,90,90,2713.0,0.0771979399180673,1.3738547347422767,2.3813339737849883,90,2713.0,1.3738547347422767
25885.0,99,2704.0,20.96124031007752,1.86447749266292,99,99,2704.0,0.053575199387626844,0.95072108437533,1.86447749266292,99,2704.0,0.95072108437533
25890.0,97,2725.0,21.2890625,1.9759931427674817,97,97,2725.0,0.053030517491788096,0.9710176743063057,1.9759931427674817,97,2725.0,0.9710176743063057
25895.0,99,2809.0,22.118110236220474,1.8972525437300038,99,99,2809.0,0.04974443078096922,0.921894867288762,1.8972525437300038,99,2809.0,0.921894867288762
25900.0,98,3029.0,23.8503937007874,1.5540602067484788,98,98,3029.0,0.03959080843544557,0.7530959108552286,1.5540602067484788,98,3029.0,0.7530959108552286
25905.0,102,3497.0,28.43089430894309,1.31125587788991,102,102,3484.0,0.04377975304250563,0.7944752212000565,1.31125587788991,102,3484.0,0.7944752212000565
25910.0,107,4022.0,31.92063492063492,1.2305813537940802,107,107,4022.0,0.04222439116183164,0.692839711405662,1.2305813537940802,107,4022.0,0.692839711405662
25915.0,109,4553.0,36.424,1.0806372849619919,109,109,4553.0,0.032313466983175165,0.5560198544115242,1.0806372849619919,109,4553.0,0.5560198544115242
25920.0,111,5103.0,40.824,1.1617609477909396,111,111,5092.0,0.02707912362784381,0.4761825464423481,1.1617609477909396,111,5092.0,0.4761825464423481
25925.0,112,5660.0,43.87596899224806,1.2425348415625466,112,112,5660.0,0.03020811157215403,0.5310053327759007,1.2425348415625466,112,5660.0,0.5310053327759007
25930.0,112,6216.0,49.333333333333336,1.0486216567427638,112,112,6216.0,0.025761028208299525,0.47982321977210474,1.0486216567427638,112,6216.0,0.47982321977210474
25935.0,113,6781.0,53.39370078740158,1.0530294884002143,113,113,6779.0,0.03582344133376301,0.6557486353331416,1.0530294884002143,113,6779.0,0.6557486353331416
25940.0,114,7347.0,57.8503937007874,1.0502152953708206,114,114,7347.0,0.03767857511045352,0.6634403694467275,1.0502152953708206,114,7347.0,0.6634403694467275
25945.0,115,7602.0,58.47692307692308,1.0703919688715824,115,115,7602.0,0.02739848276755924,0.5409199061590582,1.0703919688715824,115,7602.0,0.5409199061590582
25950.0,108,7630.0,58.69230769230769,1.2960346138050636,108,108,7528.0,0.0404583151530817,0.749864205366634,1.2960346138050636,108,7528.0,0.749864205366634
25955.0,105,7644.0,58.8,1.5599373729757127,105,105,7644.0,0.05295294980312097,0.9512401989924277,1.5599373729757127,105,7644.0,0.9512401989924277
25960.0,101,7636.0,58.29007633587786,1.6206558976167802,101,101,7636.0,0.05553676126543444,0.990228660646409,1.6206558976167802,101,7636.0,0.990228660646409
25965.0,99,7615.0,58.12977099236641,2.0162446279972857,99,99,7615.0,0.0715152816740154,1.251630654723373,2.0162446279972857,99,7615.0,1.251630654723373
25970.0,93,7227.0,54.75,1.8086601335503965,93,93,7227.0,0.05433387236889848,1.061532954979036,1.8086601335503965,93,7227.0,1.061532954979036
25975.0,91,6593.0,50.32824427480916,1.9983053799938089,91,91,6480.0,0.06835554350466681,1.2575640281409686,1.9983053799938089,91,6480.0,1.2575640281409686
25980.0,86,5938.0,45.32824427480916,2.4192790046606,86,86,5938.0,0.08411028864661015,1.5409294181314699,2.4192790046606,86,5938.0,1.5409294181314699
25985.0,83,5262.0,39.26865671641791,2.7001210895174355,83,83,5262.0,0.08502902528836664,1.6000070461205889,2.7001210895174355,83,5262.0,1.6000070461205889
25990.0,80,4569.0,34.35338345864662,2.8312772593359727,80,80,4569.0,0.09169660887305964,1.7321485776498617,2.8312772593359727,80,4569.0,1.7321485776498617
25995.0,81,4130.0,30.82089552238806,2.792538560595691,81,81,4103.0,0.09116484640390526,1.6923590104420638,2.792538560595691,81,4103.0,1.6923590104420638
26000.0,84,3932.0,29.34328358208955,2.950225275772033,84,84,3932.0,0.09204917806844357,1.7240852173913008,2.950225275772033,84,3932.0,1.7240852173913008
26005.0,92,3793.0,28.518796992481203,2.602106660535574,92,92,3793.0,0.07351644046701826,1.43208979036376,2.602106660535574,92,3793.0,1.43208979036376
26010.0,92,3531.0,27.161538461538463,2.2755672080412577,92,92,3531.0,0.06560306863996015,1.2567166581060711,2.2755672080412577,92,3531.0,1.2567166581060711
26015.0,93,3364.0,26.07751937984496,2.208341650149959,93,93,3306.0,0.06766971182648213,1.247108075071072,2.208341650149959,93,3306.0,1.247108075071072
26020.0,94,3255.0,24.84732824427481,2.2391666152641587,94,94,3255.0,0.06863493658449016,1.2184255853759678,2.2391666152641587,94,3255.0,1.2184255853759678
26025.0,93,3044.0,23.5968992248062,2.0800282100181393,93,93,3044.0,0.05873982625468091,1.0881575070030807,2.0800282100181393,93,3044.0,1.0881575070030807
26030.0,91,2772.0,21.826771653543307,1.93156015324594,91,91,2739.0,0.05793233995541718,1.053540012321684,1.93156015324594,91,2739.0,1.053540012321684
26035.0,86,2734.0,22.048387096774192,2.1456528275230067,86,86,2734.0,0.07858050430374754,1.3957601304248202,2.1456528275230067,86,2734.0,1.3957601304248202
26040.0,87,2993.0,24.137096774193548,2.2027567407312256,87,87,2993.0,0.07841864636394007,1.3788087847670687,2.2027567407312256,87,2993.0,1.3788087847670687
26045.0,89,3256.0,25.637795275590552,2.1586991727724523,89,89,3256.0,0.07776235150113832,1.3472823557181015,2.1586991727724523,89,3256.0,1.3472823557181015
26050.0,87,3486.0,27.448818897637796,2.1403198937609065,87,87,3486.0,0.07494080234394915,1.344915231714885,2.1403198937609065,87,3486.0,1.344915231714885
26055.0,89,3750.0,28.846153846153847,2.1192711485824836,89,89,3724.0,0.07191480024342167,1.3203640114767985,2.1192711485824836,89,3724.0,1.3203640114767985
26060.0,92,4028.0,30.748091603053435,2.2694822913566455,92,92,4028.0,0.0748436564271766,1.3642399455338923,2.2694822913566455,92,4028.0,1.3642399455338923
26065.0,94,4198.0,31.328358208955223,2.277692212699553,94,94,4198.0,0.06514750451449068,1.233671915799133,2.277692212699553,94,4198.0,1.233671915799133
26070.0,91,4441.0,33.14179104477612,2.4494352970432796,91,91,4403.0,0.07609700967639972,1.3783209739991098,2.4494352970432796,91,4403.0,1.3783209739991098
26075.0,92,4725.0,35.26119402985075,2.632815809745123,92,92,4725.0,0.08473206850626648,1.5098323617059985,2.632815809745123,92,4725.0,1.5098323617059985
26080.0,91,4681.0,35.46212121212121,2.2548189040218376,91,91,4681.0,0.06756887071229963,1.2446111357617018,2.2548189040218376,91,4681.0,1.2446111357617018
26085.0,88,4433.0,34.1,2.3133626672651983,88,88,4326.0,0.0697299167972097,1.3017453318030219,2.3133626672651983,88,4326.0,1.3017453318030219
26090.0,84,4225.0,32.25190839694657,2.5419999305551637,84,84,4225.0,0.08139770067995594,1.5092254105992817,2.5419999305551637,84,4225.0,1.5092254105992817
26095.0,86,4106.0,31.584615384615386,2.589811080615271,86,86,4106.0,0.07931940310080045,1.5098987697367197,2.589811080615271,86,4106.0,1.5098987697367197
26100.0,86,3991.0,31.1796875,2.636109418263337,86,86,3991.0,0.08906723042167386,1.6048212203603274,2.636109418263337,86,3991.0,1.6048212203603274
26105.0,85,3713.0,28.34351145038168,2.330690532265789,85,85,3713.0,0.06545095807864544,1.2857159071646642,2.330690532265789,85,3713.0,1.2857159071646642
26110.0,83,3318.0,25.523076923076925,2.5029994981566417,83,83,3266.0,0.0797415916970825,1.4772998131499566,2.5029994981566417,83,3266.0,1.4772998131499566
26115.0,80,2906.0,22.353846153846153,2.615922451342651,80,80,2906.0,0.09352863216408053,1.6747189480567126,2.615922451342651,80,2906.0,1.6747189480567126
26120.0,78,2446.0,18.815384615384616,2.867449528853474,78,78,2446.0,0.09532700425058616,1.7454449457892924,2.867449528853474,78,2446.0,1.7454449457892924
26125.0,81,2054.0,15.56060606060606,2.8130384846456393,81,81,2019.0,0.08310304331732755,1.584145502302044,2.8130384846456393,81,2019.0,1.584145502302044
26130.0,81,1905.0,14.653846153846153,2.667875245282015,81,81,1905.0,0.08207228944307574,1.6214805524864746,2.667875245282015,81,1905.0,1.6214805524864746
26135.0,80,1840.0,14.263565891472869,2.6342212823014197,80,80,1840.0,0.0830686061285348,1.5919042886198105,2.6342212823014197,80,1840.0,1.5919042886198105
26140.0,84,1907.0,14.557251908396946,2.416539163772951,84,84,1854.0,0.07371146430375587,1.4241257309941526,2.416539163772951,84,1854.0,1.4241257309941526
26145.0,89,2072.0,15.938461538461539,2.327018620456119,89,89,2072.0,0.06945452098201646,1.2951322872959352,2.327018620456119,89,2072.0,1.2951322872959352
26150.0,94,2264.0,17.550387596899224,1.8955726054399105,94,94,2264.0,0.04724438497081723,0.8744776035174299,1.8955726054399105,94,2264.0,0.8744776035174299
26155.0,91,2353.0,18.52755905511811,1.9312497781045248,91,91,2353.0,0.051544036939385064,0.9971971746643272,1.9312497781045248,91,2353.0,0.9971971746643272
26160.0,88,2359.0,18.72222222222222,1.9824880207729874,88,88,2326.0,0.054638797112657296,1.0282391424384658,1.9824880207729874,88,2326.0,1.0282391424384658
26165.0,84,2484.0,19.40625,2.2842203365631635,84,84,2484.0,0.07233586192026782,1.3074663808308689,2.2842203365631635,84,2484.0,1.3074663808308689
26170.0,85,2731.0,21.3359375,2.5741750342625167,85,85,2731.0,0.07499735098517778,1.3802825416252722,2.5741750342625167,85,2731.0,1.3802825416252722
26175.0,88,2974.0,23.234375,2.297024832147936,88,88,2974.0,0.06040151654561844,1.1436064772609953,2.297024832147936,88,2974.0,1.1436064772609953
26180.0,88,3239.0,25.706349206349206,2.3786635349462606,88,88,3231.0,0.0698368133810274,1.3006546421306082,2.3786635349462606,88,3231.0,1.3006546421306082
26185.0,92,3509.0,27.4140625,2.34307030261178,92,92,3509.0,0.0700632157301487,1.2542982276986865,2.34307030261178,92,3509.0,1.2542982276986865
26190.0,87,3526.0,27.546875,2.50013647902653,87,87,3526.0,0.06617459906771854,1.2537686002587525,2.50013647902653,87,3526.0,1.2537686002587525
26195.0,83,3355.0,26.626984126984127,2.6755224329305136,83,83,3273.0,0.07711984917660758,1.4454848938353404,2.6755224329305136,83,3273.0,1.4454848938353404
26200.0,81,3166.0,25.328,2.537888403786934,81,81,3166.0,0.07717897974965233,1.4207189923358594,2.537888403786934,81,3166.0,1.4207189923358594
26205.0,78,2963.0,24.089430894308943,2.626850011019509,78,78,2963.0,0.08241865673558943,1.570031208991377,2.626850011019509,78,2963.0,1.570031208991377
26210.0,72,2738.0,21.73015873015873,3.123054735296205,72,72,2738.0,0.1105212371233976,2.015375475233822,3.123054735296205,72,2738.0,2.015375475233822
26215.0,70,2469.0,19.595238095238095,3.0231932182354306,70,70,2469.0,0.09592132381822367,1.8124910476837606,3.0231932182354306,70,2469.0,1.8124910476837606
26220.0,70,2199.0,17.733870967741936,3.0479784488112607,70,70,2161.0,0.10087753852746068,1.8598995198394426,3.0479784488112607,70,2161.0,1.8598995198394426
26225.0,71,1933.0,15.464,3.0281033873585783,71,71,1933.0,0.09915441400485471,1.8424244683561932,3.0281033873585783,71,1933.0,1.8424244683561932
26230.0,69,1615.0,13.237704918032787,3.011873476272871,69,69,1615.0,0.09659097151446341,1.8253730674035304,3.011873476272871,69,1615.0,1.8253730674035304
26235.0,69,1366.0,11.19672131147541,2.9052144951611765,69,69,1340.0,0.09746183368887236,1.7989542279592505,2.9052144951611765,69,1340.0,1.7989542279592505
26240.0,71,1347.0,11.040983606557377,3.077347076246064,71,71,1347.0,0.1013539752045007,1.8926812120862373,3.077347076246064,71,1347.0,1.8926812120862373
26245.0,78,1509.0,12.072,3.110109554947003,78,78,1509.0,0.09358096742697211,1.8258629457528808,3.110109554947003,78,1509.0,1.8258629457528808
26250.0,78,1636.0,13.193548387096774,2.960696306976048,78,78,1636.0,0.0806588531243393,1.5715728908521815,2.960696306976048,78,1636.0,1.5715728908521815
26255.0,78,1726.0,14.264462809917354,2.6708523685971137,78,78,1708.0,0.06668369598923528,1.3207896689342602,2.6708523685971137,78,1708.0,1.3207896689342602
26260.0,77,1815.0,15.0,2.541602587553983,77,77,1815.0,0.07169575930159931,1.3539562912139662,2.541602587553983,77,1815.0,1.3539562912139662
26265.0,73,1890.0,15.75,2.8616049645757857,73,73,1890.0,0.08768992008298879,1.622063779427341,2.8616049645757857,73,1890.0,1.622063779427341
26270.0,72,1997.0,16.641666666666666,2.548792470915092,72,72,1997.0,0.07631118103567187,1.4412510175789575,2.548792470915092,72,1997.0,1.4412510175789575
26275.0,76,2267.0,19.21186440677966,2.5907298189888666,76,76,2262.0,0.08287809897372213,1.5487938112925075,2.5907298189888666,76,2262.0,1.5487938112925075
26280.0,82,2565.0,21.923076923076923,2.4160571551979286,82,82,2565.0,0.07104765874667499,1.2985853186398395,2.4160571551979286,82,2565.0,1.2985853186398395
26285.0,84,2881.0,24.210084033613445,2.260823120401472,84,84,2881.0,0.06064444974795025,1.1211493388778044,2.260823120401472,84,2881.0,1.1211493388778044
26290.0,85,3202.0,27.603448275862068,2.1749191785055317,85,85,3202.0,0.058343349115786605,1.1171817959085166,2.1749191785055317,85,3202.0,1.1171817959085166
26295.0,85,3527.0,29.889830508474578,2.2010548614708765,85,85,3527.0,0.06800192284040754,1.2536195946008182,2.2010548614708765,85,3527.0,1.2536195946008182
26300.0,86,3856.0,32.957264957264954,2.1086623688772876,86,86,3856.0,0.06320348755696276,1.1859487496740582,2.1086623688772876,86,3856.0,1.1859487496740582
26305.0,92,4251.0,35.425,2.130152090090298,92,92,4251.0,0.06752185725749013,1.2758081979855793,2.130152090090298,92,4251.0,1.2758081979855793
26310.0,91,4376.0,37.08474576271186,1.9334912946105705,91,91,4376.0,0.058932607602821874,1.1155688544536493,1.9334912946105705,91,4376.0,1.1155688544536493
26315.0,97,4849.0,41.44444444444444,1.4952174486493457,97,97,4683.0,0.042918496026347876,0.7718571525277781,1.4952174486493457,97,4683.0,0.7718571525277781
26320.0,98,5339.0,45.24576271186441,1.3059002048538808,98,98,5339.0,0.04389139600685688,0.7519993165609234,1.3059002048538808,98,5339.0,0.7519993165609234
26325.0,101,5834.0,50.293103448275865,1.1732335319728626,101,101,5834.0,0.030779001911086106,0.526887203500407,1.1732335319728626,101,5834.0,0.526887203500407
26330.0,102,6339.0,55.12173913043478,1.024164573295249,102,102,6339.0,0.04170037784622609,0.7074683694926456,1.024164573295249,102,6339.0,0.7074683694926456
26335.0,101,6844.0,59.51304347826087,0.9705355432934071,101,101,6844.0,0.025708623707457624,0.47479060998530587,0.9705355432934071,101,6844.0,0.47479060998530587
26340.0,100,6981.0,60.70434782608696,1.1909542303303495,100,100,6981.0,0.029003204631162426,0.5810853195205118,1.1909542303303495,100,6981.0,0.5810853195205118
26345.0,95,6846.0,57.529411764705884,1.423712915355345,95,95,6724.0,0.04185660761625562,0.822937423967294,1.423712915355345,95,6724.0,0.822937423967294
26350.0,93,6698.0,56.285714285714285,1.728584217226804,93,93,6698.0,0.058224429216265056,1.0716620074104362,1.728584217226804,93,6698.0,1.0716620074104362
26355.0,90,6503.0,53.30327868852459,1.806131899073937,90,90,6503.0,0.05518277926498603,1.0260095535087,1.806131899073937,90,6503.0,1.0260095535087
26360.0,93,6342.0,52.413223140495866,1.8767637043134915,93,93,6316.0,0.05072466928573746,1.0230835847061899,1.8767637043134915,93,6316.0,1.0230835847061899
26365.0,95,6187.0,50.71311475409836,1.7805222888547472,95,95,6187.0,0.05092844081508469,0.9793100202939922,1.7805222888547472,95,6187.0,0.9793100202939922
26370.0,93,5733.0,46.99180327868852,1.7259294880158158,93,93,5733.0,0.048436280839588085,0.9165184702759721,1.7259294880158158,93,5733.0,0.9165184702759721
26375.0,88,5063.0,41.84297520661157,1.9220033527451366,88,88,4965.0,0.06406195360088342,1.1641081445189514,1.9220033527451366,88,4965.0,1.1641081445189514
26380.0,85,4372.0,35.54471544715447,1.9687636575569916,85,85,4372.0,0.07196511124860364,1.229179722501736,1.9687636575569916,85,4372.0,1.229179722501736
26385.0,82,3684.0,30.19672131147541,2.0084112139453034,82,82,3684.0,0.06946560599003199,1.2546767994876422,2.0084112139453034,82,3684.0,1.2546767994876422
26390.0,82,3321.0,26.782258064516128,2.0798078687608292,82,82,3286.0,0.0701073125390567,1.243907046302859,2.0798078687608292,82,3286.0,1.243907046302859
26395.0,85,3203.0,26.040650406504064,2.068657179423449,85,85,3203.0,0.0692370665463383,1.2055932153419988,2.068657179423449,85,3203.0,1.2055932153419988
26400.0,89,3121.0,25.793388429752067,1.9369505222497154,89,89,3121.0,0.06265320206145562,1.103459064888955,1.9369505222497154,89,3121.0,1.103459064888955
26405.0,93,3079.0,24.830645161290324,1.7163533560765856,93,93,3062.0,0.0468739120221454,0.8517496187662549,1.7163533560765856,93,3062.0,0.8517496187662549
26410.0,95,3052.0,25.016393442622952,1.6554670691018396,95,95,3052.0,0.047035023324720586,0.8861172825689086,1.6554670691018396,95,3052.0,0.8861172825689086
26415.0,95,3019.0,24.152,1.6351072273216927,95,95,3019.0,0.04450061586104114,0.8521526385593822,1.6351072273216927,95,3019.0,0.8521526385593822
26420.0,96,3089.0,24.712,1.7729821187870827,96,96,3085.0,0.054532354334944265,0.982276541271347,1.7729821187870827,96,3085.0,0.982276541271347
26425.0,99,3420.0,26.71875,1.8645494279857844,99,99,3420.0,0.06147748015911134,1.1023390467265475,1.8645494279857844,99,3420.0,1.1023390467265475
26430.0,99,3775.0,29.724409448818896,1.738893749867872,99,99,3775.0,0.042470416577322985,0.8479525908148007,1.738893749867872,99,3775.0,0.8479525908148007
26435.0,99,4045.0,32.36,1.643470973957335,99,99,4002.0,0.045140467349818816,0.8662824755641036,1.643470973957335,99,4002.0,0.8662824755641036
26440.0,96,4307.0,34.182539682539684,1.6188679197984996,96,96,4307.0,0.047645247544628344,0.8814744221952228,1.6188679197984996,96,4307.0,0.8814744221952228
26445.0,96,4563.0,36.214285714285715,1.7444830059173755,96,96,4563.0,0.0507103872644844,0.9222075226547671,1.7444830059173755,96,4563.0,0.9222075226547671
26450.0,97,4818.0,38.23809523809524,1.6628163573736756,97,97,4818.0,0.050752571365535806,0.9056192141136387,1.6628163573736756,97,4818.0,0.9056192141136387
26455.0,98,5079.0,40.95967741935484,1.4638227306529203,98,98,5079.0,0.04338425578030521,0.8057206633889968,1.4638227306529203,98,5079.0,0.8057206633889968
26460.0,95,5293.0,43.03252032520325,1.5985758776524486,95,95,5293.0,0.0464945532686774,0.8801442636038506,1.5985758776524486,95,5293.0,0.8801442636038506
26465.0,93,5457.0,42.968503937007874,1.608777509848831,93,93,5444.0,0.047983720633623377,0.8898526539535555,1.608777509848831,93,5444.0,0.8898526539535555
26470.0,88,5607.0,44.1496062992126,2.067357591307099,88,88,5607.0,0.07162096129884679,1.3148078944227106,2.067357591307099,88,5607.0,1.3148078944227106
26475.0,86,5375.0,41.34615384615385,1.9891033055377736,85,86,5374.0,0.0587966027599994,1.1486921624026647,1.9891033055377736,85,5374.0,1.1486921624026647
26480.0,83,4891.0,37.91472868217054,2.2046320602189824,83,83,4773.0,0.0658090722044402,1.3010383134665764,2.2046320602189824,83,4773.0,1.3010383134665764
26485.0,80,4461.0,34.58139534883721,2.2666636601505066,80,80,4461.0,0.07443625759097594,1.3878084270518056,2.2666636601505066,80,4461.0,1.3878084270518056
26490.0,81,4140.0,32.34375,2.122832755526721,81,81,4140.0,0.07016724117049247,1.3267418427481288,2.122832755526721,81,4140.0,1.3267418427481288
26495.0,86,3875.0,30.2734375,2.102411540655651,86,86,3854.0,0.06073195258542825,1.1842609395997852,2.102411540655651,86,3854.0,1.1842609395997852
26500.0,89,3629.0,27.915384615384614,1.914576939336034,89,89,3629.0,0.04950608378847028,0.9365957135803867,1.914576939336034,89,3629.0,0.9365957135803867
26505.0,87,3298.0,25.968503937007874,1.9128504612387764,87,87,3298.0,0.056741560853413836,1.0780264055209705,1.9128504612387764,87,3298.0,1.0780264055209705
26510.0,83,2885.0,22.364341085271317,1.9657443100983758,83,83,2857.0,0.06050567288282893,1.1121454362712127,1.9657443100983758,83,2857.0,1.1121454362712127
26515.0,82,2510.0,19.763779527559056,2.1895873820589933,82,82,2510.0,0.07201426811147824,1.3554556881575954,2.1895873820589933,82,2510.0,1.3554556881575954
26520.0,85,2157.0,17.256,2.0288640039383146,85,85,2157.0,0.0654199696044609,1.2371570745629965,2.0288640039383146,85,2157.0,1.2371570745629965
26525.0,88,1851.0,14.348837209302326,1.9748205923292068,88,88,1846.0,0.06065505044283946,1.105511581917544,1.9748205923292068,88,1846.0,1.105511581917544
26530.0,89,1758.0,13.734375,1.9441044858071153,89,89,1758.0,0.059771972945765244,1.1001279612278883,1.9441044858071153,89,1758.0,1.1001279612278883
26535.0,88,1795.0,13.702290076335878,1.9826840996144106,88,88,1795.0,0.052691380716394336,1.0073407840984843,1.9826840996144106,88,1795.0,1.0073407840984843
26540.0,93,2094.0,16.359375,1.898929852615761,93,93,2002.0,0.060875400201751084,1.1245549806711614,1.898929852615761,93,2002.0,1.1245549806711614
26545.0,101,2424.0,18.50381679389313,1.7537002506443142,101,101,2424.0,0.05593108008477005,0.9878394539451609,1.7537002506443142,101,2424.0,0.9878394539451609
26550.0,100,2759.0,21.061068702290076,1.7505014910880712,100,100,2759.0,0.04435247160500817,0.8332494722386412,1.7505014910880712,100,2759.0,0.8332494722386412
26555.0,100,3126.0,24.421875,1.7181806107765925,100,100,3116.0,0.05312910667064913,0.9807319737412384,1.7181806107765925,100,3116.0,0.9807319737412384
26560.0,106,3637.0,27.976923076923075,1.5196558254892767,106,106,3637.0,0.04720984445244602,0.8651902355281471,1.5196558254892767,106,3637.0,0.8651902355281471
26565.0,111,4182.0,32.16923076923077,1.3737711909973134,111,111,4182.0,0.024578921329503074,0.522075811698907,1.3737711909973134,111,4182.0,0.522075811698907
26570.0,111,4501.0,34.3587786259542,1.192865728902627,111,111,4501.0,0.01952879918264735,0.41088093838106227,1.192865728902627,111,4501.0,0.41088093838106227
26575.0,107,4641.0,36.54330708661417,1.1421477608624595,107,107,4562.0,0.034878612258394434,0.6436937073099088,1.1421477608624595,107,4562.0,0.6436937073099088
26580.0,104,4764.0,37.511811023622045,1.3722674261834653,104,104,4764.0,0.04595726280828361,0.8049029670057609,1.3722674261834653,104,4764.0,0.8049029670057609
26585.0,100,4673.0,36.224806201550386,1.3337529118884126,100,100,4673.0,0.041348594326354855,0.7966603820813867,1.3337529118884126,100,4673.0,0.7966603820813867
26590.0,97,4435.0,34.37984496124031,1.6197202474623762,97,97,4372.0,0.05273557176897077,0.9746437813918463,1.6197202474623762,97,4372.0,0.9746437813918463
26595.0,93,4176.0,31.87786259541985,1.804276592681409,93,93,4176.0,0.06308505414379924,1.1643156710428804,1.804276592681409,93,4176.0,1.1643156710428804
26600.0,90,3850.0,29.389312977099237,1.9272131896677902,90,90,3850.0,0.06762607902192727,1.2153011097506352,1.9272131896677902,90,3850.0,1.2153011097506352
26605.0,92,3570.0,26.842105263157894,2.1422398724134526,92,92,3545.0,0.06829874210487469,1.252785257529235,2.1422398724134526,92,3545.0,1.252785257529235
26610.0,92,3294.0,24.954545454545453,2.063532463779461,92,92,3294.0,0.06963763446466673,1.2497928719841696,2.063532463779461,92,3294.0,1.2497928719841696
26615.0,91,2967.0,22.477272727272727,2.1518834175912724,91,91,2967.0,0.06627041009344989,1.2089687729283587,2.1518834175912724,91,2967.0,1.2089687729283587
26620.0,91,2692.0,20.08955223880597,2.23218656365821,91,91,2640.0,0.06334272339686899,1.1434606278051258,2.23218656365821,91,2640.0,1.1434606278051258
26625.0,93,2422.0,18.210526315789473,2.142068159577277,93,93,2422.0,0.056738116075131545,1.0688199842074182,2.142068159577277,93,2422.0,1.0688199842074182
26630.0,92,2176.0,16.238805970149254,2.063748717454716,92,92,2176.0,0.05168630976096981,1.0123516818476836,2.063748717454716,92,2176.0,1.0123516818476836
26635.0,94,2214.0,16.900763358778626,1.97623637831944,94,94,2212.0,0.057455443241861415,1.0630322759272015,1.97623637831944,94,2212.0,1.0630322759272015
26640.0,101,2657.0,20.43846153846154,1.7666961488630517,101,101,2657.0,0.04849288982248608,0.8589186964096187,1.7666961488630517,101,2657.0,0.8589186964096187
26645.0,111,3191.0,23.813432835820894,1.3903220447549551,111,111,3191.0,0.02912369792992529,0.5511491792847736,1.3903220447549551,111,3191.0,0.5511491792847736
26650.0,116,3760.0,28.702290076335878,1.1755838942273111,116,116,3760.0,0.024574440041500546,0.4846665973175699,1.1755838942273111,116,3760.0,0.4846665973175699
26655.0,117,4344.0,32.90909090909091,1.092554273351885,117,117,4344.0,0.027073054139434043,0.5489796040722075,1.092554273351885,117,4344.0,0.5489796040722075
26660.0,120,4936.0,37.6793893129771,0.9713689814480682,120,120,4936.0,0.024252141108412843,0.5113674749358492,0.9713689814480682,120,4936.0,0.5113674749358492
26665.0,123,5536.0,41.62406015037594,0.8435460986971115,123,123,5536.0,0.023540543580813953,0.4823035352063678,0.8435460986971115,123,5536.0,0.4823035352063678
26670.0,123,6145.0,46.203007518796994,0.8521575383095081,123,123,6145.0,0.02448225146341446,0.49669545246427194,0.8521575383095081,123,6145.0,0.49669545246427194
26675.0,123,6760.0,51.603053435114504,0.7367571040291772,123,123,6760.0,0.027159087556868727,0.5443256198351136,0.7367571040291772,123,6760.0,0.5443256198351136
26680.0,121,7337.0,55.16541353383459,0.6158922757159817,121,121,7337.0,0.022349659236695473,0.4083478203341099,0.6158922757159817,121,7337.0,0.4083478203341099
26685.0,122,7947.0,59.75187969924812,0.7660218966496819,122,122,7929.0,0.02707670937670041,0.4692752240577031,0.7660218966496819,122,7929.0,0.4692752240577031
26690.0,122,8557.0,63.385185185185186,0.8701855624623834,122,122,8557.0,0.03326909236477357,0.5371202578560115,0.8701855624623834,122,8557.0,0.5371202578560115
26695.0,123,9170.0,68.43283582089552,0.7544504199025296,123,123,9170.0,0.025316228251411707,0.4268732262337182,0.7544504199025296,123,9170.0,0.4268732262337182
26700.0,123,9785.0,74.12878787878788,0.7618633505596142,123,123,9785.0,0.023192050209023415,0.41502719199819876,0.7618633505596142,123,9785.0,0.41502719199819876
26705.0,124,10402.0,77.05185185185185,0.7381146690597618,124,124,10402.0,0.017710295910893303,0.2958452740627002,0.7381146690597618,124,10402.0,0.2958452740627002
26710.0,121,10686.0,79.15555555555555,0.8990201983500128,121,121,10686.0,0.02582570397439335,0.4419065652663149,0.8990201983500128,121,10686.0,0.4419065652663149
26715.0,117,10727.0,78.2992700729927,1.088398241067591,117,117,10619.0,0.03656962787468201,0.6213547513775578,1.088398241067591,117,10619.0,0.6213547513775578
26720.0,113,10749.0,78.45985401459853,1.3806411488747057,113,113,10749.0,0.049576850295293066,0.8554306145153445,1.3806411488747057,113,10749.0,0.8554306145153445
26725.0,112,10748.0,77.8840579710145,1.3781105573253167,112,112,10748.0,0.0499369670184298,0.8678538461880897,1.3781105573253167,112,10748.0,0.8678538461880897
26730.0,111,10752.0,77.91304347826087,1.4814330053491074,111,111,10750.0,0.0459522738959795,0.7943650118825574,1.4814330053491074,111,10750.0,0.7943650118825574
26735.0,111,10757.0,77.94927536231884,1.639110823506539,111,111,10757.0,0.052564960926499836,0.9129587618825568,1.639110823506539,111,10757.0,0.9129587618825568
26740.0,112,10765.0,76.89285714285714,1.5270918511122855,112,112,10765.0,0.030804982344423318,0.5882918085734721,1.5270918511122855,112,10765.0,0.5882918085734721
26745.0,110,10714.0,78.2043795620438,1.4659317409379629,110,110,10714.0,0.042646644681684914,0.7683222177419947,1.4659317409379629,110,10714.0,0.7683222177419947
26750.0,106,10601.0,76.81884057971014,1.430832705009485,106,106,10583.0,0.040341000912143085,0.7313827104482625,1.430832705009485,106,10583.0,0.7313827104482625
26755.0,102,10471.0,76.43065693430657,1.7057153033187937,102,102,10471.0,0.05623313373946163,1.025277895892808,1.7057153033187937,102,10471.0,1.025277895892808
26760.0,100,10322.0,75.8970588235294,1.6539057649165085,100,100,10322.0,0.048716170395380745,0.9446404700515658,1.6539057649165085,100,10322.0,0.9446404700515658
26765.0,100,10370.0,75.14492753623189,1.6591214226651336,100,100,10365.0,0.05185441104937849,0.9605339174051177,1.6591214226651336,100,10365.0,0.9605339174051177
26770.0,101,10675.0,78.49264705882354,1.6379321477340911,101,101,10675.0,0.054176214235494506,1.0083592937380899,1.6379321477340911,101,10675.0,1.0083592937380899
26775.0,103,11044.0,80.02898550724638,1.5630368636959289,103,103,11044.0,0.04456002080148198,0.8444293091575658,1.5630368636959289,103,11044.0,0.8444293091575658
26780.0,104,11389.0,83.13138686131387,1.647227706537237,104,104,11376.0,0.052966509686935344,0.9497573865819752,1.647227706537237,104,11376.0,0.9497573865819752
26785.0,101,11719.0,84.30935251798562,1.8583810813856405,101,101,11719.0,0.06328749996997357,1.1151243180186756,1.8583810813856405,101,11719.0,1.1151243180186756
26790.0,97,12019.0,87.09420289855072,1.882764218545948,97,97,12019.0,0.05815598504138232,1.0773643961629287,1.882764218545948,97,12019.0,1.0773643961629287
26795.0,97,12329.0,89.99270072992701,2.0350321018108577,97,97,12319.0,0.0674224456971827,1.201805335395455,2.0350321018108577,97,12319.0,1.201805335395455
26800.0,98,12642.0,91.6086956521739,1.927105325034696,98,98,12642.0,0.06330385795934003,1.1005716015927565,1.927105325034696,98,12642.0,1.1005716015927565
26805.0,99,12997.0,95.56617647058823,1.805682956355028,99,99,12997.0,0.05171524881329701,0.9732549186223166,1.805682956355028,99,12997.0,0.9732549186223166
26810.0,99,13342.0,98.1029411764706,1.7790370190799993,99,99,13329.0,0.05255891453554892,0.9687849165916352,1.7790370190799993,99,13329.0,0.9687849165916352
26815.0,98,13686.0,101.37777777777778,1.8913284908695376,98,98,13686.0,0.05824474409148111,1.066672407196749,1.8913284908695376,98,13686.0,1.066672407196749
26820.0,95,14010.0,104.55223880597015,1.9014700151907344,95,95,14010.0,0.055492086122511615,1.0326024175128636,1.9014700151907344,95,14010.0,1.0326024175128636
26825.0,96,14337.0,105.41911764705883,1.8870698310627398,96,96,14335.0,0.05387576674890012,0.9935711389163736,1.8870698310627398,96,14335.0,0.9935711389163736
26830.0,97,14693.0,108.83703703703704,1.996900142887934,97,97,14693.0,0.061128788223243045,1.1429504843734297,1.996900142887934,97,14693.0,1.1429504843734297
26835.0,101,14991.0,111.04444444444445,1.7076943668552897,101,101,14991.0,0.04489432645581534,0.8631479280078048,1.7076943668552897,101,14991.0,0.8631479280078048
26840.0,106,15436.0,116.06015037593986,1.582730096157917,106,106,15346.0,0.04743826646420925,0.8616399502733215,1.582730096157917,106,15346.0,0.8616399502733215
26845.0,108,15891.0,118.58955223880596,1.557846683588595,108,108,15891.0,0.05270026190543315,0.9154803528860227,1.557846683588595,108,15891.0,0.9154803528860227
26850.0,106,16331.0,123.71969696969697,1.4056753780370137,106,106,16331.0,0.04107091315463582,0.7788550111584196,1.4056753780370137,106,16331.0,0.7788550111584196
26855.0,106,16786.0,127.16666666666667,1.5581063122634988,106,106,16775.0,0.05186018476578676,0.9546366777343676,1.5581063122634988,106,16775.0,0.9546366777343676
26860.0,111,17321.0,129.26119402985074,1.3670962855726858,111,111,17321.0,0.043895259777266056,0.7597527186244567,1.3670962855726858,111,17321.0,0.7597527186244567
26865.0,113,17750.0,134.46969696969697,1.1376593400952566,113,113,17750.0,0.029139696813822585,0.523085088373565,1.1376593400952566,113,17750.0,0.523085088373565
26870.0,110,18084.0,135.9699248120301,1.2293527506292374,110,110,18041.0,0.03286878685657189,0.573839709610864,1.2293527506292374,110,18041.0,0.573839709610864
26875.0,106,18398.0,140.44274809160305,1.3702317401939026,106,106,18398.0,0.044088502095690464,0.7645896858903043,1.3702317401939026,106,18398.0,0.7645896858903043
26880.0,102,18693.0,142.6946564885496,1.7364149174388357,102,102,18693.0,0.053731233742151635,0.9816126964376933,1.7364149174388357,102,18693.0,0.9816126964376933
26885.0,99,18955.0,143.59848484848484,1.7216647109496999,99,99,18955.0,0.05260518689696628,1.0218347206703924,1.7216647109496999,99,18955.0,1.0218347206703924
26890.0,100,19229.0,145.67424242424244,1.8287463290083545,100,100,19220.0,0.055827072682281396,1.0750736548000412,1.8287463290083545,100,19220.0,1.0750736548000412
26895.0,100,19504.0,146.64661654135338,1.9195703963471928,100,100,19504.0,0.05587122666579077,1.0598999999999958,1.9195703963471928,100,19504.0,1.0598999999999958
26900.0,99,19738.0,148.406015037594,2.0478666047029574,99,99,19738.0,0.05004486792911887,1.0275846421059749,2.0478666047029574,99,19738.0,1.0275846421059749
26905.0,102,20013.0,150.47368421052633,1.9598160071327824,102,102,19977.0,0.0537076575594076,1.0518005295022268,1.9598160071327824,102,19977.0,1.0518005295022268
26910.0,102,20293.0,153.7348484848485,1.8802253204297292,102,102,20293.0,0.052273466426923335,1.0398343890185369,1.8802253204297292,102,20293.0,1.0398343890185369
26915.0,101,20626.0,157.45038167938932,1.8784101310763008,101,101,20626.0,0.050845708203030304,1.030098767150024,1.8784101310763008,101,20626.0,1.030098767150024
26920.0,106,21137.0,160.12878787878788,1.6381262884308414,106,106,21133.0,0.04554775977597525,0.8732070103351506,1.6381262884308414,106,21133.0,0.8732070103351506
26925.0,111,21682.0,165.5114503816794,1.473432320690065,111,111,21682.0,0.03927929470505437,0.7658435885851763,1.473432320690065,111,21682.0,0.7658435885851763
26930.0,112,22110.0,168.77862595419847,1.1061893967878178,112,112,22110.0,0.019414861284268663,0.38621278707011875,1.1061893967878178,112,22110.0,0.38621278707011875
26935.0,108,22435.0,172.57692307692307,1.3509145113869632,108,108,22392.0,0.03665161295800687,0.6549255262808819,1.3509145113869632,108,22392.0,0.6549255262808819
26940.0,104,22739.0,177.6484375,1.4273876306654378,104,104,22739.0,0.04828739827765205,0.7980921280758076,1.4273876306654378,104,22739.0,0.7980921280758076
26945.0,101,23010.0,178.37209302325581,1.4037378404457803,101,101,23010.0,0.04774226971016218,0.8271369862407346,1.4037378404457803,101,23010.0,0.8271369862407346
26950.0,102,23292.0,181.96875,1.464996918582399,102,102,23282.0,0.04672658701664129,0.8332780929528979,1.464996918582399,102,23282.0,0.8332780929528979
26955.0,102,23577.0,182.7674418604651,1.5739951578877058,102,102,23577.0,0.05513385750836051,0.9769926532737475,1.5739951578877058,102,23577.0,0.9769926532737475
26960.0,102,23821.0,186.1015625,1.4974648419509338,102,102,23821.0,0.04167701311224079,0.7835984443139178,1.4974648419509338,102,23821.0,0.7835984443139178
26965.0,103,24106.0,186.86821705426357,1.6527013342906072,103,103,24069.0,0.05128836136334795,0.9487369818877223,1.6527013342906072,103,24069.0,0.9487369818877223
26970.0,103,24393.0,190.5703125,1.4613527624017166,103,103,24393.0,0.04688375311472148,0.8815092081123578,1.4613527624017166,103,24393.0,0.8815092081123578
26975.0,103,24687.0,192.8671875,1.579552399515534,103,103,24687.0,0.04802733933812263,0.8991364828261257,1.579552399515534,103,24687.0,0.8991364828261257
26980.0,106,25156.0,193.5076923076923,1.5171949005431056,106,106,25154.0,0.03892963330961174,0.7070723176203971,1.5171949005431056,106,25154.0,0.7070723176203971
26985.0,111,25701.0,197.7,1.3596033808703967,111,111,25701.0,0.03898578454160351,0.6690799844169271,1.3596033808703967,111,25701.0,0.6690799844169271
26990.0,115,26270.0,200.53435114503816,1.221985733082775,115,115,26270.0,0.0185614273706935,0.3434775634186243,1.221985733082775,115,26270.0,0.3434775634186243
26995.0,114,26829.0,207.97674418604652,1.0944761228294524,114,114,26829.0,0.02320995060579678,0.43407261297116345,1.0944761228294524,114,26829.0,0.43407261297116345
27000.0,115,27403.0,219.224,0.8154300396586821,115,115,27392.0,0.027947348706365227,0.5043839308025568,0.8154300396586821,115,27392.0,0.5043839308025568
27005.0,116,27980.0,218.59375,0.8581327803764686,116,116,27980.0,0.027048402016766046,0.5057641578701582,0.8581327803764686,116,27980.0,0.5057641578701582
27010.0,116,28555.0,223.0859375,0.9417781772015696,116,116,28555.0,0.023068396726124245,0.47501496114350955,0.9417781772015696,116,28555.0,0.47501496114350955
27015.0,116,29135.0,225.85271317829458,0.9642620510426072,116,116,29133.0,0.03258874919188483,0.599771077114045,0.9642620510426072,116,29133.0,0.599771077114045
27020.0,117,29716.0,230.35658914728683,0.9593331481485811,117,117,29716.0,0.03146159144170299,0.5946435127859193,0.9593331481485811,117,29716.0,0.5946435127859193
27025.0,116,28975.0,222.8846153846154,0.9804224542077803,116,116,28975.0,0.027979180801906516,0.5530175514560315,0.9804224542077803,116,28975.0,0.5530175514560315
27030.0,110,27334.0,210.26153846153846,1.2402357303924494,110,110,26896.0,0.04184327871594434,0.7660386577003053,1.2402357303924494,110,26896.0,0.7660386577003053
27035.0,106,25673.0,199.015503875969,1.4236177814928979,106,106,25673.0,0.05291731454719858,0.9373108305889513,1.4236177814928979,106,25673.0,0.9373108305889513
27040.0,103,23707.0,182.36153846153846,1.2769184637736846,103,103,23707.0,0.04021563030889512,0.725079814123413,1.2769184637736846,103,23707.0,0.725079814123413
27045.0,99,21535.0,165.65384615384616,1.4884412644065994,99,99,21442.0,0.04714743485521653,0.8601835137066385,1.4884412644065994,99,21442.0,0.8601835137066385
27050.0,94,19340.0,146.5151515151515,1.8760150668807054,94,94,19340.0,0.06567790634873762,1.1925456334280673,1.8760150668807054,94,19340.0,1.1925456334280673
27055.0,91,17123.0,131.7153846153846,1.934423118951901,91,91,17123.0,0.06472124968562869,1.229648162054317,1.934423118951901,91,17123.0,1.229648162054317
27060.0,87,14829.0,114.06923076923077,2.0159714655075174,87,87,14829.0,0.06455938058027656,1.2665466153046676,2.0159714655075174,87,14829.0,1.2665466153046676
27065.0,84,12474.0,93.78947368421052,2.041095836325571,84,84,12474.0,0.06490491130919533,1.233629417172573,2.041095836325571,84,12474.0,1.233629417172573
27070.0,80,10099.0,77.09160305343511,2.2429356275663848,80,80,10081.0,0.07669799538843888,1.4547057924736118,2.2429356275663848,80,10081.0,1.4547057924736118
27075.0,76,7656.0,57.56390977443609,2.405494789127815,76,76,7655.0,0.07961614445146946,1.5436003348584595,2.405494789127815,76,7655.0,1.5436003348584595
27080.0,72,5165.0,38.83458646616541,2.621387365007888,72,72,5152.0,0.08972545211960663,1.7274229655480564,2.621387365007888,72,5152.0,1.7274229655480564
27085.0,69,2659.0,19.696296296296296,2.9136312930622377,69,69,2659.0,0.0997764516949308,1.907443794965949,2.9136312930622377,69,2659.0,1.907443794965949
27090.0,65,653.0,4.837037037037037,3.051187400435109,65,65,653.0,0.09997980108841235,1.9209748938964135,3.051187400435109,65,653.0,1.9209748938964135
27095.0,69,701.0,5.2706766917293235,2.9460237214325886,69,69,642.0,0.09508644846103353,1.8183858718819805,2.9460237214325886,69,642.0,1.8183858718819805
27100.0,80,892.0,6.706766917293233,2.547218372017274,80,80,892.0,0.07941474927050109,1.5267889471442728,2.547218372017274,80,892.0,1.5267889471442728
27105.0,86,1053.0,7.9772727272727275,2.149581402411637,86,86,1053.0,0.05819385658004663,1.1098707343105088,2.149581402411637,86,1053.0,1.1098707343105088
27110.0,89,1308.0,9.688888888888888,2.036003791109298,89,89,1246.0,0.04368890297489124,0.8766148472173748,2.036003791109298,89,1246.0,0.8766148472173748
27115.0,91,1578.0,11.954545454545455,1.9427264044016974,91,91,1578.0,0.0474248040616027,0.9280688119812751,1.9427264044016974,91,1578.0,0.9280688119812751
27120.0,89,1810.0,13.923076923076923,1.8426814513401644,89,89,1810.0,0.04788470752378909,0.9192203805208403,1.8426814513401644,89,1810.0,0.9192203805208403
27125.0,93,2174.0,16.595419847328245,1.867816268072722,93,93,2161.0,0.05408329712732921,1.0390762711864427,1.867816268072722,93,2161.0,1.0390762711864427
27130.0,102,2657.0,20.12878787878788,1.8541782018235067,102,102,2657.0,0.052455248984688556,0.9559561875379032,1.8541782018235067,102,2657.0,0.9559561875379032
27135.0,110,3189.0,23.977443609022558,1.4906078991280065,110,110,3189.0,0.032853684842159246,0.5703419556737349,1.4906078991280065,110,3189.0,0.5703419556737349
27140.0,113,3749.0,28.18796992481203,1.5105493010062678,113,113,3749.0,0.0308950598740043,0.5465010158604906,1.5105493010062678,113,3749.0,0.5465010158604906
27145.0,117,4323.0,32.75,1.3380242229112917,117,117,4323.0,0.031463335162836066,0.5629419378860611,1.3380242229112917,117,4323.0,0.5629419378860611
27150.0,114,4883.0,37.274809160305345,1.3134880209111166,114,114,4883.0,0.03341201492165991,0.5966929180454786,1.3134880209111166,114,4883.0,0.5966929180454786
27155.0,115,5456.0,41.64885496183206,1.3642010176599282,115,115,5446.0,0.037570143282096215,0.6660861454931915,1.3642010176599282,115,5446.0,0.6660861454931915
27160.0,116,6032.0,46.045801526717554,1.1076376968310995,116,116,6032.0,0.033616765195578026,0.5568279300374472,1.1076376968310995,116,6032.0,0.5568279300374472
27165.0,116,6607.0,51.6171875,0.9137608826091695,116,116,6607.0,0.025450399298444986,0.44441098017662894,0.9137608826091695,116,6607.0,0.44441098017662894
27170.0,116,7187.0,55.284615384615385,1.0678320012531066,116,116,7186.0,0.028515288282306636,0.498240628380075,1.0678320012531066,116,7186.0,0.498240628380075
27175.0,117,7769.0,60.224806201550386,0.9117968790503062,117,117,7769.0,0.02379386112449987,0.4108766747874466,0.9117968790503062,117,7769.0,0.4108766747874466
27180.0,115,8038.0,63.29133858267716,0.8772333847888334,115,115,8038.0,0.024810198942235025,0.45159366380639,0.8772333847888334,115,8038.0,0.45159366380639
27185.0,111,8074.0,62.58914728682171,0.954105756252309,111,111,7971.0,0.03402179124718776,0.6023629219493335,0.954105756252309,111,7971.0,0.6023629219493335
27190.0,107,8092.0,62.72868217054263,1.2918496976326994,107,107,8092.0,0.0503190393653106,0.8745203440789977,1.2918496976326994,107,8092.0,0.8745203440789977
27195.0,102,7772.0,59.32824427480916,1.3881261467557724,102,102,7772.0,0.04472057074048732,0.8440005919963882,1.3881261467557724,102,7772.0,0.8440005919963882
27200.0,99,7224.0,55.56923076923077,1.5814163092741969,99,99,7121.0,0.05199287526574986,1.0007123415254184,1.5814163092741969,99,7121.0,1.0007123415254184
27205.0,96,6654.0,50.40909090909091,1.8544071944551532,96,96,6654.0,0.0640771851012052,1.1995625841378164,1.8544071944551532,96,6654.0,1.1995625841378164
27210.0,90,6064.0,45.93939393939394,2.1518837339707604,90,90,6064.0,0.07305296265132945,1.350469867058288,2.1518837339707604,90,6064.0,1.350469867058288
27215.0,89,5460.0,42.0,2.2335776392071813,89,89,5460.0,0.07731136078584734,1.4607569982840498,2.2335776392071813,89,5460.0,1.4607569982840498
27220.0,90,4857.0,36.79545454545455,2.097621567908589,90,90,4857.0,0.06262117545629577,1.2005742651685283,2.097621567908589,90,4857.0,1.2005742651685283
27225.0,91,4261.0,32.52671755725191,2.1073579413754864,91,91,4261.0,0.0588863135018395,1.1639691223125326,2.1073579413754864,91,4261.0,1.1639691223125326
27230.0,89,3557.0,26.74436090225564,2.167617634939958,89,89,3557.0,0.05840735800976963,1.1438764536634332,2.167617634939958,89,3557.0,1.1438764536634332
27235.0,85,2765.0,20.789473684210527,2.3877702057745376,85,85,2732.0,0.07482186827001301,1.3404866231549561,2.3877702057745376,85,2732.0,1.3404866231549561
27240.0,80,1976.0,15.2,2.4628379051516505,80,80,1976.0,0.08607310200754358,1.5592878314023826,2.4628379051516505,80,1976.0,1.5592878314023826
27245.0,78,1323.0,9.947368421052632,2.4769285053384325,78,78,1323.0,0.07948493450380956,1.4814597144433501,2.4769285053384325,78,1323.0,1.4814597144433501
27250.0,81,1407.0,10.906976744186046,2.252152154741111,81,81,1340.0,0.08277513230676757,1.5400981543510304,2.252152154741111,81,1340.0,1.5400981543510304
27255.0,91,1666.0,12.526315789473685,2.1459829021206964,91,91,1666.0,0.07320744845010843,1.3570093910789338,2.1459829021206964,91,1666.0,1.3570093910789338
27260.0,101,1971.0,14.819548872180452,1.7093015249841115,101,101,1971.0,0.05153910248220891,0.9412746539586768,1.7093015249841115,101,1971.0,0.9412746539586768
27265.0,106,2310.0,17.36842105263158,1.4321253455043392,106,106,2310.0,0.04214167420065701,0.7984160071395253,1.4321253455043392,106,2310.0,0.7984160071395253
27270.0,106,2665.0,20.34351145038168,1.3827766538902824,106,106,2665.0,0.042741065733095045,0.8312406980558925,1.3827766538902824,106,2665.0,0.8312406980558925
27275.0,104,2928.0,22.35114503816794,1.4335132839322524,104,104,2928.0,0.043249594323206055,0.8401582735323379,1.4335132839322524,104,2928.0,0.8401582735323379
27280.0,100,3111.0,23.39097744360902,1.4999861709531574,100,100,3083.0,0.04865049690330146,0.8943011543403845,1.4999861709531574,100,3083.0,0.8943011543403845
27285.0,97,3278.0,24.646616541353385,1.738107561936679,97,97,3278.0,0.05941808263038663,1.0735507232942731,1.738107561936679,97,3278.0,1.0735507232942731
27290.0,94,3335.0,24.703703703703702,1.7660459536311495,93,94,3334.0,0.05325185532772739,0.9985722132146091,1.7660459536311495,93,3334.0,0.9985722132146091
27295.0,93,3446.0,25.525925925925925,1.9036903631001454,93,93,3417.0,0.05370596126599445,1.014170263924229,1.9036903631001454,93,3417.0,1.014170263924229
27300.0,96,3763.0,28.082089552238806,1.8334258450042584,96,96,3763.0,0.05362529203315408,0.9931314643794802,1.8334258450042584,96,3763.0,0.9931314643794802
27305.0,101,4107.0,30.42222222222222,1.5815136118657471,101,101,4107.0,0.05024105634078141,0.9233717786254797,1.5815136118657471,101,4107.0,0.9233717786254797
27310.0,103,4466.0,32.838235294117645,1.683795058980028,103,103,4466.0,0.0475396561314127,0.8833631066542836,1.683795058980028,103,4466.0,0.8833631066542836
27315.0,105,4836.0,35.55882352941177,1.6165015762005677,105,105,4836.0,0.04901027904045015,0.9473678358986167,1.6165015762005677,105,4836.0,0.9473678358986167
27320.0,104,5121.0,37.654411764705884,1.7121713317443321,104,104,5121.0,0.04782016099489768,0.9179906495167539,1.7121713317443321,104,5121.0,0.9179906495167539
27325.0,101,5326.0,38.594202898550726,1.9212624061904147,101,101,5298.0,0.05124038747484521,0.9924959810162177,1.9212624061904147,101,5298.0,0.9924959810162177
27330.0,96,5511.0,39.93478260869565,2.225417492477151,96,96,5511.0,0.06575743199605999,1.2229508598504304,2.225417492477151,96,5511.0,1.2229508598504304
27335.0,91,5318.0,38.81751824817518,2.257460391392454,91,91,5318.0,0.06303547594189983,1.201733429508253,2.257460391392454,91,5318.0,1.201733429508253
27340.0,89,4916.0,36.14705882352941,2.1414528058580906,89,89,4798.0,0.05962049868856959,1.0951913998461393,2.1414528058580906,89,4798.0,1.0951913998461393
27345.0,90,4616.0,33.94117647058823,2.325835221503745,90,90,4616.0,0.07168551890029547,1.3021358442905873,2.325835221503745,90,4616.0,1.3021358442905873
27350.0,91,4285.0,30.607142857142858,2.172314669413832,91,91,4285.0,0.059306443329540035,1.0804542946321045,2.172314669413832,91,4285.0,1.0804542946321045
27355.0,93,3994.0,28.942028985507246,2.121006444477196,93,93,3975.0,0.057702326199247055,1.0536529745603365,2.121006444477196,93,3975.0,1.0536529745603365
27360.0,95,3714.0,26.719424460431654,2.2491751871193033,95,95,3714.0,0.0641178882332955,1.1423361469000113,2.2491751871193033,95,3714.0,1.1423361469000113
27365.0,94,3351.0,23.935714285714287,2.051604109352695,94,94,3351.0,0.04973231138622666,0.9288934617948745,2.051604109352695,94,3351.0,0.9288934617948745
27370.0,90,2911.0,21.248175182481752,2.2233166799713207,90,90,2883.0,0.06661235648964092,1.2320761641490128,2.2233166799713207,90,2883.0,1.2320761641490128
27375.0,85,2446.0,17.72463768115942,2.3140793158060333,85,85,2446.0,0.0757253736251097,1.3530067037613944,2.3140793158060333,85,2446.0,1.3530067037613944
27380.0,83,1832.0,13.470588235294118,2.396889675162138,83,83,1832.0,0.07708681098798177,1.4350459458231937,2.396889675162138,83,1832.0,1.4350459458231937
27385.0,86,1506.0,11.073529411764707,2.38308668087584,86,86,1411.0,0.07488399442735826,1.422455684438931,2.38308668087584,86,1411.0,1.422455684438931
27390.0,91,1565.0,11.423357664233576,2.299157328271047,91,91,1565.0,0.07042560510864572,1.3335534864466017,2.299157328271047,91,1565.0,1.3335534864466017
27395.0,96,1818.0,13.367647058823529,2.0711121086526503,96,96,1818.0,0.058736723082695175,1.1459962881760015,2.0711121086526503,96,1818.0,1.1459962881760015
27400.0,98,2076.0,15.153284671532846,1.7909788626983643,98,98,2063.0,0.050201380008422544,0.9588905050242462,1.7909788626983643,98,2063.0,0.9588905050242462
27405.0,99,2347.0,17.385185185185186,1.7396397361286027,99,99,2347.0,0.05838189390056807,1.0667599999999973,1.7396397361286027,99,2347.0,1.0667599999999973
27410.0,97,2513.0,18.477941176470587,1.63633706095787,96,97,2512.0,0.049520688331840305,0.9293287244808937,1.63633706095787,96,2512.0,0.9293287244808937
27415.0,96,2748.0,20.205882352941178,1.8025478056855855,96,96,2708.0,0.05025565586125255,0.9638921449314078,1.8025478056855855,96,2708.0,0.9638921449314078
27420.0,95,2996.0,22.192592592592593,1.9189013488998818,95,95,2996.0,0.05803466986906211,1.115450774350041,1.9189013488998818,95,2996.0,1.115450774350041
27425.0,96,3209.0,23.595588235294116,1.6556147560105416,96,96,3209.0,0.04926781474298692,0.9586868678164194,1.6556147560105416,96,3209.0,0.9586868678164194
27430.0,92,3428.0,25.392592592592592,1.9529431389099539,92,92,3415.0,0.06358522139782924,1.2182168423515098,1.9529431389099539,92,3415.0,1.2182168423515098
27435.0,94,3740.0,27.2992700729927,1.9373058901053475,94,94,3740.0,0.06566634568329054,1.192038408441067,1.9373058901053475,94,3740.0,1.192038408441067
27440.0,94,3789.0,27.656934306569344,1.9065501931400348,94,94,3789.0,0.06117551923276651,1.1724188461231213,1.9065501931400348,94,3789.0,1.1724188461231213
27445.0,92,3644.0,26.02857142857143,2.042909232698299,92,92,3556.0,0.061898501324471986,1.1975615722282524,2.042909232698299,92,3556.0,1.1975615722282524
27450.0,89,3493.0,24.95,2.270993783040774,89,89,3493.0,0.07812774121850588,1.4665902812356404,2.270993783040774,89,3493.0,1.4665902812356404
27455.0,85,3237.0,23.12142857142857,2.3538237635109542,85,85,3237.0,0.07921183752645261,1.485492032094603,2.3538237635109542,85,3237.0,1.485492032094603
27460.0,85,3065.0,22.050359712230215,2.2164987895361836,85,85,3036.0,0.07095239408614774,1.3189186449666597,2.2164987895361836,85,3036.0,1.3189186449666597
27465.0,91,2984.0,21.467625899280577,2.2654182187702565,91,91,2984.0,0.07480813893716441,1.3323566087211476,2.2654182187702565,91,2984.0,1.3323566087211476
27470.0,95,2838.0,19.846153846153847,2.0994176563216946,95,95,2838.0,0.05661361246510566,1.0687687903663057,2.0994176563216946,95,2838.0,1.0687687903663057
27475.0,92,2625.0,18.229166666666668,2.2732406621071446,92,92,2597.0,0.060495045948296404,1.1390210514718797,2.2732406621071446,92,2597.0,1.1390210514718797
27480.0,90,2402.0,17.0354609929078,2.280713610726423,90,90,2402.0,0.06929728324611534,1.2737165843840896,2.280713610726423,90,2402.0,1.2737165843840896
27485.0,87,2082.0,14.458333333333334,2.3329227571217706,87,87,2082.0,0.06334932331210297,1.2204090371089171,2.3329227571217706,87,2082.0,1.2204090371089171
27490.0,84,1717.0,11.92361111111111,2.6480999225794717,84,84,1689.0,0.0760665417468649,1.4196652723748244,2.6480999225794717,84,1689.0,1.4196652723748244
27495.0,84,1413.0,9.881118881118882,2.619309985544264,84,84,1413.0,0.08378008149695716,1.5334878240884529,2.619309985544264,84,1413.0,1.5334878240884529
27500.0,86,1261.0,8.943262411347519,2.376491492699161,86,86,1261.0,0.07840240587198878,1.4833844973150658,2.376491492699161,86,1261.0,1.4833844973150658
27505.0,91,1374.0,9.541666666666666,2.390736325002389,91,91,1346.0,0.07381823539551247,1.3649493348526278,2.390736325002389,91,1346.0,1.3649493348526278
27510.0,96,1539.0,10.762237762237762,2.3076643893826345,96,96,1539.0,0.06934423579777847,1.2751190573106694,2.3076643893826345,96,1539.0,1.2751190573106694
27515.0,96,1637.0,11.528169014084508,2.2177608291706434,96,96,1637.0,0.05934200117396286,1.1368573716142532,2.2177608291706434,96,1637.0,1.1368573716142532
27520.0,93,1659.0,11.683098591549296,2.1099505099192686,93,93,1631.0,0.05634670282205932,1.0537538482122986,2.1099505099192686,93,1631.0,1.0537538482122986
27525.0,89,1664.0,11.801418439716311,2.442849489613298,89,89,1664.0,0.07482956353078303,1.3810848072618416,2.442849489613298,89,1664.0,1.3810848072618416
27530.0,86,1559.0,11.135714285714286,2.166223885018592,86,86,1559.0,0.0617366918880495,1.1477277287866987,2.166223885018592,86,1559.0,1.1477277287866987
27535.0,82,1428.0,10.423357664233576,2.2832431363582586,82,82,1400.0,0.07600025708452048,1.3758842194805538,2.2832431363582586,82,1400.0,1.3758842194805538
27540.0,83,1390.0,10.072463768115941,2.5061216125465675,83,83,1390.0,0.085517764147419,1.520736678496949,2.5061216125465675,83,1390.0,1.520736678496949
27545.0,84,1353.0,9.528169014084508,2.3517436347293863,83,84,1352.0,0.07217005309999878,1.3403398194710066,2.3517436347293863,83,1352.0,1.3403398194710066
27550.0,87,1400.0,9.929078014184396,2.2568645434380716,87,87,1387.0,0.06610323802356961,1.3000123582138088,2.2568645434380716,87,1387.0,1.3000123582138088
27555.0,90,1457.0,10.26056338028169,2.0725196277455633,90,90,1457.0,0.060676909717967124,1.1580187144878131,2.0725196277455633,90,1457.0,1.1580187144878131
27560.0,88,1441.0,10.147887323943662,2.2109575319656356,88,88,1441.0,0.06669517405077661,1.2720400139196109,2.2109575319656356,88,1441.0,1.2720400139196109
27565.0,89,1484.0,10.377622377622378,2.2211604771903684,89,89,1449.0,0.06406701363960773,1.254082932062855,2.2211604771903684,89,1449.0,1.254082932062855
27570.0,88,1539.0,10.992857142857142,2.247938561599488,88,88,1539.0,0.07041628748747122,1.355750664498281,2.247938561599488,88,1539.0,1.355750664498281
27575.0,86,1545.0,11.195652173913043,2.158902016313673,86,86,1545.0,0.06970113625624984,1.340118954358478,2.158902016313673,86,1545.0,1.340118954358478
27580.0,85,1557.0,11.364963503649635,1.9953409500757044,85,85,1543.0,0.06569401663160772,1.25736635327028,1.9953409500757044,85,1543.0,1.25736635327028
27585.0,85,1667.0,12.079710144927537,2.267097548262815,85,85,1667.0,0.07463561606396067,1.4299219561645455,2.267097548262815,85,1667.0,1.4299219561645455
27590.0,88,1732.0,12.28368794326241,2.0423626345969432,88,88,1732.0,0.057085120241135046,1.1165318741917525,2.0423626345969432,88,1732.0,1.1165318741917525
27595.0,89,1782.0,12.638297872340425,2.158420066410529,89,89,1739.0,0.06326830405801113,1.1997707925043222,2.158420066410529,89,1739.0,1.1997707925043222
27600.0,90,1841.0,13.244604316546763,2.068257777099079,90,90,1841.0,0.06677342815581479,1.1915956818341895,2.068257777099079,90,1841.0,1.1915956818341895
27605.0,88,1832.0,13.085714285714285,1.957898031935764,88,88,1832.0,0.06137230810694689,1.1588266211951077,1.957898031935764,88,1832.0,1.1588266211951077
27610.0,88,1912.0,13.755395683453237,2.176575050122302,88,88,1884.0,0.06861784122762729,1.2984074065036055,2.176575050122302,88,1884.0,1.2984074065036055
27615.0,93,2051.0,14.443661971830986,2.2065062658904813,93,93,2051.0,0.06749207615733799,1.2244841269841271,2.2065062658904813,93,2051.0,1.2244841269841271
27620.0,94,2124.0,14.853146853146853,2.2276175620444736,94,94,2124.0,0.061610822789896526,1.1681236768678516,2.2276175620444736,94,2124.0,1.1681236768678516
27625.0,93,2129.0,14.784722222222221,2.239700998934075,93,93,2101.0,0.06613817044351748,1.2176300461947747,2.239700998934075,93,2101.0,1.2176300461947747
27630.0,89,2127.0,14.770833333333334,2.533840662980042,89,89,2127.0,0.08026013227089936,1.4252529368702542,2.533840662980042,89,2127.0,1.4252529368702542
27635.0,84,1582.0,11.3,2.5075198043741054,84,84,1582.0,0.07965411153338696,1.47235887205223,2.5075198043741054,84,1582.0,1.47235887205223
27640.0,86,1513.0,10.73049645390071,2.420479410050579,86,86,1284.0,0.07273742522069317,1.3166488878724372,2.420479410050579,86,1284.0,1.3166488878724372
27645.0,91,1586.0,11.410071942446043,2.2805049011729928,91,91,1586.0,0.0704699515114416,1.2969057421429608,2.2805049011729928,91,1586.0,1.2969057421429608
27650.0,95,1794.0,12.72340425531915,2.0662053917641137,95,95,1794.0,0.05298669934793386,0.9987329921971559,2.0662053917641137,95,1794.0,0.9987329921971559
27655.0,97,2048.0,14.422535211267606,2.062887107271869,97,97,2035.0,0.05313203792922754,0.9798797790142052,2.062887107271869,97,2035.0,0.9798797790142052
27660.0,98,2312.0,16.167832167832167,2.2459170438774625,98,98,2312.0,0.06258497462794622,1.1036755161779774,2.2459170438774625,98,2312.0,1.1036755161779774
27665.0,96,2392.0,16.845070422535212,1.9602143349453676,96,96,2392.0,0.0494076532850367,0.9062455710720163,1.9602143349453676,96,2392.0,0.9062455710720163
27670.0,91,2332.0,16.65714285714286,2.2195731050983682,91,91,2274.0,0.06380675170400775,1.1696082516162085,2.2195731050983682,91,2274.0,1.1696082516162085
27675.0,86,2247.0,16.05,2.33413441096733,86,86,2247.0,0.07624709205199424,1.3829822846360798,2.33413441096733,86,2247.0,1.3829822846360798
27680.0,83,2030.0,14.5,2.468028554425655,83,83,2030.0,0.07961244887760333,1.456623670021252,2.468028554425655,83,2030.0,1.456623670021252
27685.0,84,1942.0,13.971223021582734,2.5012014746715874,84,84,1894.0,0.08504231492556695,1.5385119006430854,2.5012014746715874,84,1894.0,1.5385119006430854
27690.0,88,1997.0,14.366906474820144,2.4811369739195315,88,88,1997.0,0.08281538889203333,1.4869872525384744,2.4811369739195315,88,1997.0,1.4869872525384744
27695.0,91,1983.0,14.063829787234043,2.371090171144956,91,91,1983.0,0.06687993752139022,1.2446993743185992,2.371090171144956,91,1983.0,1.2446993743185992
27700.0,90,1903.0,13.49645390070922,2.214186293352058,90,90,1875.0,0.06245842484960222,1.105229661888012,2.214186293352058,90,1875.0,1.105229661888012
27705.0,86,1816.0,13.06474820143885,2.299119613690326,86,86,1816.0,0.07537450931566063,1.354280086957411,2.299119613690326,86,1816.0,1.354280086957411
27710.0,85,1699.0,12.135714285714286,2.3035622227289623,85,85,1699.0,0.06888659692367027,1.3026564472122741,2.3035622227289623,85,1699.0,1.3026564472122741
27715.0,86,1640.0,11.798561151079136,2.3498747913222,86,86,1627.0,0.06774240094840155,1.3085053345294981,2.3498747913222,86,1627.0,1.3085053345294981
27720.0,92,1640.0,11.884057971014492,2.226838096701691,92,92,1640.0,0.06850200799241732,1.2361544949676466,2.226838096701691,92,1640.0,1.2361544949676466
27725.0,94,1786.0,12.577464788732394,2.005262933107894,94,94,1786.0,0.05759364551146469,1.0543248612002036,2.005262933107894,94,1786.0,1.0543248612002036
27730.0,95,2031.0,14.202797202797203,2.214663859048369,95,95,2018.0,0.06527133232838007,1.186043738834709,2.214663859048369,95,2018.0,1.186043738834709
27735.0,97,2286.0,16.21276595744681,1.9929570816819127,97,97,2286.0,0.0585676600651704,1.034139755690953,1.9929570816819127,97,2286.0,1.034139755690953
27740.0,95,2366.0,16.9,2.0243548588867846,95,95,2366.0,0.05776879287173839,1.0851900600069238,2.0243548588867846,95,2366.0,1.0851900600069238
27745.0,91,2301.0,16.435714285714287,2.234389820635067,91,91,2243.0,0.06863518490316727,1.2564352527703284,2.234389820635067,91,2243.0,1.2564352527703284
27750.0,87,2217.0,15.949640287769784,2.345520941872652,87,87,2217.0,0.078621067205368,1.4340231601742564,2.345520941872652,87,2217.0,1.4340231601742564
27755.0,83,2094.0,15.173913043478262,2.43975118777143,83,83,2094.0,0.08214249007568995,1.5286203194340566,2.43975118777143,83,2094.0,1.5286203194340566
27760.0,86,2043.0,14.912408759124087,2.2037076799943636,86,86,2028.0,0.07027757687586868,1.3054124412194403,2.2037076799943636,86,2028.0,1.3054124412194403
27765.0,91,2113.0,15.423357664233576,2.1864614231543715,91,91,2113.0,0.07001422983298576,1.2717688148811943,2.1864614231543715,91,2113.0,1.2717688148811943
27770.0,94,2114.0,14.99290780141844,2.0680883366633718,94,94,2114.0,0.05888109476050192,1.0769838797634876,2.0680883366633718,94,2114.0,1.0769838797634876
27775.0,91,2046.0,14.51063829787234,2.15435701303954,91,91,2018.0,0.06106735133696689,1.1364624570886959,2.15435701303954,91,2018.0,1.1364624570886959
27780.0,89,1968.0,13.957446808510639,2.3202312730879293,89,89,1968.0,0.07231600017309835,1.3181078004540763,2.3202312730879293,89,1968.0,1.3181078004540763
27785.0,86,1792.0,12.444444444444445,2.3252161880308306,86,86,1792.0,0.0648564161629643,1.2212785254632095,2.3252161880308306,86,1792.0,1.2212785254632095
27790.0,83,1572.0,11.309352517985612,2.4320522961935938,83,83,1544.0,0.07677363644591959,1.422161799132533,2.4320522961935938,83,1544.0,1.422161799132533
27795.0,83,1387.0,9.97841726618705,2.4792824664050235,83,83,1387.0,0.08671304112802504,1.5921874416725992,2.4792824664050235,83,1387.0,1.5921874416725992
27800.0,86,1165.0,8.381294964028777,2.2850785298200473,86,86,1165.0,0.07440707699494514,1.4311560967185553,2.2850785298200473,86,1165.0,1.4311560967185553
27805.0,91,1288.0,9.2,2.247741000421905,91,91,1192.0,0.07063687644877845,1.342084759488813,2.247741000421905,91,1192.0,1.342084759488813
27810.0,98,1463.0,10.45,2.0019113754867734,98,98,1463.0,0.0648693947171363,1.1913855772176176,2.0019113754867734,98,1463.0,1.1913855772176176
27815.0,98,1575.0,11.25,2.024973191363919,98,98,1575.0,0.055080610237384746,1.081722154075154,2.024973191363919,98,1575.0,1.081722154075154
27820.0,99,1756.0,12.366197183098592,1.9653828266976103,99,99,1719.0,0.05210233165319595,0.9772298002678129,1.9653828266976103,99,1719.0,0.9772298002678129
27825.0,99,1951.0,14.035971223021583,1.9861869733804638,99,99,1951.0,0.0608738066124531,1.1078109891588332,1.9861869733804638,99,1951.0,1.1078109891588332
27830.0,97,2055.0,14.891304347826088,1.7465696803882016,97,97,2055.0,0.05227666839467101,0.984836334290489,1.7465696803882016,97,2055.0,0.984836334290489
27835.0,94,2133.0,15.569343065693431,1.9459919594314308,94,94,2105.0,0.059056363068904515,1.1195142978534578,1.9459919594314308,94,2105.0,1.1195142978534578
27840.0,95,2305.0,16.948529411764707,1.9556710624934965,95,95,2305.0,0.0643310814411742,1.1997082827916987,1.9556710624934965,95,2305.0,1.1997082827916987
27845.0,97,2513.0,17.95,1.813986184787971,97,97,2513.0,0.056516639837158586,1.059878139150716,1.813986184787971,97,2513.0,1.059878139150716
27850.0,103,2863.0,20.30496453900709,1.8753344036878765,103,103,2854.0,0.055116685767344534,1.0187061290129904,1.8753344036878765,103,2854.0,1.0187061290129904
27855.0,110,3248.0,22.713286713286713,1.6731175507227034,110,110,3248.0,0.0459604733989167,0.8360037040476206,1.6731175507227034,110,3248.0,0.8360037040476206
27860.0,109,3426.0,24.47142857142857,1.6449877892264269,109,109,3426.0,0.044151858726510604,0.8477448466242063,1.6449877892264269,109,3426.0,0.8477448466242063
27865.0,106,3431.0,24.161971830985916,1.7674440904747446,106,106,3358.0,0.04632115498185522,0.8978390758472335,1.7674440904747446,106,3358.0,0.8978390758472335
27870.0,101,3420.0,24.25531914893617,2.0370971728737617,101,101,3420.0,0.06281594436600133,1.1749122342985059,2.0370971728737617,101,3420.0,1.1749122342985059
27875.0,98,3334.0,23.814285714285713,2.0801312468300712,98,98,3334.0,0.05997949956458687,1.159417952857982,2.0801312468300712,98,3334.0,1.159417952857982
27880.0,100,3305.0,23.274647887323944,2.022140000083983,100,100,3253.0,0.052372317139792075,0.9782862131888326,2.022140000083983,100,3253.0,0.9782862131888326
27885.0,100,3280.0,23.26241134751773,2.0551817002999653,100,100,3280.0,0.05456703546557277,1.0343055081260448,2.0551817002999653,100,3280.0,1.0343055081260448
27890.0,101,3310.0,23.985507246376812,1.718430236690963,101,101,3310.0,0.0428863927614509,0.8404287884073401,1.718430236690963,101,3310.0,0.8404287884073401
27895.0,105,3450.0,25.182481751824817,1.7078530935183585,105,105,3431.0,0.045342573240387284,0.8606517944710609,1.7078530935183585,105,3431.0,0.8606517944710609
27900.0,109,3614.0,26.573529411764707,1.6365153922207394,109,109,3614.0,0.04330828769628565,0.836451794471057,1.6365153922207394,109,3614.0,0.836451794471057
27905.0,107,3691.0,26.94160583941606,1.4788977884427699,107,107,3691.0,0.031189720027412614,0.6435887096774195,1.4788977884427699,107,3691.0,0.6435887096774195
27910.0,102,3686.0,27.102941176470587,1.7464520113389592,102,102,3658.0,0.0477496433231375,0.9189287760677167,1.7464520113389592,102,3658.0,0.9189287760677167
27915.0,98,3657.0,26.693430656934307,1.9190567582181666,98,98,3657.0,0.05826604541532557,1.0966519999999957,1.9190567582181666,98,3657.0,1.0966519999999957
27920.0,94,3388.0,25.096296296296295,1.9532024676038906,94,94,3388.0,0.059541756713777406,1.1502452074529856,1.9532024676038906,94,3388.0,1.1502452074529856
27925.0,92,3043.0,22.54074074074074,2.045185882197778,92,92,2970.0,0.06506212467030525,1.2503366567221088,2.045185882197778,92,2970.0,1.2503366567221088
27930.0,92,2976.0,22.044444444444444,2.181210500782691,92,92,2976.0,0.07330627182398979,1.3748590653369466,2.181210500782691,92,2976.0,1.3748590653369466
27935.0,92,2910.0,21.397058823529413,2.2874089770639388,92,92,2910.0,0.07751912064454058,1.4130908515836096,2.2874089770639388,92,2910.0,1.4130908515836096
27940.0,91,2803.0,20.165467625899282,2.1143445706953305,91,91,2803.0,0.06496049199452582,1.1920919646818586,2.1143445706953305,91,2803.0,1.1920919646818586
27945.0,93,2738.0,19.840579710144926,2.12667916579059,93,93,2717.0,0.0685976791841302,1.2816167198388502,2.12667916579059,93,2717.0,1.2816167198388502
27950.0,95,2686.0,19.323741007194243,2.125931613178463,95,95,2686.0,0.06805977834053129,1.2080743430943655,2.125931613178463,95,2686.0,1.2080743430943655
27955.0,95,2636.0,19.10144927536232,2.1598611229132163,95,95,2636.0,0.06253039259410148,1.1572426251437375,2.1598611229132163,95,2636.0,1.1572426251437375
27960.0,93,2462.0,17.970802919708028,2.2313862168986742,93,93,2462.0,0.06015475929135151,1.151451572996727,2.2313862168986742,93,2462.0,1.151451572996727
27965.0,90,2190.0,15.985401459854014,2.1265895516009095,90,90,2152.0,0.06447239892145948,1.2372844215008543,2.1265895516009095,90,2152.0,1.2372844215008543
27970.0,86,1950.0,14.233576642335766,2.448275649005467,86,86,1950.0,0.08179393241683133,1.5382129823328257,2.448275649005467,86,1950.0,1.5382129823328257
27975.0,86,1703.0,12.164285714285715,2.3808264222315505,86,86,1703.0,0.07144633913649279,1.3610389022018299,2.3808264222315505,86,1703.0,1.3610389022018299
27980.0,88,1560.0,11.063829787234043,2.514998726387408,88,88,1527.0,0.07771398515921481,1.4406265181975664,2.514998726387408,88,1527.0,1.4406265181975664
27985.0,88,1603.0,11.368794326241135,2.5964322251108087,88,88,1603.0,0.08621838314755889,1.5427373145726757,2.5964322251108087,88,1603.0,1.5427373145726757
27990.0,90,1672.0,12.028776978417266,2.4649336977489047,90,90,1672.0,0.08441957907549902,1.4978348948086486,2.4649336977489047,90,1672.0,1.4978348948086486
27995.0,90,1697.0,12.386861313868613,2.363755906259679,90,90,1697.0,0.07621211396754883,1.3949296469038437,2.363755906259679,90,1697.0,1.3949296469038437
28000.0,91,1774.0,13.044117647058824,2.072955004370799,91,91,1748.0,0.06934717630612952,1.2305264673564205,2.072955004370799,91,1748.0,1.2305264673564205
28005.0,92,1857.0,13.755555555555556,2.1221916871707136,92,92,1857.0,0.07126681869111696,1.2606372584221002,2.1221916871707136,92,1857.0,1.2606372584221002
28010.0,89,1831.0,13.364963503649635,2.254855400253523,89,89,1831.0,0.06589418466753147,1.2281657798633832,2.254855400253523,89,1831.0,1.2281657798633832
28015.0,85,1715.0,12.610294117647058,2.4497252832904093,85,85,1682.0,0.07166877642891344,1.3869088393118674,2.4497252832904093,85,1682.0,1.3869088393118674
28020.0,81,1581.0,11.798507462686567,2.625634858743579,81,81,1581.0,0.08540775306245497,1.655844368432218,2.625634858743579,81,1581.0,1.655844368432218
28025.0,78,1399.0,10.362962962962962,2.5042767872955656,78,78,1399.0,0.07964255728455095,1.5556733285885542,2.5042767872955656,78,1399.0,1.5556733285885542
28030.0,79,1297.0,9.67910447761194,2.526061197810138,79,79,1269.0,0.08567385948672201,1.605259773490943,2.526061197810138,79,1269.0,1.605259773490943
28035.0,83,1345.0,9.746376811594203,2.588402303325238,83,83,1345.0,0.08674236872140155,1.6068057851239392,2.588402303325238,83,1345.0,1.6068057851239392
28040.0,84,1396.0,10.115942028985508,2.531308764767337,84,84,1396.0,0.076947395194245,1.5125605725475288,2.531308764767337,84,1396.0,1.5125605725475288
28045.0,92,1511.0,10.792857142857143,2.3427282890295724,92,92,1492.0,0.06521431830417862,1.212524538701064,2.3427282890295724,92,1492.0,1.212524538701064
28050.0,93,1647.0,11.764285714285714,2.4067997414153806,93,93,1647.0,0.06792029257056031,1.2629220341101326,2.4067997414153806,93,1647.0,1.2629220341101326
28055.0,90,1736.0,12.671532846715328,2.3798365882153427,90,90,1736.0,0.06644746284819746,1.2850713761492185,2.3798365882153427,90,1736.0,1.2850713761492185
28060.0,86,1772.0,13.223880597014926,2.0642484725087433,86,86,1759.0,0.061587644207599074,1.164080827129753,2.0642484725087433,86,1759.0,1.164080827129753
28065.0,83,1797.0,13.511278195488721,2.3125203771097316,83,83,1797.0,0.07845870196751813,1.458808834888124,2.3125203771097316,83,1797.0,1.458808834888124
28070.0,80,1794.0,13.388059701492537,2.198456917095582,80,80,1794.0,0.06838844140241876,1.3042983392677654,2.198456917095582,80,1794.0,1.3042983392677654
28075.0,82,1856.0,14.06060606060606,2.158400158513607,82,82,1850.0,0.07219699605772349,1.3484405582322119,2.158400158513607,82,1850.0,1.3484405582322119
28080.0,89,2162.0,16.37878787878788,2.130717870747537,89,89,2162.0,0.07152035611253241,1.3308436043488971,2.130717870747537,89,2162.0,1.3308436043488971
28085.0,96,2306.0,16.83211678832117,1.8415209923207625,96,96,2306.0,0.04624027563750396,0.9166412748005835,1.8415209923207625,96,2306.0,0.9166412748005835
28090.0,102,2730.0,20.073529411764707,1.754391921006156,102,102,2588.0,0.048140168684897566,0.910341064454303,1.754391921006156,102,2588.0,0.910341064454303
28095.0,106,3171.0,23.316176470588236,1.5595208275559258,106,106,3171.0,0.047785292747247396,0.8683709677419394,1.5595208275559258,106,3171.0,0.8683709677419394
28100.0,105,3607.0,26.522058823529413,1.6349606589980146,105,105,3607.0,0.04304713247720089,0.8078881541634322,1.6349606589980146,105,3607.0,0.8078881541634322
28105.0,107,4066.0,29.463768115942027,1.7416010241049167,107,107,4056.0,0.04894716355613477,0.8856875648531753,1.7416010241049167,107,4056.0,0.8856875648531753
28110.0,110,4606.0,33.62043795620438,1.6679634557747574,110,110,4606.0,0.04585412059459791,0.8199434126056063,1.6679634557747574,110,4606.0,0.8199434126056063
28115.0,115,5171.0,38.303703703703704,1.4876498459671128,115,115,5171.0,0.028780504145715036,0.5416409910174823,1.4876498459671128,115,5171.0,0.5416409910174823
28120.0,117,5753.0,42.3014705882353,1.3686826932902882,117,117,5753.0,0.02697811237435098,0.4686351868266114,1.3686826932902882,117,5753.0,0.4686351868266114
28125.0,118,6340.0,47.3134328358209,1.2467859850542486,118,118,6340.0,0.02465233841135495,0.44514332973838555,1.2467859850542486,118,6340.0,0.44514332973838555
28130.0,118,6918.0,52.80916030534351,1.0113881673917366,118,118,6918.0,0.02326810953885754,0.4764451557990599,1.0113881673917366,118,6918.0,0.4764451557990599
28135.0,117,7503.0,57.274809160305345,1.07264077863355,117,117,7496.0,0.029774168201841433,0.5377650434517178,1.07264077863355,117,7496.0,0.5377650434517178
28140.0,118,8093.0,62.736434108527135,0.8761585105017556,118,118,8093.0,0.029763464379417327,0.5034725242289033,0.8761585105017556,118,8093.0,0.5034725242289033
28145.0,118,8683.0,66.2824427480916,0.8714059988878748,118,118,8683.0,0.025665331073670458,0.46673750363593125,0.8714059988878748,118,8683.0,0.46673750363593125
28150.0,119,9277.0,70.81679389312977,0.9537482090707461,119,119,9277.0,0.024950914754127407,0.45592705541785766,0.9537482090707461,119,9277.0,0.45592705541785766
28155.0,120,9873.0,74.23308270676692,0.9338866144265665,120,120,9873.0,0.022890100905077454,0.4111179358865661,0.9338866144265665,120,9873.0,0.4111179358865661
28160.0,121,10475.0,79.35606060606061,0.9180011851244567,121,121,10475.0,0.025579841028537532,0.4492131739818042,0.9180011851244567,121,10475.0,0.4492131739818042
28165.0,122,11069.0,83.85606060606061,0.8638710287988661,122,122,11069.0,0.031225084240872267,0.5541893342717751,0.8638710287988661,122,11069.0,0.5541893342717751
28170.0,121,11670.0,88.4090909090909,0.9204787340227466,121,121,11664.0,0.03507251015682905,0.6295211325129595,0.9204787340227466,121,11664.0,0.6295211325129595
28175.0,121,12275.0,92.99242424242425,0.9148141191954829,121,121,12275.0,0.03619744400672511,0.6240132869698654,0.9148141191954829,121,12275.0,0.6240132869698654
28180.0,121,12880.0,96.84210526315789,0.7426637884945984,121,121,12880.0,0.022084944911787367,0.4008244335295691,0.7426637884945984,121,12880.0,0.4008244335295691
28185.0,123,13495.0,102.23484848484848,0.7125998794155657,123,123,13495.0,0.023714885540225238,0.42705824332675874,0.7125998794155657,123,13495.0,0.42705824332675874
28190.0,123,14110.0,105.29850746268657,0.7495756513167156,123,123,14110.0,0.020511527220569804,0.3811417340716982,0.7495756513167156,123,14110.0,0.3811417340716982
28195.0,123,14713.0,110.62406015037594,0.6811438677992502,123,123,14713.0,0.01840549485627307,0.35238137364196614,0.6811438677992502,123,14713.0,0.35238137364196614
28200.0,123,15328.0,116.12121212121212,0.7244286097225959,123,123,15318.0,0.02806778373997747,0.4887935643765005,0.7244286097225959,123,15318.0,0.4887935643765005
28205.0,124,15945.0,118.11111111111111,0.7107379806933619,124,124,15945.0,0.02578524521681543,0.4266918953563177,0.7107379806933619,124,15945.0,0.4266918953563177
28210.0,124,16565.0,122.70370370370371,0.8334802778688135,124,124,16565.0,0.02591135504119324,0.47445485256519776,0.8334802778688135,124,16565.0,0.47445485256519776
28215.0,125,17186.0,125.44525547445255,0.8004197900600387,125,125,17186.0,0.019543247639887865,0.37153472934056014,0.8004197900600387,125,17186.0,0.37153472934056014
28220.0,126,17816.0,131.0,0.8280990616834893,126,126,17816.0,0.024183721279801226,0.4647420947988266,0.8280990616834893,126,17816.0,0.4647420947988266
28225.0,127,18436.0,134.56934306569343,0.7520970313305478,127,127,18436.0,0.024214321448116645,0.46596134247803095,0.7520970313305478,127,18436.0,0.46596134247803095
28230.0,126,19065.0,139.16058394160584,0.7951711661255476,126,126,19060.0,0.029494989744180966,0.5329839750865117,0.7951711661255476,126,19060.0,0.5329839750865117
28235.0,126,19695.0,143.75912408759123,0.9036656963538966,126,126,19695.0,0.03554666835945219,0.6471193134323763,0.9036656963538966,126,19695.0,0.6471193134323763
28240.0,126,19679.0,142.6014492753623,0.6526824085305664,126,126,19679.0,0.014911303535421935,0.3043568430032607,0.6526824085305664,126,19679.0,0.3043568430032607
28245.0,121,19219.0,139.268115942029,0.9322047621365976,121,121,19006.0,0.029811587990091523,0.5589022975487122,0.9322047621365976,121,19006.0,0.5589022975487122
28250.0,117,18736.0,133.82857142857142,1.072616385218519,117,117,18736.0,0.03486872775210845,0.636221624573553,1.072616385218519,117,18736.0,0.636221624573553
28255.0,115,18226.0,130.18571428571428,1.22886363061644,115,115,18226.0,0.035063342936552194,0.6669261014361264,1.22886363061644,115,18226.0,0.6669261014361264
28260.0,116,17727.0,129.3941605839416,1.0839202060905557,116,116,17716.0,0.031327266380102116,0.578565247346738,1.0839202060905557,116,17716.0,0.578565247346738
28265.0,117,17236.0,123.11428571428571,1.1354093795830613,117,117,17236.0,0.03306115700835092,0.6027431539671937,1.1354093795830613,117,17236.0,0.6027431539671937
28270.0,114,16140.0,115.28571428571429,1.2699900887520126,114,114,16140.0,0.03616720301240142,0.6678117517376877,1.2699900887520126,114,16140.0,0.6678117517376877
28275.0,110,14625.0,102.99295774647888,1.394559062982553,110,110,14427.0,0.042961407286173654,0.7853196534820052,1.394559062982553,110,14427.0,0.7853196534820052
28280.0,106,13090.0,92.1830985915493,1.7604615156400958,106,106,13090.0,0.061200034429075845,1.1042953955714192,1.7604615156400958,106,13090.0,1.1042953955714192
28285.0,104,11435.0,80.52816901408451,1.6747306773449497,104,104,11435.0,0.05567168119423884,1.0722833884220402,1.6747306773449497,104,11435.0,1.0722833884220402
28290.0,101,9855.0,69.8936170212766,1.8065168790371124,101,101,9814.0,0.05922815027152245,1.154065256276553,1.8065168790371124,101,9814.0,1.154065256276553
28295.0,102,8289.0,58.787234042553195,1.938748746731139,102,102,8289.0,0.0636608279497287,1.1970011999257752,1.938748746731139,102,8289.0,1.1970011999257752
28300.0,101,6587.0,47.05,1.6053394987476433,101,101,6587.0,0.05229565548162671,0.9751141355414638,1.6053394987476433,101,6587.0,0.9751141355414638
28305.0,98,5019.0,35.85,1.8677577960775036,98,98,4976.0,0.0577818760333245,1.0765480314960576,1.8677577960775036,98,4976.0,1.0765480314960576
28310.0,99,4285.0,30.176056338028168,1.853120246756284,99,99,4285.0,0.060344905993840965,1.06546807723182,1.853120246756284,99,4285.0,1.06546807723182
28315.0,100,3468.0,24.251748251748253,1.8148033597903666,100,100,3468.0,0.05163750180628192,0.976722795523738,1.8148033597903666,100,3468.0,0.976722795523738
28320.0,96,2670.0,18.541666666666668,2.026647945544777,96,96,2642.0,0.05827752562173335,1.0933367508694172,2.026647945544777,96,2642.0,1.0933367508694172
28325.0,94,2115.0,14.387755102040817,2.242378969556244,94,94,2115.0,0.06765478571161465,1.2512367130520028,2.242378969556244,94,2115.0,1.2512367130520028
28330.0,91,1761.0,11.979591836734693,2.356495938999289,90,91,1760.0,0.06680832028217316,1.2775417314485764,2.356495938999289,90,1760.0,1.2775417314485764
28335.0,90,1610.0,11.10344827586207,2.2423574131679884,90,90,1597.0,0.06488306442367599,1.2080732763740347,2.2423574131679884,90,1597.0,1.2080732763740347
28340.0,89,1595.0,11.07638888888889,2.3452582019927894,89,89,1595.0,0.07360744292380558,1.3564092138740402,2.3452582019927894,89,1595.0,1.3564092138740402
28345.0,92,1543.0,10.715277777777779,2.152696030796521,92,92,1543.0,0.06548362047662755,1.2331995702003766,2.152696030796521,92,1543.0,1.2331995702003766
28350.0,93,1546.0,10.73611111111111,2.1501527069782624,93,93,1505.0,0.06393933583868551,1.2164707398393901,2.1501527069782624,93,1505.0,1.2164707398393901
28355.0,95,1559.0,10.97887323943662,2.0691159520028646,95,95,1559.0,0.06226619768387464,1.214846565343868,2.0691159520028646,95,1559.0,1.214846565343868
28360.0,93,1524.0,10.732394366197184,1.8885840700861949,93,93,1524.0,0.056491465519545064,1.0892284934888519,1.8885840700861949,93,1524.0,1.0892284934888519
28365.0,90,1506.0,10.83453237410072,1.934924458344498,90,90,1492.0,0.06319999212349325,1.2495652005708537,1.934924458344498,90,1492.0,1.2495652005708537
28370.0,90,1641.0,11.638297872340425,1.9266588468019346,90,90,1641.0,0.0652287142453051,1.2414256220414324,1.9266588468019346,90,1641.0,1.2414256220414324
28375.0,95,1792.0,12.709219858156029,1.7970928413795388,95,95,1792.0,0.058827970445441365,1.1302446849602055,1.7970928413795388,95,1792.0,1.1302446849602055
28380.0,97,2032.0,14.411347517730496,1.690069691583353,97,97,2032.0,0.05023196266676233,0.9450989342726571,1.690069691583353,97,2032.0,0.9450989342726571
28385.0,105,2377.0,16.506944444444443,1.575328442838978,105,105,2377.0,0.04642865903556896,0.8764951961880535,1.575328442838978,105,2377.0,0.8764951961880535
28390.0,107,2519.0,17.493055555555557,1.5008139487897658,107,107,2519.0,0.04229615687904042,0.78882022091362,1.5008139487897658,107,2519.0,0.78882022091362
28395.0,105,2747.0,18.944827586206898,1.5493831333638939,105,105,2661.0,0.04851719207349446,0.8997388568200794,1.5493831333638939,105,2661.0,0.8997388568200794
28400.0,108,3186.0,22.27972027972028,1.657787155951242,108,108,3186.0,0.06090976095413419,1.132138856820082,1.657787155951242,108,3186.0,1.132138856820082
28405.0,118,3666.0,25.282758620689656,1.352619039431131,118,118,3666.0,0.045607279753879085,0.8293193572821331,1.352619039431131,118,3666.0,0.8293193572821331
28410.0,120,4179.0,28.623287671232877,1.3910367079266155,120,120,4179.0,0.038003306158518296,0.714423969439717,1.3910367079266155,120,4179.0,0.714423969439717
28415.0,122,4708.0,32.69444444444444,1.2411412859349005,122,122,4708.0,0.03612617392107055,0.6790872703853575,1.2411412859349005,122,4708.0,0.6790872703853575
28420.0,123,5241.0,36.395833333333336,0.9823882401588304,123,123,5241.0,0.026950712584949892,0.5057924686450603,0.9823882401588304,123,5241.0,0.5057924686450603
28425.0,122,5737.0,39.84027777777778,1.0599648551227996,122,122,5737.0,0.029486490365751024,0.5624527073850972,1.0599648551227996,122,5737.0,0.5624527073850972
28430.0,124,6301.0,43.157534246575345,0.9977682037289203,124,124,6283.0,0.030322867002696475,0.54457932719776,0.9977682037289203,124,6283.0,0.54457932719776
28435.0,130,6939.0,46.88513513513514,1.103447213671092,130,130,6939.0,0.032875137810995804,0.5902677220971806,1.103447213671092,130,6939.0,0.5902677220971806
28440.0,131,7589.0,50.93288590604027,1.1213053257378827,131,131,7589.0,0.02908305583294467,0.4989892996570669,1.1213053257378827,131,7589.0,0.4989892996570669
28445.0,133,8249.0,54.629139072847686,1.044791431636982,133,133,8249.0,0.017323204805106383,0.3320875517705464,1.044791431636982,133,8249.0,0.3320875517705464
28450.0,131,8688.0,57.92,1.1076063674574217,131,131,8688.0,0.021085105888687682,0.40370003513164415,1.1076063674574217,131,8688.0,0.40370003513164415
28455.0,127,8954.0,60.09395973154363,1.147520958807229,127,127,8881.0,0.027054798517650365,0.4795090124494586,1.147520958807229,127,8881.0,0.4795090124494586
28460.0,122,9199.0,62.1554054054054,1.4523868487867542,122,122,9199.0,0.0440552004617956,0.7711550636352178,1.4523868487867542,122,9199.0,0.7711550636352178
28465.0,118,9014.0,60.49664429530201,1.5436672588670695,118,118,9014.0,0.04056844936315292,0.7488686963331294,1.5436672588670695,118,9014.0,0.7488686963331294
28470.0,113,8537.0,57.682432432432435,1.6858596552560325,113,113,8404.0,0.04605379443642396,0.8494577383924922,1.6858596552560325,113,8404.0,0.8494577383924922
28475.0,108,8037.0,54.304054054054056,1.9952515732679381,108,108,8037.0,0.059718760627062106,1.0834174515445374,1.9952515732679381,108,8037.0,1.0834174515445374
28480.0,104,7479.0,50.19463087248322,1.9276937961987624,104,104,7479.0,0.04852510191177178,0.9207601915413007,1.9276937961987624,104,7479.0,0.9207601915413007
28485.0,105,6954.0,47.30612244897959,2.0060031324240244,105,105,6933.0,0.05045514469277931,0.9443461688578019,2.0060031324240244,105,6933.0,0.9443461688578019
28490.0,105,6429.0,44.034246575342465,1.9869819304211433,105,105,6429.0,0.05608931020772734,0.9941411245431555,1.9869819304211433,105,6429.0,0.9941411245431555
28495.0,102,5808.0,39.78082191780822,2.0740218934216843,102,102,5808.0,0.05119226753243655,0.945794839810801,2.0740218934216843,102,5808.0,0.945794839810801
28500.0,97,5103.0,35.68531468531469,2.157100562144539,97,97,5075.0,0.05524503688686525,1.0538834669398685,2.157100562144539,97,5075.0,1.0538834669398685
28505.0,93,4376.0,30.6013986013986,2.270617953372734,93,93,4376.0,0.06646298598205493,1.2652413356836274,2.270617953372734,93,4376.0,1.2652413356836274
28510.0,88,3538.0,25.092198581560282,2.2896408052636774,88,88,3538.0,0.06652016606155507,1.3081709336250347,2.2896408052636774,88,3538.0,1.3081709336250347
28515.0,85,2713.0,19.37857142857143,2.34997180771302,85,85,2685.0,0.07334715369297011,1.3841199999999936,2.34997180771302,85,2685.0,1.3841199999999936
28520.0,85,2163.0,15.45,2.5550370716231448,85,85,2163.0,0.08639752461467617,1.5998422110802237,2.5550370716231448,85,2163.0,1.5998422110802237
28525.0,87,1586.0,11.410071942446043,2.199428972254338,87,87,1586.0,0.07678262807999042,1.4381303480948215,2.199428972254338,87,1586.0,1.4381303480948215
28530.0,88,1276.0,9.114285714285714,2.3180527347212485,88,88,1258.0,0.07599466013907294,1.4233123638221739,2.3180527347212485,88,1258.0,1.4233123638221739
28535.0,95,1436.0,10.184397163120567,2.2024659557604225,95,95,1436.0,0.07237330765780471,1.3109033062292799,2.2024659557604225,95,1436.0,1.3109033062292799
28540.0,99,1537.0,10.82394366197183,1.888967147139481,99,99,1537.0,0.047811508233441116,0.9017588168235277,1.888967147139481,99,1537.0,0.9017588168235277
28545.0,96,1572.0,11.148936170212766,1.9939570671026172,96,96,1544.0,0.05701091749173399,1.069221345824929,1.9939570671026172,96,1544.0,1.069221345824929
28550.0,92,1588.0,11.26241134751773,2.086174965996229,92,92,1588.0,0.0683443571027939,1.2728983234266922,2.086174965996229,92,1588.0,1.2728983234266922
28555.0,90,1504.0,10.591549295774648,2.1354089262574565,90,90,1504.0,0.06266888915555717,1.2097337620797834,2.1354089262574565,90,1504.0,1.2097337620797834
28560.0,86,1393.0,9.809859154929578,2.3646036110435915,86,86,1365.0,0.06843947762263827,1.3277463275786545,2.3646036110435915,86,1365.0,1.3277463275786545
28565.0,87,1376.0,9.555555555555555,2.5110636193849927,87,87,1376.0,0.07675787229890374,1.4510787401574756,2.5110636193849927,87,1376.0,1.4510787401574756
28570.0,87,1310.0,9.290780141843971,2.2300024994850465,87,87,1310.0,0.0687377931352927,1.3319142695935406,2.2300024994850465,87,1310.0,1.3319142695935406
28575.0,89,1358.0,9.631205673758865,2.2049134940999218,89,89,1332.0,0.07206097035523351,1.3308267716535382,2.2049134940999218,89,1332.0,1.3308267716535382
28580.0,96,1523.0,10.801418439716311,2.1570077018311786,96,96,1523.0,0.07214594154000017,1.348525561568446,2.1570077018311786,96,1523.0,1.348525561568446
28585.0,99,1626.0,11.450704225352112,1.937588703424868,99,99,1626.0,0.05617580662583884,1.070643177603397,1.937588703424868,99,1626.0,1.070643177603397
28590.0,96,1659.0,11.520833333333334,2.1355212817156253,96,96,1631.0,0.06330025064596584,1.1768627133065375,2.1355212817156253,96,1631.0,1.1768627133065375
28595.0,92,1677.0,11.565517241379311,2.426181731320412,92,92,1677.0,0.07888144797542386,1.4355603877251424,2.426181731320412,92,1677.0,1.4355603877251424
28600.0,91,1595.0,11.153846153846153,2.0944034678396215,91,91,1595.0,0.06132747388329381,1.1545282213964532,2.0944034678396215,91,1595.0,1.1545282213964532
28605.0,87,1489.0,10.560283687943262,2.2460220286031904,87,87,1461.0,0.07325213123740994,1.3437495893112157,2.2460220286031904,87,1461.0,1.3437495893112157
28610.0,87,1474.0,10.453900709219859,2.3374984025365304,87,87,1474.0,0.07881913787470689,1.4325043052157354,2.3374984025365304,87,1474.0,1.4325043052157354
28615.0,88,1421.0,9.937062937062937,2.194539056540195,88,88,1421.0,0.06754958200931668,1.2560139553786385,2.194539056540195,88,1421.0,1.2560139553786385
28620.0,90,1469.0,10.345070422535212,2.203637896357835,90,90,1445.0,0.06712793764296077,1.2655360155225426,2.203637896357835,90,1445.0,1.2655360155225426
28625.0,97,1639.0,11.303448275862069,2.1204959372965613,97,97,1639.0,0.06463579680995724,1.1853483843180352,2.1204959372965613,97,1639.0,1.1853483843180352
28630.0,102,1843.0,12.79861111111111,1.9867512801748124,102,102,1843.0,0.055269287013551216,1.047159048326113,1.9867512801748124,102,1843.0,1.047159048326113
28635.0,101,1947.0,13.520833333333334,1.8600359084399811,101,101,1947.0,0.047455883996964626,0.8918556970701539,1.8600359084399811,101,1947.0,0.8918556970701539
28640.0,97,1967.0,13.659722222222221,2.0599659141499895,97,97,1934.0,0.06370609895430449,1.1749721917080762,2.0599659141499895,97,1934.0,1.1749721917080762
28645.0,96,1972.0,13.6,2.2730606773403252,96,96,1972.0,0.07834250880093192,1.422346449786633,2.2730606773403252,96,1972.0,1.422346449786633
28650.0,91,1906.0,13.23611111111111,2.286123169242602,91,91,1906.0,0.07234199055598102,1.3805885103604008,2.286123169242602,91,1906.0,1.3805885103604008
28655.0,92,1865.0,12.95138888888889,2.3037412298866644,92,92,1832.0,0.07027410869424494,1.31984949138538,2.3037412298866644,92,1832.0,1.31984949138538
28660.0,95,1830.0,12.797202797202797,2.106807602239125,95,95,1830.0,0.06982726659856398,1.262266194432842,2.106807602239125,95,1830.0,1.262266194432842
28665.0,91,1806.0,12.71830985915493,2.059586787235495,91,91,1806.0,0.06978178807829902,1.2833212403970522,2.059586787235495,91,1806.0,1.2833212403970522
28670.0,98,1931.0,13.409722222222221,1.9048582411326964,98,98,1905.0,0.05700894159896397,1.0563267203279625,1.9048582411326964,98,1905.0,1.0563267203279625
28675.0,103,2090.0,14.615384615384615,1.842793769798983,103,103,2090.0,0.057166659073860995,1.0569066288697164,1.842793769798983,103,2090.0,1.0569066288697164
28680.0,102,2164.0,15.132867132867133,1.7990429968681338,102,102,2164.0,0.04931157232581731,0.9495568626749351,1.7990429968681338,102,2164.0,0.9495568626749351
28685.0,100,2163.0,14.714285714285714,1.9665438301616587,100,100,2135.0,0.054712380848097264,1.0334090909090863,1.9665438301616587,100,2135.0,1.0334090909090863
28690.0,96,2150.0,14.726027397260275,2.2391448519445323,96,96,2150.0,0.07291543733190776,1.3380286331628348,2.2391448519445323,96,2150.0,1.3380286331628348
28695.0,91,2027.0,13.979310344827587,2.1650337021043162,91,91,2027.0,0.0669454100558378,1.2928820565700483,2.1650337021043162,91,2027.0,1.2928820565700483
28700.0,88,1880.0,13.146853146853147,2.2768355358704917,88,88,1852.0,0.07779733944180801,1.44717348049804,2.2768355358704917,88,1852.0,1.44717348049804
28705.0,89,1845.0,12.724137931034482,2.3895763775598544,89,89,1845.0,0.08221481759081704,1.4868951957316976,2.3895763775598544,89,1845.0,1.4868951957316976
28710.0,89,1776.0,12.164383561643836,2.3399578735923634,89,89,1776.0,0.07307023154757006,1.383227668445989,2.3399578735923634,89,1776.0,1.383227668445989
28715.0,91,1811.0,12.57638888888889,2.2284386553065727,91,91,1789.0,0.07176223960230176,1.3527791342399662,2.2284386553065727,91,1789.0,1.3527791342399662
28720.0,99,1989.0,13.623287671232877,2.0643745878876185,99,99,1989.0,0.05748383109685519,1.096061538461544,2.0643745878876185,99,1989.0,1.096061538461544
28725.0,101,2107.0,14.431506849315069,1.9932675371300046,101,101,2107.0,0.05463881231191317,1.038310619101984,1.9932675371300046,101,2107.0,1.038310619101984
28730.0,97,2150.0,14.726027397260275,1.9787190974026472,97,97,2122.0,0.05461934483406632,1.0054591517831009,1.9787190974026472,97,2122.0,1.0054591517831009
28735.0,96,2183.0,14.850340136054422,2.1963514921919063,96,96,2183.0,0.06883774078676015,1.260836671285117,2.1963514921919063,96,2183.0,1.260836671285117
28740.0,92,2112.0,14.36734693877551,2.229616342515104,92,92,2112.0,0.062114960251443106,1.175772743266517,2.229616342515104,92,2112.0,1.175772743266517
28745.0,89,2014.0,13.794520547945206,2.2999479200638007,89,89,1986.0,0.06904781091698807,1.2947888443599291,2.2999479200638007,89,1986.0,1.2947888443599291
28750.0,89,2009.0,13.95138888888889,2.340237343077532,89,89,2009.0,0.08092660292548143,1.4851204240976368,2.340237343077532,89,2009.0,1.4851204240976368
28755.0,90,1974.0,13.428571428571429,2.233862798321461,90,90,1974.0,0.06836327267590984,1.2815833561134482,2.233862798321461,90,1974.0,1.2815833561134482
28760.0,92,2034.0,13.83673469387755,2.3496053615235084,92,92,2014.0,0.07377421691263096,1.3635225399313486,2.3496053615235084,92,2014.0,1.3635225399313486
28765.0,100,2214.0,15.164383561643836,2.1197644873440433,100,100,2214.0,0.06408524666845218,1.1623807540317677,2.1197644873440433,100,2214.0,1.1623807540317677
28770.0,101,2332.0,16.082758620689656,1.8792539076794799,101,101,2332.0,0.061573661491400686,1.0982199018090937,1.8792539076794799,101,2332.0,1.0982199018090937
28775.0,97,2376.0,16.273972602739725,2.1549158839844917,97,97,2348.0,0.06769239332605165,1.237526382505804,2.1549158839844917,97,2348.0,1.237526382505804
28780.0,96,2402.0,16.34013605442177,2.157287493405825,96,96,2402.0,0.06522067560808319,1.1699431370045343,2.157287493405825,96,2402.0,1.1699431370045343
28785.0,92,2330.0,16.06896551724138,2.1828876416448275,92,92,2330.0,0.06425093001610625,1.1914389594666444,2.1828876416448275,92,2330.0,1.1914389594666444
28790.0,88,2229.0,15.267123287671232,2.3940153511176,88,88,2201.0,0.07249670521907221,1.339220115861705,2.3940153511176,88,2201.0,1.339220115861705
28795.0,90,2226.0,15.351724137931035,2.4237986655430435,90,90,2226.0,0.0776300518848705,1.4227801238880668,2.4237986655430435,90,2226.0,1.4227801238880668
28800.0,91,2204.0,15.095890410958905,2.2707831130573832,91,91,2204.0,0.0657181472915568,1.218670537190466,2.2707831130573832,91,2204.0,1.218670537190466
28805.0,93,2285.0,15.650684931506849,2.20148139292461,93,93,2269.0,0.06719752675394298,1.2122299404472137,2.20148139292461,93,2269.0,1.2122299404472137
28810.0,100,2470.0,16.91780821917808,2.108102073878074,100,100,2470.0,0.06729998667538098,1.1814764565010571,2.108102073878074,100,2470.0,1.1814764565010571
28815.0,102,2593.0,17.76027397260274,1.8989756296977558,102,102,2593.0,0.0517479596679092,0.9774475680947755,1.8989756296977558,102,2593.0,0.9774475680947755
28820.0,99,2646.0,18.248275862068965,2.049753130584947,99,99,2618.0,0.06304998543140139,1.1678435444572621,2.049753130584947,99,2618.0,1.1678435444572621
28825.0,97,2679.0,18.47586206896552,2.1336193691113796,97,97,2679.0,0.07470633973597463,1.3508303186765729,2.1336193691113796,97,2679.0,1.3508303186765729
28830.0,91,1827.0,12.6875,2.1739264054819745,91,91,1827.0,0.07163301788598263,1.3411450314105982,2.1739264054819745,91,1827.0,1.3411450314105982
28835.0,90,1539.0,10.6875,2.3448877575822644,90,90,1194.0,0.07573089401299402,1.4113334203967778,2.3448877575822644,90,1194.0,1.4113334203967778
28840.0,96,1707.0,11.854166666666666,2.1110552733839785,96,96,1707.0,0.06909588903232855,1.2597187769944602,2.1110552733839785,96,1707.0,1.2597187769944602
28845.0,101,1860.0,12.827586206896552,1.9148973572550427,101,101,1860.0,0.054241751740871355,1.0450847790227726,1.9148973572550427,101,1860.0,1.0450847790227726
28850.0,100,2086.0,14.386206896551725,1.78354922076378,100,100,2073.0,0.052015695771037075,0.9741221374045756,1.78354922076378,100,2073.0,0.9741221374045756
28855.0,102,2366.0,16.205479452054796,1.9847436018519375,102,102,2366.0,0.060888504459823335,1.10113377387763,1.9847436018519375,102,2366.0,1.10113377387763
28860.0,103,2561.0,17.662068965517243,1.8246487915433711,102,103,2560.0,0.045852209828852415,0.8682047391451001,1.8246487915433711,102,2560.0,0.8682047391451001
28865.0,102,2831.0,19.39041095890411,1.8575531482009053,102,102,2792.0,0.04931012422553229,0.9262704344724533,1.8575531482009053,102,2792.0,0.9262704344724533
28870.0,101,3109.0,21.44137931034483,1.9759873253004203,101,101,3109.0,0.05854839400081518,1.1020221006469848,1.9759873253004203,101,3109.0,1.1020221006469848
28875.0,101,3352.0,22.958904109589042,1.7929932436319918,101,101,3352.0,0.05108484659913999,0.9457180486403309,1.7929932436319918,101,3352.0,0.9457180486403309
28880.0,98,3601.0,24.664383561643834,2.1199703038220727,98,98,3588.0,0.06473561142537902,1.1880567171330367,2.1199703038220727,98,3588.0,1.1880567171330367
28885.0,101,3945.0,26.655405405405407,2.180352947231311,101,101,3945.0,0.0682650306981092,1.2207210053127997,2.180352947231311,101,3945.0,1.2207210053127997
28890.0,99,4293.0,29.404109589041095,2.248916762162625,99,99,4293.0,0.07346409397574175,1.3053754477576762,2.248916762162625,99,4293.0,1.3053754477576762
28895.0,99,4574.0,31.76388888888889,2.1474666962674056,99,99,4574.0,0.07208146628815502,1.2981456606357988,2.1474666962674056,99,4574.0,1.2981456606357988
28900.0,97,4893.0,33.513698630136986,2.052996123615589,97,97,4891.0,0.05670332360518156,1.0718826159068713,2.052996123615589,97,4891.0,1.0718826159068713
28905.0,101,5243.0,35.666666666666664,2.209455348505733,101,101,5242.0,0.06464634805501585,1.1673787878927384,2.209455348505733,101,5242.0,1.1673787878927384
28910.0,100,5597.0,38.33561643835616,1.9345934462490173,100,100,5597.0,0.05801004334678757,1.0544836862044662,1.9345934462490173,100,5597.0,1.0544836862044662
28915.0,102,5955.0,41.06896551724138,1.9545821040364961,102,102,5942.0,0.06172501692193446,1.087792382983903,1.9545821040364961,102,5942.0,1.087792382983903
28920.0,102,6314.0,42.95238095238095,2.2429678435587097,102,102,6314.0,0.07003430459612377,1.2283627368179826,2.2429678435587097,102,6314.0,1.2283627368179826
28925.0,99,6285.0,42.18120805369127,2.1724145530028753,99,99,6285.0,0.05919833759418517,1.09175615821424,2.1724145530028753,99,6285.0,1.09175615821424
28930.0,96,5995.0,40.78231292517007,2.2740879912489276,96,96,5872.0,0.06973628313385141,1.2777589592593492,2.2740879912489276,96,5872.0,1.2777589592593492
28935.0,93,5693.0,38.46621621621622,2.4978224809033267,93,93,5693.0,0.08048061579641952,1.437451226982368,2.4978224809033267,93,5693.0,1.437451226982368
28940.0,89,5336.0,36.8,2.4975051294561825,89,89,5336.0,0.08539733849160051,1.5321700092267034,2.4975051294561825,89,5336.0,1.5321700092267034
28945.0,94,5085.0,35.06896551724138,2.407241881137659,94,94,5058.0,0.07679086690821248,1.3730065372751148,2.407241881137659,94,5058.0,1.3730065372751148
28950.0,99,4865.0,33.78472222222222,2.172043186909649,99,99,4865.0,0.07082897195124041,1.2246761179151777,2.172043186909649,99,4865.0,1.2246761179151777
28955.0,97,4565.0,31.70138888888889,2.1372212675926727,97,97,4565.0,0.06567017921347772,1.170938862086623,2.1372212675926727,97,4565.0,1.170938862086623
28960.0,94,4191.0,28.90344827586207,2.1628938175250503,94,94,4163.0,0.06401861432481423,1.1556823707079202,2.1628938175250503,94,4163.0,1.1556823707079202
28965.0,91,3803.0,26.22758620689655,2.3702932638099345,91,91,3803.0,0.07402144856833567,1.3345650721223772,2.3702932638099345,91,3803.0,1.3345650721223772
28970.0,90,3428.0,23.47945205479452,2.433956662372576,90,90,3428.0,0.07484647311338587,1.3883294225355993,2.433956662372576,90,3428.0,1.3883294225355993
28975.0,88,2981.0,20.70138888888889,2.468820947103205,88,88,2981.0,0.07930243261095203,1.5003277536410224,2.468820947103205,88,2981.0,1.5003277536410224
28980.0,88,2471.0,17.041379310344826,2.519374752798774,88,88,2438.0,0.07256582790320612,1.3736754654890553,2.519374752798774,88,2438.0,1.3736754654890553
28985.0,89,1976.0,13.627586206896552,2.445299807966261,89,89,1976.0,0.0808322787116263,1.4688097330542,2.445299807966261,89,1976.0,1.4688097330542
28990.0,86,1674.0,11.465753424657533,2.546120395596344,86,86,1674.0,0.08336145563629846,1.5212425396427616,2.546120395596344,86,1674.0,1.5212425396427616
28995.0,93,1799.0,12.321917808219178,2.3279793609479795,93,93,1779.0,0.07500960164617437,1.3419269437112589,2.3279793609479795,93,1779.0,1.3419269437112589
29000.0,99,1958.0,13.319727891156463,2.3292474506268745,99,99,1958.0,0.07843749562979169,1.3680415291778945,2.3292474506268745,99,1958.0,1.3680415291778945
29005.0,98,2077.0,13.939597315436242,2.275631915212462,98,98,2077.0,0.06543339297165257,1.2122770132688487,2.275631915212462,98,2077.0,1.2122770132688487
29010.0,95,2156.0,14.767123287671232,2.2649152416905065,95,95,2143.0,0.07193279418458803,1.3119614152797314,2.2649152416905065,95,2143.0,1.3119614152797314
29015.0,91,2220.0,15.205479452054794,2.532228936256,91,91,2220.0,0.08857259145459213,1.5915774495998876,2.532228936256,91,2220.0,1.5915774495998876
29020.0,90,2307.0,15.801369863013699,2.40208410530556,90,90,2307.0,0.07338855322904156,1.4279259847916328,2.40208410530556,90,2307.0,1.4279259847916328
29025.0,95,2522.0,17.51388888888889,2.224242444823636,95,95,2513.0,0.06814176740562954,1.307391026684546,2.224242444823636,95,2513.0,1.307391026684546
29030.0,101,2762.0,19.180555555555557,1.8394116723725564,101,101,2762.0,0.052325311898453984,0.9986819585351342,1.8394116723725564,101,2762.0,0.9986819585351342
29035.0,99,2834.0,19.680555555555557,1.869700851389619,99,99,2834.0,0.054538246966648156,1.022687286336177,1.869700851389619,99,2834.0,1.022687286336177
29040.0,96,2829.0,19.922535211267604,1.8801944533805373,96,96,2771.0,0.06139705265792087,1.1184952329261137,1.8801944533805373,96,2771.0,1.1184952329261137
29045.0,99,2943.0,20.29655172413793,1.9068661647120209,99,99,2943.0,0.06412204490806425,1.1788506842915647,1.9068661647120209,99,2943.0,1.1788506842915647
29050.0,102,2978.0,19.986577181208055,1.9026668167109761,102,102,2978.0,0.05682841730932666,1.0765649659570329,1.9026668167109761,102,2978.0,1.0765649659570329
29055.0,100,2951.0,19.543046357615893,1.9926338531069838,100,100,2923.0,0.05953275712995988,1.0740202418240397,1.9926338531069838,100,2923.0,1.0740202418240397
29060.0,97,2916.0,19.18421052631579,2.3137363352340152,97,97,2916.0,0.07632004371728261,1.3497570839293007,2.3137363352340152,97,2916.0,1.3497570839293007
29065.0,95,2841.0,18.814569536423843,2.2592964159470763,95,95,2841.0,0.06912115981584648,1.2707886484210105,2.2592964159470763,95,2841.0,1.2707886484210105
29070.0,95,2825.0,19.08783783783784,2.2654544390757296,95,95,2808.0,0.07214946601499844,1.3291348065109905,2.2654544390757296,95,2808.0,1.3291348065109905
29075.0,100,2865.0,19.75862068965517,2.033385372453309,100,100,2865.0,0.06768771983302113,1.2147534569260092,2.033385372453309,100,2865.0,1.2147534569260092
29080.0,102,2836.0,19.424657534246574,1.8078861840386764,102,102,2836.0,0.04614844458588904,0.8510009475317406,1.8078861840386764,102,2836.0,0.8510009475317406
29085.0,98,2734.0,18.726027397260275,1.9834882477269693,98,98,2706.0,0.05605417153727595,1.0429009402430354,1.9834882477269693,98,2706.0,1.0429009402430354
29090.0,96,2617.0,17.68243243243243,2.2120533440633907,96,96,2617.0,0.07010549875301682,1.2943569866029851,2.2120533440633907,96,2617.0,1.2943569866029851
29095.0,92,2418.0,16.561643835616437,2.1190543661884824,92,92,2418.0,0.06244302436601827,1.2041001399365208,2.1190543661884824,92,2418.0,1.2041001399365208
29100.0,89,2230.0,15.273972602739725,2.3317855523917097,89,89,2202.0,0.06865941016350179,1.2870776009626863,2.3317855523917097,89,2202.0,1.2870776009626863
29105.0,90,2228.0,15.26027397260274,2.355838984182064,90,90,2228.0,0.07641914621909063,1.3977920752230144,2.355838984182064,90,2228.0,1.3977920752230144
29110.0,91,2213.0,14.952702702702704,2.3944156216007753,91,91,2213.0,0.07038771306800393,1.336082896442654,2.3944156216007753,91,2213.0,1.336082896442654
29115.0,93,2278.0,15.288590604026846,2.3938826829426345,93,93,2268.0,0.06945270730389003,1.253770568722643,2.3938826829426345,93,2268.0,1.253770568722643
29120.0,100,2463.0,16.755102040816325,2.1864378517487704,100,100,2463.0,0.0684117855710477,1.2486652691830145,2.1864378517487704,100,2463.0,1.2486652691830145
29125.0,103,1892.0,12.95890410958904,1.9738827669430283,103,103,1892.0,0.05783531398198018,1.0947116385413174,1.9738827669430283,103,1892.0,1.0947116385413174
29130.0,101,1772.0,12.220689655172414,1.9686301652719804,101,101,1494.0,0.0620273393745409,1.1632728347931238,1.9686301652719804,101,1494.0,1.1632728347931238
29135.0,103,1983.0,13.675862068965516,2.068896334535809,103,103,1983.0,0.06679474966144315,1.2175243245332268,2.068896334535809,103,1983.0,1.2175243245332268
29140.0,104,2191.0,15.110344827586207,1.7553784115490914,104,104,2191.0,0.05021854244588005,0.939081189802569,1.7553784115490914,104,2191.0,0.939081189802569
29145.0,106,2468.0,17.25874125874126,1.755665489367091,106,106,2460.0,0.051193736912462935,0.9570165166318658,1.755665489367091,106,2460.0,0.9570165166318658
29150.0,112,2863.0,19.881944444444443,1.5411041694273482,112,112,2863.0,0.04899067970336976,0.8729642857142944,1.5411041694273482,112,2863.0,0.8729642857142944
29155.0,116,3255.0,22.294520547945204,1.462628954564952,116,116,3255.0,0.03628101151648966,0.6908663504700142,1.462628954564952,116,3255.0,0.6908663504700142
29160.0,117,3761.0,25.93793103448276,1.3834529163141962,117,117,3748.0,0.03186110991524022,0.6240267687569143,1.3834529163141962,117,3748.0,0.6240267687569143
29165.0,125,4369.0,29.52027027027027,1.2446641739813364,125,125,4369.0,0.027520087980817173,0.5061419876252534,1.2446641739813364,125,4369.0,0.5061419876252534
29170.0,129,5005.0,33.817567567567565,1.2081806012197822,129,129,5005.0,0.021463854673447736,0.4147821665450069,1.2081806012197822,129,5005.0,0.4147821665450069
29175.0,130,5654.0,37.693333333333335,1.2768077207457948,130,130,5651.0,0.026588100032058134,0.46230454821001826,1.2768077207457948,130,5651.0,0.46230454821001826
29180.0,130,6304.0,42.8843537414966,1.1872295164459226,130,130,6304.0,0.028856835791202462,0.525654913173524,1.1872295164459226,130,6304.0,0.525654913173524
29185.0,130,6682.0,45.148648648648646,1.2165784650129186,130,130,6682.0,0.024900556342062827,0.4914764024396798,1.2165784650129186,130,6682.0,0.4914764024396798
29190.0,124,6859.0,46.97945205479452,1.2802212995000155,124,124,6771.0,0.034804377714319046,0.6345747515799455,1.2802212995000155,124,6771.0,0.6345747515799455
29195.0,120,7018.0,48.736111111111114,1.4034904823227994,120,120,7018.0,0.04565127743202167,0.8130923846424545,1.4034904823227994,120,7018.0,0.8130923846424545
29200.0,117,6886.0,47.81944444444444,1.1932064358908074,117,117,6886.0,0.032189207143165165,0.6019167463520176,1.1932064358908074,117,6886.0,0.6019167463520176
29205.0,113,6559.0,45.86713286713287,1.3791265196268196,113,113,6471.0,0.04207499576784487,0.7649940462183006,1.3791265196268196,113,6471.0,0.7649940462183006
29210.0,108,6209.0,42.820689655172416,1.5702807713556233,108,108,6209.0,0.05178641682675201,0.8830869892536352,1.5702807713556233,108,6209.0,0.8830869892536352
29215.0,105,5800.0,40.27777777777778,1.6328685126608815,105,105,5800.0,0.05280995878557272,0.9445135138634305,1.6328685126608815,105,5800.0,0.9445135138634305
29220.0,105,5425.0,37.93706293706294,1.6849271917729338,105,105,5403.0,0.051582886501943176,0.9192738065410043,1.6849271917729338,105,5403.0,0.9192738065410043
29225.0,105,5050.0,35.06944444444444,1.7032959020352094,105,105,5050.0,0.0553983913524575,0.9786913720211933,1.7032959020352094,105,5050.0,0.9786913720211933
29230.0,105,4675.0,32.69230769230769,1.7179221621784477,105,105,4675.0,0.051175802717039434,0.9548845259963457,1.7179221621784477,105,4675.0,0.9548845259963457
29235.0,102,4189.0,29.09027777777778,1.8800160333228841,102,102,4189.0,0.05284555627776297,1.0087274484124238,1.8800160333228841,102,4189.0,1.0087274484124238
29240.0,98,3611.0,25.07638888888889,2.024320069296126,98,98,3578.0,0.06272135484010068,1.15569198314568,2.024320069296126,98,3578.0,1.15569198314568
29245.0,94,3013.0,20.92361111111111,2.2252704410603954,94,94,3013.0,0.07701892219569345,1.3803404547680171,2.2252704410603954,94,3013.0,1.3803404547680171
29250.0,90,2400.0,17.142857142857142,2.0697321699669513,90,90,2400.0,0.07167135047159862,1.3478430439137519,2.0697321699669513,90,2400.0,1.3478430439137519
29255.0,90,2050.0,14.642857142857142,2.1441333437219976,90,90,2017.0,0.07371185562655733,1.369232322637256,2.1441333437219976,90,2017.0,1.369232322637256
29260.0,92,1705.0,11.923076923076923,2.134399771315145,92,92,1705.0,0.07101342560604432,1.2725463536464614,2.134399771315145,92,1705.0,1.2725463536464614
29265.0,89,1494.0,10.375,2.207275538798262,89,89,1494.0,0.06786515564647658,1.2482522107479563,2.207275538798262,89,1494.0,1.2482522107479563
29270.0,96,1609.0,10.945578231292517,2.1831487961315323,96,96,1587.0,0.06090724072338571,1.1327760861965068,2.1831487961315323,96,1587.0,1.1327760861965068
29275.0,101,1758.0,12.46808510638298,1.8969475079875264,101,101,1758.0,0.05994141953025694,1.098949256278899,1.8969475079875264,101,1758.0,1.098949256278899
29280.0,99,1821.0,13.007142857142858,1.764053404146425,99,99,1821.0,0.049766655511270734,0.9591993354059823,1.764053404146425,99,1821.0,0.9591993354059823
29285.0,96,1804.0,12.527777777777779,1.9387702862054832,96,96,1776.0,0.05840816235302116,1.0821171750867251,1.9387702862054832,96,1776.0,1.0821171750867251
29290.0,92,1772.0,12.220689655172414,2.218209288815692,92,92,1772.0,0.0744489618459716,1.3344856811685282,2.218209288815692,92,1772.0,1.3344856811685282
29295.0,90,1640.0,11.38888888888889,2.093969701569817,90,90,1640.0,0.06627711618476159,1.2121116788788255,2.093969701569817,90,1640.0,1.2121116788788255
29300.0,86,1484.0,10.377622377622378,2.348922073310424,86,86,1456.0,0.07831340107437526,1.4335360901069405,2.348922073310424,86,1456.0,1.4335360901069405
29305.0,87,1439.0,10.062937062937063,2.4946797139943784,87,87,1439.0,0.0891429418184442,1.6247049154760187,2.4946797139943784,87,1439.0,1.6247049154760187
29310.0,87,1356.0,9.416666666666666,2.349335088992079,87,87,1356.0,0.07740516747160904,1.4224631125572247,2.349335088992079,87,1356.0,1.4224631125572247
29315.0,89,1399.0,9.783216783216783,2.3594038511720954,89,89,1376.0,0.07421015665271395,1.4081161155401987,2.3594038511720954,89,1376.0,1.4081161155401987
29320.0,97,1566.0,10.726027397260275,2.148925408413525,97,97,1566.0,0.061170775282165815,1.1417865612591294,2.148925408413525,97,1566.0,1.1417865612591294
29325.0,100,1674.0,11.387755102040817,2.0821939387682495,100,100,1674.0,0.053407170845592614,0.9959272943371222,2.0821939387682495,100,1674.0,0.9959272943371222
29330.0,96,1709.0,11.705479452054794,2.2231964348907414,96,96,1681.0,0.061615430287291224,1.1312386801325056,2.2231964348907414,96,1681.0,1.1312386801325056
29335.0,93,1730.0,12.097902097902098,2.2129950412421633,93,93,1730.0,0.07009190086481885,1.2819857080586232,2.2129950412421633,93,1730.0,1.2819857080586232
29340.0,90,1645.0,11.503496503496503,2.179217866644935,90,90,1645.0,0.06305472985502315,1.1897703589891344,2.179217866644935,90,1645.0,1.1897703589891344
29345.0,87,1537.0,10.748251748251748,2.306490695456,87,87,1509.0,0.07107105667604668,1.3163425646820757,2.306490695456,87,1509.0,1.3163425646820757
29350.0,87,1522.0,10.794326241134751,2.36511582026659,87,87,1522.0,0.08495575572371075,1.5219273637903235,2.36511582026659,87,1522.0,1.5219273637903235
29355.0,88,1225.0,8.566433566433567,2.1584510202899945,88,88,1225.0,0.06709167356065021,1.2786459026162285,2.1584510202899945,88,1225.0,1.2786459026162285
29360.0,90,1277.0,8.868055555555555,2.317630997535727,90,90,1126.0,0.07142923096668087,1.3618754672816549,2.317630997535727,90,1126.0,1.3618754672816549
29365.0,98,1447.0,9.979310344827587,2.156121279642399,98,98,1447.0,0.06822006011133415,1.2727493200729265,2.156121279642399,98,1447.0,1.2727493200729265
29370.0,100,1573.0,10.92361111111111,1.9928844881480698,100,100,1573.0,0.055408579236603785,1.0675818640165966,1.9928844881480698,100,1573.0,1.0675818640165966
29375.0,100,1767.0,12.186206896551724,2.121918835523807,100,100,1735.0,0.06285632555362294,1.1516190177127037,2.121918835523807,100,1735.0,1.1516190177127037
29380.0,103,1975.0,13.715277777777779,1.8526723057045342,103,103,1975.0,0.05462515878520091,0.9690276234864867,1.8526723057045342,103,1975.0,0.9690276234864867
29385.0,101,2053.0,14.356643356643357,1.8565755279310308,101,101,2053.0,0.05039990687831979,0.9307891883258186,1.8565755279310308,101,2053.0,0.9307891883258186
29390.0,97,2072.0,14.591549295774648,1.9324919407028516,97,97,2029.0,0.06188830086096874,1.1042436040128827,1.9324919407028516,97,2029.0,1.1042436040128827
29395.0,99,2188.0,15.3006993006993,2.029256170797757,99,99,2188.0,0.06456907037405707,1.1453734730856888,2.029256170797757,99,2188.0,1.1453734730856888
29400.0,101,2310.0,15.931034482758621,1.9738204422248544,101,101,2310.0,0.0513072319573108,0.9676625878151282,1.9738204422248544,101,2310.0,0.9676625878151282
29405.0,103,2513.0,17.33103448275862,1.8268850605640967,103,103,2511.0,0.04891399530088488,0.9047643183658834,1.8268850605640967,103,2511.0,0.9047643183658834
29410.0,110,2823.0,19.46896551724138,1.7281962669333215,110,110,2823.0,0.050732744557104616,0.9151845559664128,1.7281962669333215,110,2823.0,0.9151845559664128
29415.0,112,3116.0,21.63888888888889,1.4476556250061712,112,112,3116.0,0.03646980622805308,0.7071303980563122,1.4476556250061712,112,3116.0,0.7071303980563122
29420.0,109,3369.0,23.395833333333332,1.6479423826111594,109,109,3356.0,0.048307099950784776,0.888249256163441,1.6479423826111594,109,3356.0,0.888249256163441
29425.0,107,3603.0,24.67808219178082,1.8820314697972291,107,107,3603.0,0.059835280848356126,1.085587441877013,1.8820314697972291,107,3603.0,1.085587441877013
29430.0,101,3591.0,24.595890410958905,1.9965067686947437,101,101,3591.0,0.05644366632578893,1.0871174977811517,1.9965067686947437,101,3591.0,1.0871174977811517
29435.0,97,3410.0,23.680555555555557,2.148916858496554,97,97,3337.0,0.06441554076013845,1.235648772450677,2.148916858496554,97,3337.0,1.235648772450677
29440.0,94,3207.0,22.426573426573427,2.063097014629604,94,94,3207.0,0.0693732653131262,1.2537988460035367,2.063097014629604,94,3207.0,1.2537988460035367
29445.0,89,2943.0,20.725352112676056,2.1031594112249636,89,89,2943.0,0.06931300720495112,1.2811375275346288,2.1031594112249636,89,2943.0,1.2811375275346288
29450.0,91,2787.0,19.76595744680851,1.9646062428539355,91,91,2763.0,0.06387645588459256,1.1615171741147752,1.9646062428539355,91,2763.0,1.1615171741147752
29455.0,97,2811.0,19.93617021276596,1.9466633130951758,97,97,2811.0,0.06591541891586755,1.1495908221094435,1.9466633130951758,97,2811.0,1.1495908221094435
29460.0,99,2809.0,19.643356643356643,1.9346815742985142,99,99,2809.0,0.054308822453530387,1.0184087481646396,1.9346815742985142,99,2809.0,1.0184087481646396
29465.0,95,2764.0,19.194444444444443,2.0410533734423577,95,95,2751.0,0.06373394182588958,1.1655300133919273,2.0410533734423577,95,2751.0,1.1655300133919273
29470.0,93,2707.0,18.66896551724138,2.2617822811211026,93,93,2707.0,0.07285386591884091,1.3492065661471728,2.2617822811211026,93,2707.0,1.3492065661471728
29475.0,90,2640.0,18.08219178082192,2.444560262183274,90,90,2640.0,0.07823875357176947,1.4118714852033427,2.444560262183274,90,2640.0,1.4118714852033427
29480.0,87,2576.0,18.013986013986013,2.491600572187586,87,87,2576.0,0.08488661439784045,1.5542296392922275,2.491600572187586,87,2576.0,1.5542296392922275
29485.0,93,2576.0,18.013986013986013,2.318841389906357,93,93,2568.0,0.07830602938437611,1.4028235734991794,2.318841389906357,93,2568.0,1.4028235734991794
29490.0,97,2602.0,18.069444444444443,2.2800648999886928,97,97,2602.0,0.07291607770841028,1.3063269527322732,2.2800648999886928,97,2602.0,1.3063269527322732
29495.0,99,2795.0,19.683098591549296,2.1706787098753026,99,99,2795.0,0.06679318797376975,1.246851594912946,2.1706787098753026,99,2795.0,1.246851594912946
29500.0,104,3020.0,20.97222222222222,1.9413522812658002,104,104,3020.0,0.05357431331636799,1.0046219764516995,1.9413522812658002,104,3020.0,1.0046219764516995
29505.0,105,3121.0,21.52413793103448,1.9703013527262545,105,105,3053.0,0.05601517780181254,1.0146716518995367,1.9703013527262545,105,3053.0,1.0146716518995367
29510.0,102,3211.0,22.454545454545453,1.8761473951521246,102,102,3211.0,0.05958702673982952,1.1033303128023655,1.8761473951521246,102,3211.0,1.1033303128023655
29515.0,100,3183.0,21.951724137931034,1.9654988613819644,100,100,3183.0,0.05519967191388501,1.0888131666068956,1.9654988613819644,100,3183.0,1.0888131666068956
29520.0,96,3072.0,21.482517482517483,2.0638921063462314,96,96,3039.0,0.06348113191756155,1.215031979918864,2.0638921063462314,96,3039.0,1.215031979918864
29525.0,93,2985.0,21.02112676056338,2.1497617416482586,93,93,2985.0,0.07726121391186128,1.4244491904813,2.1497617416482586,93,2985.0,1.4244491904813
29530.0,93,2925.0,20.598591549295776,2.2873146756288123,93,93,2925.0,0.08188861728871995,1.474056080024833,2.2873146756288123,93,2925.0,1.474056080024833
29535.0,94,2803.0,19.739436619718308,2.0998157662717722,94,94,2803.0,0.06706927830065801,1.2503085571069699,2.0998157662717722,94,2803.0,1.2503085571069699
29540.0,95,2747.0,19.345070422535212,2.2128490241328658,95,95,2720.0,0.07444302228312337,1.3660856550824925,2.2128490241328658,95,2720.0,1.3660856550824925
29545.0,98,2698.0,18.73611111111111,2.2552785149526375,98,98,2698.0,0.07385576216662708,1.333365471220366,2.2552785149526375,98,2698.0,1.333365471220366
29550.0,93,2542.0,17.901408450704224,2.2753440579203756,93,93,2542.0,0.06806734046047622,1.2537657414424344,2.2753440579203756,93,2542.0,1.2537657414424344
29555.0,88,2292.0,16.25531914893617,2.4953546767754164,88,88,2259.0,0.07667892984935458,1.4410888599174316,2.4953546767754164,88,2259.0,1.4410888599174316
29560.0,86,2026.0,14.167832167832168,2.6182902937166768,86,86,2026.0,0.07779712474935922,1.4511300813008057,2.6182902937166768,86,2026.0,1.4511300813008057
29565.0,82,1745.0,12.464285714285714,2.6319858187500977,82,82,1745.0,0.07859073170792348,1.519898249601731,2.6319858187500977,82,1745.0,1.519898249601731
29570.0,84,1659.0,11.93525179856115,2.418363198049711,84,84,1631.0,0.08094259450677317,1.48955764762719,2.418363198049711,84,1631.0,1.48955764762719
29575.0,84,1629.0,11.553191489361701,2.5663926558181647,84,84,1629.0,0.08933111154428947,1.5777832616801393,2.5663926558181647,84,1629.0,1.5777832616801393
29580.0,85,1305.0,9.190140845070422,2.491324069968432,85,85,1305.0,0.07513202051297721,1.403384204510643,2.491324069968432,85,1305.0,1.403384204510643
29585.0,92,1402.0,9.804195804195805,2.1911163127943643,92,92,1205.0,0.06294843948375423,1.1804314227818413,2.1911163127943643,92,1205.0,1.1804314227818413
29590.0,96,1554.0,11.1,2.0987786858778925,96,96,1554.0,0.06939022054648951,1.1880828682716102,2.0987786858778925,96,1554.0,1.1880828682716102
29595.0,94,1639.0,11.54225352112676,2.033443186111085,94,94,1639.0,0.05403851333426523,0.9902269520721044,2.033443186111085,94,1639.0,0.9902269520721044
29600.0,94,1783.0,12.556338028169014,2.322101824298229,94,94,1752.0,0.0636766820182482,1.1687195019732188,2.322101824298229,94,1752.0,1.1687195019732188
29605.0,95,1928.0,13.771428571428572,2.329824171201851,95,95,1928.0,0.07485864654179562,1.329518617640815,2.329824171201851,95,1928.0,1.329518617640815
29610.0,92,1938.0,14.043478260869565,2.1315085993942713,92,92,1938.0,0.062476576785616834,1.1548190035808397,2.1315085993942713,92,1938.0,1.1548190035808397
29615.0,89,1896.0,13.73913043478261,2.397528018796617,89,89,1853.0,0.07241119438778215,1.347300089409056,2.397528018796617,89,1853.0,1.347300089409056
29620.0,90,1991.0,14.427536231884059,2.20202507187006,90,90,1991.0,0.06408945628346903,1.2049148837358294,2.20202507187006,90,1991.0,1.2049148837358294
29625.0,96,2100.0,15.107913669064748,2.1264521750659675,96,96,2100.0,0.053704504771477986,1.0640599912668947,2.1264521750659675,96,2100.0,1.0640599912668947
29630.0,98,2130.0,15.323741007194245,1.9753232919748827,98,98,2087.0,0.04658535088231717,0.8676915186961189,1.9753232919748827,98,2087.0,0.8676915186961189
29635.0,97,2167.0,15.817518248175183,2.0216443546331875,97,97,2167.0,0.0589256655118303,1.0794133137540614,2.0216443546331875,97,2167.0,1.0794133137540614
29640.0,93,2144.0,15.764705882352942,2.0353477672472224,93,93,2144.0,0.05584985213544047,1.0763219890961502,2.0353477672472224,93,2144.0,1.0763219890961502
29645.0,91,2075.0,15.145985401459853,1.990661029188716,91,91,2062.0,0.05291159590685941,1.0197540983606497,1.990661029188716,91,2062.0,1.0197540983606497
29650.0,86,1985.0,14.489051094890511,2.2450257155738096,86,86,1985.0,0.06414426403701635,1.2514781696145512,2.2450257155738096,86,1985.0,1.2514781696145512
29655.0,82,1873.0,13.772058823529411,2.3650791810643863,82,82,1873.0,0.07331079467297884,1.3996007279654892,2.3650791810643863,82,1873.0,1.3996007279654892
29660.0,78,1630.0,12.074074074074074,2.4127801451091853,78,78,1630.0,0.08439910641016175,1.5926567028856353,2.4127801451091853,78,1630.0,1.5926567028856353
29665.0,79,1455.0,10.698529411764707,2.470670232216303,79,79,1411.0,0.08424352069209323,1.5811144032960962,2.470670232216303,79,1411.0,1.5811144032960962
29670.0,77,1306.0,9.746268656716419,2.4585843384805828,77,77,1306.0,0.08314573724837604,1.5783701756920427,2.4585843384805828,77,1306.0,1.5783701756920427
29675.0,76,1126.0,8.530303030303031,2.306240668037891,76,76,1126.0,0.08356685256939887,1.5516338121223046,2.306240668037891,76,1126.0,1.5516338121223046
29680.0,78,1101.0,8.155555555555555,2.2889625331709045,78,78,1068.0,0.07652301925395757,1.4054786288268515,2.2889625331709045,78,1068.0,1.4054786288268515
29685.0,83,1248.0,9.313432835820896,2.3038694139287883,83,83,1248.0,0.0854678250272815,1.5431579714310033,2.3038694139287883,83,1248.0,1.5431579714310033
29690.0,85,1383.0,10.094890510948906,2.1700625032832948,85,85,1383.0,0.06467400038406007,1.1786868519503055,2.1700625032832948,85,1383.0,1.1786868519503055
29695.0,89,1566.0,11.6,2.137874015433417,89,89,1553.0,0.05854473242898636,1.0970057762409378,2.137874015433417,89,1553.0,1.0970057762409378
29700.0,90,1763.0,13.059259259259258,2.327949046538553,90,90,1763.0,0.0640325584403354,1.2120225829636213,2.327949046538553,90,1763.0,1.2120225829636213
29705.0,93,1998.0,14.8,2.091862900114088,93,93,1998.0,0.0575892834625121,1.063180259707688,2.091862900114088,93,1998.0,1.063180259707688
29710.0,93,2136.0,15.822222222222223,2.1356523166543417,93,93,2136.0,0.06123242060512668,1.1424770893402527,2.1356523166543417,93,2136.0,1.1424770893402527
29715.0,94,2177.0,15.89051094890511,1.9887117157356466,94,94,2129.0,0.05566648168931814,1.0326065245149407,1.9887117157356466,94,2129.0,1.0326065245149407
29720.0,95,2226.0,16.014388489208635,2.2284320443945798,95,95,2226.0,0.067783890636248,1.2467072844782257,2.2284320443945798,95,2226.0,1.2467072844782257
29725.0,93,2156.0,15.290780141843971,2.2773367526104455,93,93,2156.0,0.061650351455737065,1.1885593760859938,2.2773367526104455,93,2156.0,1.1885593760859938
29730.0,89,2074.0,14.709219858156029,2.4008425203798187,89,89,2041.0,0.06780353830782185,1.2720822913660192,2.4008425203798187,89,2041.0,1.2720822913660192
29735.0,90,2099.0,15.210144927536232,2.5255675980644186,90,90,2099.0,0.08041816637156564,1.4550583973584776,2.5255675980644186,90,2099.0,1.4550583973584776
29740.0,93,2092.0,15.382352941176471,1.988336473482956,93,93,2092.0,0.05539836091449252,1.0498729625279093,1.988336473482956,93,2092.0,1.0498729625279093
29745.0,94,2134.0,15.925373134328359,1.9671808994500066,94,94,2113.0,0.05633354890682101,1.0435447011848307,1.9671808994500066,94,2113.0,1.0435447011848307
29750.0,94,2179.0,16.261194029850746,1.9521582179004653,94,94,2179.0,0.056495483714147234,1.010440927516476,1.9521582179004653,94,2179.0,1.010440927516476
29755.0,92,2131.0,15.902985074626866,2.005260871554872,92,92,2131.0,0.05572601416882205,1.0099312342517526,2.005260871554872,92,2131.0,1.0099312342517526
29760.0,87,2001.0,14.932835820895523,2.3452983144056834,87,87,1973.0,0.06728642544275008,1.2261301036397751,2.3452983144056834,87,1973.0,1.2261301036397751
29765.0,83,1847.0,13.681481481481482,2.4504325239715485,83,83,1847.0,0.07731410769880583,1.430608476639745,2.4504325239715485,83,1847.0,1.430608476639745
29770.0,79,1588.0,11.93984962406015,2.434332122965925,79,79,1588.0,0.07809521261516307,1.4953023565948074,2.434332122965925,79,1588.0,1.4953023565948074
29775.0,75,1327.0,9.977443609022556,2.4742663435087224,75,75,1299.0,0.08473827653683468,1.564667314898318,2.4742663435087224,75,1299.0,1.564667314898318
29780.0,78,1338.0,10.06015037593985,2.6903590259667163,78,78,1338.0,0.0942326872827517,1.7186248269921893,2.6903590259667163,78,1338.0,1.7186248269921893
29785.0,85,1420.0,10.676691729323307,2.345458431861097,85,85,1420.0,0.07656522185706024,1.4343350513969209,2.345458431861097,85,1420.0,1.4343350513969209
29790.0,89,1554.0,11.597014925373134,2.200219947579756,89,89,1540.0,0.06728382506925953,1.250715668945104,2.200219947579756,89,1540.0,1.250715668945104
29795.0,92,1709.0,12.849624060150376,2.1492114764539734,92,92,1709.0,0.06696247891183656,1.228566805618073,2.1492114764539734,92,1709.0,1.228566805618073
29800.0,92,1515.0,11.305970149253731,1.8521287408307616,92,92,1515.0,0.04925841177161109,0.9287847428671495,1.8521287408307616,92,1515.0,0.9287847428671495
29805.0,92,1671.0,12.563909774436091,1.9727679795908302,92,92,1495.0,0.05922446883712985,1.085902389925971,1.9727679795908302,92,1495.0,1.085902389925971
29810.0,92,1831.0,13.664179104477611,1.971407845521553,92,92,1831.0,0.06426104472386251,1.1615840297094218,1.971407845521553,92,1831.0,1.1615840297094218
29815.0,91,1902.0,14.300751879699249,1.9230268427272743,91,91,1902.0,0.05385289917218346,1.0468019014979402,1.9230268427272743,91,1902.0,1.0468019014979402
29820.0,87,1951.0,14.780303030303031,2.1592113421151584,87,87,1923.0,0.06577610696093349,1.2551433096672509,2.1592113421151584,87,1923.0,1.2551433096672509
29825.0,91,2218.0,16.42962962962963,2.1168662858862595,91,91,2218.0,0.06810120306942061,1.223379164806869,2.1168662858862595,91,2218.0,1.223379164806869
29830.0,95,2537.0,18.79259259259259,2.198252501483281,95,95,2537.0,0.06452393393606083,1.217136262902878,2.198252501483281,95,2537.0,1.217136262902878
29835.0,96,2799.0,20.580882352941178,2.060421776538497,96,96,2799.0,0.05577521560237148,1.0534838530883328,2.060421776538497,96,2799.0,1.0534838530883328
29840.0,97,3126.0,23.155555555555555,2.2028851223135875,97,97,3095.0,0.06622115947705934,1.172811584180769,2.2028851223135875,97,3095.0,1.172811584180769
29845.0,99,3461.0,25.26277372262774,2.3505421777157847,99,99,3461.0,0.06989436175841679,1.230571192092717,2.3505421777157847,99,3461.0,1.230571192092717
29850.0,97,3796.0,28.541353383458645,2.116951655620705,97,97,3796.0,0.05508241816112635,1.0426443851174776,2.116951655620705,97,3796.0,1.0426443851174776
29855.0,99,4141.0,31.13533834586466,2.2478822474097573,99,99,4141.0,0.055626646779418365,1.0674124917565853,2.2478822474097573,99,4141.0,1.0674124917565853
29860.0,99,4486.0,33.22962962962963,2.18216625298718,99,99,4486.0,0.05423923934853169,1.016907169807799,2.18216625298718,99,4486.0,1.016907169807799
29865.0,102,4863.0,36.84090909090909,1.9577488672103582,102,102,4863.0,0.04688559003800729,0.8964832792236108,1.9577488672103582,102,4863.0,0.8964832792236108
29870.0,106,5381.0,40.765151515151516,1.729216698922338,106,106,5381.0,0.04059026365183205,0.8003930638494748,1.729216698922338,106,5381.0,0.8003930638494748
29875.0,109,5804.0,44.30534351145038,1.5054144282121282,109,109,5804.0,0.03180183861023291,0.636717351143149,1.5054144282121282,109,5804.0,0.636717351143149
29880.0,108,6148.0,48.03125,1.2329341330965602,108,108,6110.0,0.030540501289715707,0.5756837772068559,1.2329341330965602,108,6110.0,0.5756837772068559
29885.0,104,6477.0,49.44274809160305,1.5845669728284766,104,104,6477.0,0.048929771222097275,0.891942627517385,1.5845669728284766,104,6477.0,0.891942627517385
29890.0,100,6733.0,51.396946564885496,1.6546722086739871,100,100,6733.0,0.049102591577279774,0.8855191423069888,1.6546722086739871,100,6733.0,0.8855191423069888
29895.0,100,7033.0,54.1,1.6552422182579862,100,100,7009.0,0.051024954693334575,0.9059243697478958,1.6552422182579862,100,7009.0,0.9059243697478958
29900.0,100,7333.0,57.74015748031496,1.6426730414055881,100,100,7333.0,0.05765681721817629,1.0276943952785063,1.6426730414055881,100,7333.0,1.0276943952785063
29905.0,100,7227.0,56.90551181102362,1.4491169276949065,100,100,7227.0,0.04757181803434301,0.8645706056485384,1.4491169276949065,100,7227.0,0.8645706056485384
29910.0,94,6831.0,53.78740157480315,1.7277999193490798,94,94,6698.0,0.05768766865518938,1.045562922853566,1.7277999193490798,94,6698.0,1.045562922853566
29915.0,90,6415.0,50.511811023622045,2.050839400671991,90,90,6415.0,0.07606498800413325,1.3215677756367812,2.050839400671991,90,6415.0,1.3215677756367812
29920.0,88,5977.0,46.333333333333336,2.004775675969557,88,88,5977.0,0.062161641794523805,1.1481671634190334,2.004775675969557,88,5977.0,1.1481671634190334
29925.0,91,5718.0,44.325581395348834,2.0459914592055815,91,91,5709.0,0.055770063028082496,1.0543593629560757,2.0459914592055815,91,5709.0,1.0543593629560757
29930.0,96,5513.0,42.40769230769231,2.0227747449568687,96,96,5513.0,0.04424457390683678,0.8386048574835434,2.0227747449568687,96,5513.0,0.8386048574835434
29935.0,99,5316.0,41.85826771653543,1.715460507062919,99,99,5316.0,0.047391836604607745,0.8347783418145982,1.715460507062919,99,5316.0,0.8347783418145982
29940.0,99,5132.0,40.40944881889764,1.716139719718316,99,99,5130.0,0.04083400359021042,0.7592387901224834,1.716139719718316,99,5130.0,0.7592387901224834
29945.0,100,4954.0,38.4031007751938,1.6574835940663981,100,100,4954.0,0.03684690017871246,0.7280115171574314,1.6574835940663981,100,4954.0,0.7280115171574314
29950.0,101,4781.0,37.06201550387597,1.667919097486436,101,101,4781.0,0.038497769494244966,0.7555977240539836,1.667919097486436,101,4781.0,0.7555977240539836
29955.0,100,4599.0,36.21259842519685,1.4281670272063063,100,100,4599.0,0.03893909750349055,0.7573076923076928,1.4281670272063063,100,4599.0,0.7573076923076928
29960.0,100,4424.0,35.111111111111114,1.5069572168543879,100,100,4417.0,0.0492550037685626,0.9305819209039567,1.5069572168543879,100,4417.0,0.9305819209039567
29965.0,103,4256.0,33.25,1.6253402810336364,103,103,4256.0,0.05740708434741959,1.0664745546371373,1.6253402810336364,103,4256.0,1.0664745546371373
29970.0,102,4279.0,33.96031746031746,1.6313126415908017,102,102,4279.0,0.05427901602975226,1.0572667629222259,1.6313126415908017,102,4279.0,1.0572667629222259
29975.0,108,4808.0,38.774193548387096,1.2040622485010146,108,108,4808.0,0.041019981868436674,0.7940651814033131,1.2040622485010146,108,4808.0,0.7940651814033131
29980.0,111,5177.0,40.4453125,0.9650167337631304,111,111,5177.0,0.02610475863667922,0.48559803965213433,0.9650167337631304,111,5177.0,0.48559803965213433
29985.0,108,5419.0,42.007751937984494,1.1528480023847838,108,108,5361.0,0.03607316373729851,0.6251344194897313,1.1528480023847838,108,5361.0,0.6251344194897313
29990.0,106,5649.0,43.45384615384615,1.3205733301233245,106,106,5649.0,0.0491982551562459,0.8249678235646863,1.3205733301233245,106,5649.0,0.8249678235646863
29995.0,105,5858.0,45.06153846153846,1.2770290509195863,105,105,5858.0,0.03841842783564159,0.7020731326406408,1.2770290509195863,105,5858.0,0.7020731326406408
30000.0,105,6083.0,47.15503875968992,1.366111954739359,105,105,6072.0,0.041499457970828775,0.7721012126992024,1.366111954739359,105,6072.0,0.7721012126992024
30005.0,106,6310.0,47.803030303030305,1.4116440642171224,106,106,6310.0,0.03994777439913947,0.7417855422085757,1.4116440642171224,106,6310.0,0.7417855422085757
30010.0,105,6518.0,49.378787878787875,1.5484950715889338,105,105,6518.0,0.040375251988755904,0.7712723555784131,1.5484950715889338,105,6518.0,0.7712723555784131
30015.0,105,6743.0,51.083333333333336,1.5179173643732569,105,105,6730.0,0.04751140766700169,0.8876303318940701,1.5179173643732569,105,6730.0,0.8876303318940701
30020.0,106,6971.0,52.81060606060606,1.5803082573863723,106,106,6971.0,0.04927107388669985,0.9021419519815475,1.5803082573863723,106,6971.0,0.9021419519815475
30025.0,104,6790.0,51.43939393939394,1.5682875552576632,104,104,6790.0,0.04679955303409919,0.8858333213649813,1.5682875552576632,104,6790.0,0.8858333213649813
30030.0,100,6320.0,47.878787878787875,1.6720884264297136,100,100,6187.0,0.05269019594772605,0.9823709696225458,1.6720884264297136,100,6187.0,0.9823709696225458
30035.0,95,5830.0,44.50381679389313,1.9420352367093539,95,95,5830.0,0.07052037822270364,1.2687639452417527,1.9420352367093539,95,5830.0,1.2687639452417527
30040.0,93,5311.0,40.234848484848484,1.7374514562337315,93,93,5311.0,0.05872645527066175,1.0510642682614446,1.7374514562337315,93,5311.0,1.0510642682614446
30045.0,95,4889.0,37.60769230769231,1.7418732743660135,95,95,4880.0,0.057270754471315195,1.077787282740261,1.7418732743660135,95,4880.0,1.077787282740261
30050.0,100,4704.0,35.63636363636363,1.60540546730994,100,100,4704.0,0.056565633580332744,1.001326813313884,1.60540546730994,100,4704.0,1.001326813313884
30055.0,102,4361.0,33.03787878787879,1.4668588029400493,102,102,4361.0,0.043545033776567335,0.8066740476343938,1.4668588029400493,102,4361.0,0.8066740476343938
30060.0,99,3885.0,28.992537313432837,1.6744649913760248,99,99,3827.0,0.05198712721990383,0.9056988468739766,1.6744649913760248,99,3827.0,0.9056988468739766
30065.0,97,3399.0,24.630434782608695,1.8536223124177005,97,97,3399.0,0.059946164216894735,1.0322103471201103,1.8536223124177005,97,3399.0,1.0322103471201103
30070.0,94,2831.0,20.816176470588236,1.9185254831873333,94,94,2831.0,0.06126978747510125,1.1063436824110633,1.9185254831873333,94,2831.0,1.1063436824110633
30075.0,90,2392.0,17.45985401459854,1.9640354950877,90,90,2364.0,0.06440735013168926,1.1347188498645004,1.9640354950877,90,2364.0,1.1347188498645004
30080.0,86,2197.0,16.036496350364963,2.3626329313223726,86,86,2197.0,0.08488323237301769,1.481268841830943,2.3626329313223726,86,2197.0,1.481268841830943
30085.0,88,2139.0,15.388489208633093,2.3493900110453656,88,88,2139.0,0.07523538498509058,1.388366670670466,2.3493900110453656,88,2139.0,1.388366670670466
30090.0,91,2134.0,15.576642335766424,2.197021133792976,91,91,2116.0,0.06587256843041855,1.2041376664949368,2.197021133792976,91,2116.0,1.2041376664949368
30095.0,93,2148.0,16.150375939849624,2.0986777239751695,93,93,2148.0,0.07030661248574953,1.2787340206615947,2.0986777239751695,93,2148.0,1.2787340206615947
30100.0,90,2067.0,15.425373134328359,1.858272098384838,90,90,2067.0,0.05035628381605413,0.9586687341602048,1.858272098384838,90,2067.0,0.9586687341602048
30105.0,88,1917.0,14.522727272727273,1.9885391968880808,88,88,1889.0,0.06428382174273482,1.2041416310672814,1.9885391968880808,88,1889.0,1.2041416310672814
30110.0,83,1742.0,13.0,2.179808874284681,83,83,1742.0,0.07446541435414651,1.3517095989722017,2.179808874284681,83,1742.0,1.3517095989722017
30115.0,81,1467.0,10.947761194029852,2.2845718409040168,81,81,1467.0,0.06994668149557423,1.33717678185137,2.2845718409040168,81,1467.0,1.33717678185137
30120.0,82,1360.0,10.225563909774436,2.3881201593390933,82,82,1288.0,0.07451351639457703,1.3908643061541897,2.3881201593390933,82,1288.0,1.3908643061541897
30125.0,89,1545.0,11.277372262773723,2.2264760712404716,89,89,1545.0,0.06812892457429874,1.2383535802648205,2.2264760712404716,89,1545.0,1.2383535802648205
30130.0,96,1811.0,13.123188405797102,2.0926309922922632,96,96,1811.0,0.05373498903291162,1.0274826398996304,2.0926309922922632,96,1811.0,1.0274826398996304
30135.0,102,2156.0,15.852941176470589,1.7243658052857025,102,102,2131.0,0.04956283873788969,0.8832699103124245,1.7243658052857025,102,2131.0,0.8832699103124245
30140.0,105,2524.0,18.696296296296296,1.672527318807708,105,105,2524.0,0.05383781169521866,0.942025798132494,1.672527318807708,105,2524.0,0.942025798132494
30145.0,105,2808.0,20.8,1.6548498875750548,105,105,2808.0,0.051047870247275,0.9216285821349044,1.6548498875750548,105,2808.0,0.9216285821349044
30150.0,100,3012.0,22.47761194029851,1.7560972089917608,100,100,2984.0,0.05283679603415341,0.964753164770698,1.7560972089917608,100,2984.0,0.964753164770698
30155.0,95,3197.0,23.85820895522388,2.071224936088624,95,95,3197.0,0.06902970773308112,1.23228724383827,2.071224936088624,95,3197.0,1.23228724383827
30160.0,93,3365.0,24.925925925925927,1.96036728918295,93,93,3365.0,0.0589916446121831,1.0767067046776555,1.96036728918295,93,3365.0,1.0767067046776555
30165.0,96,3592.0,27.21212121212121,1.893746117142561,96,96,3592.0,0.055878502347679444,1.038411435002695,1.893746117142561,96,3592.0,1.038411435002695
30170.0,101,3937.0,29.601503759398497,1.617111931721535,101,101,3937.0,0.04282041952285925,0.8152347708007767,1.617111931721535,101,3937.0,0.8152347708007767
30175.0,105,4270.0,31.62962962962963,1.5293727380465973,105,105,4270.0,0.038625591913630276,0.716740920345505,1.5293727380465973,105,4270.0,0.716740920345505
30180.0,106,4645.0,34.407407407407405,1.600274081195224,106,106,4623.0,0.048328923198675336,0.848069622600782,1.600274081195224,106,4623.0,0.848069622600782
30185.0,109,5033.0,36.20863309352518,1.5646200981994227,109,109,5033.0,0.048866258263625374,0.8056950209973269,1.5646200981994227,109,5033.0,0.8056950209973269
30190.0,107,5337.0,38.67391304347826,1.649133637931016,107,107,5337.0,0.04462798033308809,0.8188563958657252,1.649133637931016,107,5337.0,0.8188563958657252
30195.0,103,5558.0,40.86764705882353,1.466395671854647,103,103,5530.0,0.04641651849532141,0.833152944277416,1.466395671854647,103,5530.0,0.833152944277416
30200.0,99,5763.0,42.375,1.8508032172323317,99,99,5763.0,0.06722444200258362,1.1781300622081174,1.8508032172323317,99,5763.0,1.1781300622081174
30205.0,96,5945.0,43.394160583941606,2.014937784723003,96,96,5945.0,0.07244974714719858,1.2820943562627158,2.014937784723003,96,5945.0,1.2820943562627158
30210.0,92,5787.0,43.1865671641791,2.021214671425839,92,92,5787.0,0.07963534397554724,1.4173311828399184,2.021214671425839,92,5787.0,1.4173311828399184
30215.0,92,5472.0,40.83582089552239,2.0853408595373866,92,92,5349.0,0.07782017874471026,1.376189759720123,2.0853408595373866,92,5349.0,1.376189759720123
30220.0,95,5162.0,37.405797101449274,1.9918875393105202,95,95,5162.0,0.06694666753330689,1.2004933046031565,1.9918875393105202,95,5162.0,1.2004933046031565
30225.0,91,4798.0,34.51798561151079,2.0993685120736383,91,91,4798.0,0.0700247887630603,1.2712951677636608,2.0993685120736383,91,4798.0,1.2712951677636608
30230.0,94,4486.0,31.591549295774648,2.150325494161789,94,94,4461.0,0.06638852622983535,1.2262312078289879,2.150325494161789,94,4461.0,1.2262312078289879
30235.0,95,4186.0,29.47887323943662,2.2503455227886797,95,95,4186.0,0.07237795434667989,1.2938401400921111,2.2503455227886797,95,4186.0,1.2938401400921111
30240.0,93,3837.0,27.21276595744681,2.1993475656510144,93,93,3837.0,0.0613150574409099,1.161133917131867,2.1993475656510144,93,3837.0,1.161133917131867
30245.0,89,3440.0,24.225352112676056,2.3065198228587525,89,89,3427.0,0.06844111930738743,1.2863006757231417,2.3065198228587525,89,3427.0,1.2863006757231417
30250.0,84,3022.0,21.43262411347518,2.5764797505742307,84,84,3022.0,0.08617403410102537,1.5867263679184584,2.5764797505742307,84,3022.0,1.5867263679184584
30255.0,83,2629.0,18.514084507042252,2.5114525089539104,83,83,2629.0,0.07801189798605719,1.4719283980012223,2.5114525089539104,83,2629.0,1.4719283980012223
30260.0,89,2360.0,16.857142857142858,2.459289408924264,89,89,2352.0,0.07858818908934366,1.4704589415627556,2.459289408924264,89,2352.0,1.4704589415627556
30265.0,97,2233.0,15.836879432624114,2.1752724326269997,97,97,2233.0,0.06190832988067609,1.168288000000012,2.1752724326269997,97,2233.0,1.168288000000012
30270.0,93,2194.0,15.560283687943262,2.1825159179963656,93,93,2194.0,0.067917484110332,1.2447831551653212,2.1825159179963656,93,2194.0,1.2447831551653212
30275.0,92,2246.0,15.816901408450704,2.3133814856457686,92,92,2188.0,0.06898012742823013,1.2627628540341342,2.3133814856457686,92,2188.0,1.2627628540341342
30280.0,96,2341.0,16.485915492957748,2.0961059096124446,96,96,2341.0,0.06301559713398934,1.1003828647268432,2.0961059096124446,96,2341.0,1.1003828647268432
30285.0,98,2382.0,17.014285714285716,1.884676443005951,98,98,2382.0,0.05502276448792969,0.9966950145577409,1.884676443005951,98,2382.0,0.9966950145577409
30290.0,100,2502.0,17.74468085106383,1.8919107836861322,100,100,2441.0,0.055281608623587566,1.0104863829692337,1.8919107836861322,100,2441.0,1.0104863829692337
30295.0,101,2629.0,18.645390070921987,1.9102603460032865,101,101,2629.0,0.055392547338453356,1.0066734620591387,1.9102603460032865,101,2629.0,1.0066734620591387
30300.0,102,2779.0,19.992805755395683,1.7860459254164411,102,102,2779.0,0.04593580864309627,0.8597584657327996,1.7860459254164411,102,2779.0,0.8597584657327996
30305.0,105,2966.0,21.33812949640288,1.5836865332464334,105,105,2966.0,0.042304571846823485,0.7959889160476096,1.5836865332464334,105,2966.0,0.7959889160476096
30310.0,110,3206.0,23.573529411764707,1.387413003875533,110,110,3185.0,0.045922993882090125,0.815306683104409,1.387413003875533,110,3185.0,0.815306683104409
30315.0,112,3457.0,25.233576642335766,1.3343909790749162,112,112,3457.0,0.041659824510329624,0.7097137220016698,1.3343909790749162,112,3457.0,0.7097137220016698
30320.0,108,3601.0,26.284671532846716,1.46288370695459,108,108,3601.0,0.04531206171994917,0.8187446116085603,1.46288370695459,108,3601.0,0.8187446116085603
30325.0,105,3651.0,26.26618705035971,1.74216961539595,105,105,3618.0,0.056572720721076046,1.0215222379647297,1.74216961539595,105,3618.0,1.0215222379647297
30330.0,100,3704.0,26.64748201438849,1.9464576684277792,100,100,3704.0,0.06378843200379218,1.1749047181626986,1.9464576684277792,100,3704.0,1.1749047181626986
30335.0,96,3586.0,26.175182481751825,1.9402523826868792,96,96,3586.0,0.06005052225546712,1.1484087993730763,1.9402523826868792,96,3586.0,1.1484087993730763
30340.0,98,3497.0,25.71323529411765,1.6296239670336192,98,98,3419.0,0.05121995093655529,0.921604635463471,1.6296239670336192,98,3419.0,0.921604635463471
30345.0,99,3416.0,24.934306569343065,1.8245575955022557,99,99,3416.0,0.06456044973340226,1.1275037043770342,1.8245575955022557,99,3416.0,1.1275037043770342
30350.0,97,3299.0,23.564285714285713,1.77214825821104,97,97,3299.0,0.0571057856849671,1.0129839532956317,1.77214825821104,97,3299.0,1.0129839532956317
30355.0,99,3214.0,22.79432624113475,1.9054210414576054,99,99,3198.0,0.05540662744701047,1.008372829039186,1.9054210414576054,99,3198.0,1.008372829039186
30360.0,101,3141.0,22.435714285714287,1.9049839204703907,101,101,3141.0,0.05848062437755549,1.0329833803777622,1.9049839204703907,101,3141.0,1.0329833803777622
30365.0,98,2975.0,20.804195804195803,1.9440849360856371,98,98,2975.0,0.05265263258525144,0.9655285363492389,1.9440849360856371,98,2975.0,0.9655285363492389
30370.0,94,2726.0,19.062937062937063,2.1898159215316197,94,94,2698.0,0.06302117634563559,1.1345914357492841,2.1898159215316197,94,2698.0,1.1345914357492841
30375.0,89,2456.0,17.418439716312058,2.2838392103712217,89,89,2456.0,0.07665000069775674,1.4101113660742401,2.2838392103712217,89,2456.0,1.4101113660742401
30380.0,86,2077.0,14.73049645390071,2.3201028755244284,86,86,2077.0,0.07392056146857681,1.4060917996273132,2.3201028755244284,86,2077.0,1.4060917996273132
30385.0,84,1676.0,12.057553956834532,2.207238089722446,84,84,1648.0,0.07825337935815171,1.4321614398067553,2.207238089722446,84,1648.0,1.4321614398067553
30390.0,83,1391.0,9.935714285714285,2.473696675413762,83,83,1391.0,0.08866959822778234,1.5900535177020219,2.473696675413762,83,1391.0,1.5900535177020219
30395.0,85,1188.0,8.425531914893616,2.42521503758297,84,85,1187.0,0.08029786702546235,1.4929307437604957,2.42521503758297,84,1187.0,1.4929307437604957
30400.0,86,1174.0,8.267605633802816,2.1767087981691193,86,86,1161.0,0.0638276809932422,1.1956588234950059,2.1767087981691193,86,1161.0,1.1956588234950059
30405.0,88,1224.0,8.619718309859154,2.263278178790363,88,88,1224.0,0.06793730942329414,1.2565668046131833,2.263278178790363,88,1224.0,1.2565668046131833
30410.0,89,1242.0,8.685314685314685,2.0469423615223095,89,89,1242.0,0.05711535683875534,1.0455195877418137,2.0469423615223095,89,1242.0,1.0455195877418137
30415.0,85,1216.0,8.685714285714285,2.179722730648295,85,85,1203.0,0.06708088531610329,1.2374657615940092,2.179722730648295,85,1203.0,1.2374657615940092
30420.0,81,1168.0,8.402877697841726,2.414578581591075,81,81,1168.0,0.08039947016547945,1.4422471326778639,2.414578581591075,81,1168.0,1.4422471326778639
30425.0,77,995.0,7.056737588652482,2.410953923269057,77,77,995.0,0.07546665763164631,1.4194947200604204,2.410953923269057,77,995.0,1.4194947200604204
30430.0,77,948.0,6.820143884892087,2.5297597209134075,77,77,905.0,0.08519043188661905,1.5867285003278826,2.5297597209134075,77,905.0,1.5867285003278826
30435.0,82,1038.0,7.521739130434782,2.374732224984917,82,82,1038.0,0.08301878958391865,1.5188191543329472,2.374732224984917,82,1038.0,1.5188191543329472
30440.0,86,1065.0,7.661870503597123,2.1065841306539053,86,86,1065.0,0.07279982014869617,1.3358955461848228,2.1065841306539053,86,1065.0,1.3358955461848228
30445.0,86,1158.0,8.271428571428572,2.2063395150784344,86,86,1129.0,0.07278745494557726,1.3753436918937452,2.2063395150784344,86,1129.0,1.3753436918937452
30450.0,88,1276.0,9.049645390070921,2.2262917590890114,88,88,1276.0,0.076247197855937,1.3811328424905331,2.2262917590890114,88,1276.0,1.3811328424905331
30455.0,87,1236.0,8.82857142857143,2.187059264664749,87,87,1236.0,0.06851090826237927,1.2823929758179993,2.187059264664749,87,1236.0,1.2823929758179993
30460.0,90,1402.0,10.014285714285714,2.020314084471864,90,90,1290.0,0.0611084609876972,1.133127165545266,2.020314084471864,90,1290.0,1.133127165545266
30465.0,94,1625.0,11.52482269503546,2.112580199056864,94,94,1625.0,0.06271732556666086,1.1666084160743635,2.112580199056864,94,1625.0,1.1666084160743635
30470.0,97,1843.0,12.888111888111888,1.9943917549875951,97,97,1843.0,0.05561070593656105,1.025281523814979,1.9943917549875951,97,1843.0,1.025281523814979
30475.0,104,2193.0,15.335664335664335,1.9627923931025395,104,104,2166.0,0.050594008572009116,0.9401671983216847,1.9627923931025395,104,2166.0,0.9401671983216847
30480.0,109,2577.0,18.02097902097902,1.9540755751117298,109,109,2577.0,0.05142648317598725,0.893730775708779,1.9540755751117298,109,2577.0,0.893730775708779
30485.0,110,2970.0,20.482758620689655,1.8439512483236313,110,110,2970.0,0.036409550109716284,0.6656369236796096,1.8439512483236313,110,2970.0,0.6656369236796096
30490.0,110,3365.0,24.035714285714285,1.7591080500957925,110,110,3365.0,0.038212082041905196,0.7351584982766114,1.7591080500957925,110,3365.0,0.7351584982766114
30495.0,108,3635.0,25.964285714285715,1.6114337943683104,108,108,3635.0,0.03507867102466399,0.6751450255377611,1.6114337943683104,108,3635.0,0.6751450255377611
30500.0,104,3810.0,27.81021897810219,1.6877163250658425,104,104,3772.0,0.052250624980830676,0.9474246587328765,1.6877163250658425,104,3772.0,0.9474246587328765
30505.0,102,3999.0,29.404411764705884,1.6993129311249502,102,102,3999.0,0.06378816497521536,1.1373917646194065,1.6993129311249502,102,3999.0,1.1373917646194065
30510.0,102,4052.0,29.576642335766422,1.6755530074958311,102,102,4052.0,0.053276156773374994,0.9887906707057453,1.6755530074958311,102,4052.0,0.9887906707057453
30515.0,101,3936.0,28.52173913043478,1.8015929353856066,101,101,3853.0,0.05606824453971906,1.025763618912948,1.8015929353856066,101,3853.0,1.025763618912948
30520.0,100,3813.0,27.431654676258994,1.7777618312806258,100,100,3813.0,0.05962178941586173,1.0459790204316313,1.7777618312806258,100,3813.0,1.0459790204316313
30525.0,97,3678.0,26.46043165467626,1.9981519871221305,97,97,3678.0,0.06602289292875019,1.2057763385420803,1.9981519871221305,97,3678.0,1.2057763385420803
30530.0,95,3464.0,24.742857142857144,1.8879602489773935,95,95,3464.0,0.06098636460295779,1.1005819415657898,1.8879602489773935,95,3464.0,1.1005819415657898
30535.0,95,3312.0,23.65714285714286,2.0183325975002697,95,95,3282.0,0.0670464385437151,1.2276301133075855,2.0183325975002697,95,3282.0,1.2276301133075855
30540.0,95,3162.0,22.91304347826087,2.157071960204472,95,95,3162.0,0.07392966898273232,1.3435770703363024,2.157071960204472,95,3162.0,1.3435770703363024
30545.0,93,2905.0,20.602836879432623,2.143758197964997,93,93,2905.0,0.06029022955482081,1.1506836057286582,2.143758197964997,93,2905.0,1.1506836057286582
30550.0,89,2556.0,18.127659574468087,2.468774575624525,89,89,2523.0,0.07168014164528748,1.3591921937744977,2.468774575624525,89,2523.0,1.3591921937744977
30555.0,84,2188.0,15.408450704225352,2.6448985679291797,84,84,2188.0,0.08291302743484963,1.5403706849359213,2.6448985679291797,84,2188.0,1.5403706849359213
30560.0,82,1785.0,12.75,2.6818423220400405,82,82,1785.0,0.08206561228807617,1.5911327203732275,2.6818423220400405,82,1785.0,1.5911327203732275
30565.0,84,1448.0,10.125874125874127,2.74803583798183,84,84,1420.0,0.08375416247020016,1.5429544718094368,2.74803583798183,84,1420.0,1.5429544718094368
30570.0,83,1285.0,9.049295774647888,2.8349720098085256,83,83,1285.0,0.09391169537221868,1.6987698474862183,2.8349720098085256,83,1285.0,1.6987698474862183
30575.0,83,1310.0,9.492753623188406,2.645367917880761,83,83,1310.0,0.0873854719470549,1.6109464831614608,2.645367917880761,83,1310.0,1.6109464831614608
30580.0,90,1420.0,10.070921985815604,2.4244331776339596,90,90,1405.0,0.0670758102183795,1.2396986361277873,2.4244331776339596,90,1405.0,1.2396986361277873
30585.0,96,1563.0,11.085106382978724,2.3371097390809923,96,96,1563.0,0.05776204551582955,1.068977324652371,2.3371097390809923,96,1563.0,1.068977324652371
30590.0,93,1622.0,11.83941605839416,2.1230793111991932,93,93,1622.0,0.05119981381757114,0.9937442964136748,2.1230793111991932,93,1622.0,0.9937442964136748
30595.0,91,1608.0,11.823529411764707,2.086247900170573,91,91,1580.0,0.05749085277060912,1.1015824990011283,2.086247900170573,91,1580.0,1.1015824990011283
30600.0,86,1573.0,11.738805970149254,2.218263947853572,86,86,1573.0,0.07079747327187773,1.329706901833561,2.218263947853572,86,1573.0,1.329706901833561
30605.0,84,1415.0,10.481481481481481,2.152555524572686,84,84,1415.0,0.06833092951081303,1.299748065073407,2.152555524572686,84,1415.0,1.299748065073407
30610.0,85,1432.0,10.686567164179104,2.263251153900952,85,85,1353.0,0.07372780636439599,1.3834002478130587,2.263251153900952,85,1353.0,1.3834002478130587
30615.0,92,1577.0,11.510948905109489,2.0975981319884074,92,92,1577.0,0.06478968221177014,1.1894112903225862,2.0975981319884074,92,1577.0,1.1894112903225862
30620.0,95,1723.0,12.762962962962963,1.9758925978198503,95,95,1723.0,0.0575511435641163,1.135770535838538,1.9758925978198503,95,1723.0,1.135770535838538
30625.0,100,1828.0,13.246376811594203,1.9188316375108005,100,100,1785.0,0.056976483104860635,1.0698669805030836,1.9188316375108005,100,1785.0,1.0698669805030836
30630.0,97,1940.0,14.37037037037037,1.924415399349254,97,97,1940.0,0.06721391132406464,1.2092548851730056,1.924415399349254,97,1940.0,1.2092548851730056
30635.0,93,1947.0,14.639097744360901,1.9144381734362887,93,93,1947.0,0.06852460156824058,1.267484216136316,1.9144381734362887,93,1947.0,1.267484216136316
30640.0,93,2026.0,14.897058823529411,1.96816108670963,93,93,1989.0,0.06228772312955606,1.1707482106725469,1.96816108670963,93,1989.0,1.1707482106725469
30645.0,95,2121.0,15.71111111111111,1.9952619131934828,95,95,2121.0,0.06281380336652859,1.173160346324884,1.9952619131934828,95,2121.0,1.173160346324884
30650.0,92,2172.0,15.970588235294118,1.7460240441262422,92,92,2172.0,0.05233441195376317,0.9818419179953394,1.7460240441262422,92,2172.0,0.9818419179953394
30655.0,91,2274.0,16.844444444444445,1.9544941717841324,91,91,2261.0,0.05839392274567062,1.129786630586162,1.9544941717841324,91,2261.0,1.129786630586162
30660.0,91,2429.0,18.12686567164179,2.1050755145923925,91,91,2429.0,0.06830888640025808,1.2584799151909618,2.1050755145923925,91,2429.0,1.2584799151909618
30665.0,93,2578.0,18.681159420289855,1.9866925005790512,93,93,2578.0,0.05512634169330457,1.0360294054888712,1.9866925005790512,93,2578.0,1.0360294054888712
30670.0,93,2743.0,20.169117647058822,2.0886242375009285,93,93,2733.0,0.06378461002734662,1.1722780012383913,2.0886242375009285,93,2733.0,1.1722780012383913
30675.0,95,2925.0,21.0431654676259,2.0270747592542624,95,95,2925.0,0.06080713506950958,1.0780237405512987,2.0270747592542624,95,2925.0,1.0780237405512987
30680.0,94,3052.0,22.441176470588236,2.0440316837645196,94,94,3052.0,0.06207576285429972,1.1665740625927605,2.0440316837645196,94,3052.0,1.1665740625927605
30685.0,98,3076.0,22.1294964028777,2.134660543124472,98,98,3003.0,0.06272273610471253,1.1474036934954328,2.134660543124472,98,3003.0,1.1474036934954328
30690.0,95,3101.0,22.309352517985612,2.2682239657805447,95,95,3101.0,0.06688141080661324,1.2213503428596153,2.2682239657805447,95,3101.0,1.2213503428596153
30695.0,93,3069.0,22.401459854014597,2.2699529030038006,93,93,3069.0,0.06407918094692666,1.20986872027582,2.2699529030038006,93,3069.0,1.20986872027582
30700.0,94,3086.0,22.36231884057971,2.119279250273687,94,94,3039.0,0.05536086439551501,1.0258181462553972,2.119279250273687,94,3039.0,1.0258181462553972
30705.0,96,3123.0,23.30597014925373,1.9530992960079265,96,96,3123.0,0.053071323827205315,1.0277450174251097,1.9530992960079265,96,3123.0,1.0277450174251097
30710.0,99,3212.0,23.445255474452555,1.8025428074359486,99,99,3212.0,0.04250416177007936,0.7915899734075352,1.8025428074359486,99,3212.0,0.7915899734075352
30715.0,105,3351.0,25.007462686567163,1.6117763914169847,105,105,3335.0,0.042204669367609644,0.728247247997703,1.6117763914169847,105,3335.0,0.728247247997703
30720.0,106,3506.0,26.360902255639097,1.6539789678430743,106,106,3506.0,0.04868110535854354,0.8341492999599631,1.6539789678430743,106,3506.0,0.8341492999599631
30725.0,107,3662.0,27.533834586466167,1.4101333202455095,107,107,3662.0,0.037517570262673564,0.6720925973519817,1.4101333202455095,107,3662.0,0.6720925973519817
30730.0,104,3711.0,28.113636363636363,1.4940139923013933,104,104,3711.0,0.04446711902618467,0.8177518262920236,1.4940139923013933,104,3711.0,0.8177518262920236
30735.0,99,3666.0,27.35820895522388,1.7300763496563127,99,99,3633.0,0.05375360298056047,0.997831308093054,1.7300763496563127,99,3633.0,0.997831308093054
30740.0,96,3608.0,27.541984732824428,1.8053926228953,96,96,3608.0,0.0666337636914439,1.2312330018973956,1.8053926228953,96,3608.0,1.2312330018973956
30745.0,94,3478.0,26.150375939849624,1.8373578254463332,94,94,3478.0,0.06012219534397812,1.1541351493783607,1.8373578254463332,94,3478.0,1.1541351493783607
30750.0,94,3371.0,25.53787878787879,1.7960774571595364,94,94,3293.0,0.06070065734980852,1.1691473893035114,1.7960774571595364,94,3293.0,1.1691473893035114
30755.0,93,3265.0,24.734848484848484,1.95699028560427,93,93,3265.0,0.07214780621472293,1.3277222634863033,1.95699028560427,93,3265.0,1.3277222634863033
30760.0,93,3114.0,22.897058823529413,1.7303179341766617,93,93,3114.0,0.054582310173498655,1.0230776418265877,1.7303179341766617,93,3114.0,1.0230776418265877
30765.0,94,3007.0,22.110294117647058,1.94693568853039,94,94,2988.0,0.057636335372797526,1.0803711907482165,1.94693568853039,94,2988.0,1.0803711907482165
30770.0,95,2907.0,20.913669064748202,1.975691458744257,95,95,2907.0,0.058261811418147756,1.0628649843101257,1.975691458744257,95,2907.0,1.0628649843101257
30775.0,94,2720.0,20.0,1.933130797123988,94,94,2720.0,0.05572773896980202,1.0517527518780572,1.933130797123988,94,2720.0,1.0517527518780572
30780.0,89,2450.0,18.014705882352942,2.1315997090908914,89,89,2422.0,0.0626447698355954,1.1500460223314393,2.1315997090908914,89,2422.0,1.1500460223314393
30785.0,86,2162.0,15.666666666666666,2.286452437742037,86,86,2162.0,0.07481421760020754,1.342527207012151,2.286452437742037,86,2162.0,1.342527207012151
30790.0,81,1764.0,12.782608695652174,2.452637645456704,81,81,1764.0,0.07589765258665077,1.404093687691106,2.452637645456704,81,1764.0,1.404093687691106
30795.0,79,1350.0,9.642857142857142,2.570552908499885,79,79,1322.0,0.07577830589210438,1.3923846660731827,2.570552908499885,79,1322.0,1.3923846660731827
30800.0,79,1142.0,8.215827338129497,2.7709213904677017,79,79,1142.0,0.09064033312440892,1.6463179994065176,2.7709213904677017,79,1142.0,1.6463179994065176
30805.0,83,1152.0,8.470588235294118,2.420848775427905,83,83,1152.0,0.07977568866345311,1.5176333768022752,2.420848775427905,83,1152.0,1.5176333768022752
30810.0,88,1277.0,9.459259259259259,2.331659860939457,88,88,1259.0,0.07670799018358028,1.4813024596103301,2.331659860939457,88,1259.0,1.4813024596103301
30815.0,93,1435.0,10.62962962962963,2.207597818697564,93,93,1435.0,0.06928428656426788,1.292651488637453,2.207597818697564,93,1435.0,1.292651488637453
30820.0,92,1509.0,11.014598540145986,1.9944411797701114,92,92,1509.0,0.05219825616997133,0.9981893767502681,1.9944411797701114,92,1509.0,0.9981893767502681
30825.0,88,1507.0,11.246268656716419,2.1585749291007286,88,88,1479.0,0.06586045656829533,1.2525431433541458,2.1585749291007286,88,1479.0,1.2525431433541458
30830.0,84,1483.0,10.904411764705882,2.2093448490605563,84,84,1483.0,0.07026572965771297,1.248239855347467,2.2093448490605563,84,1483.0,1.248239855347467
30835.0,81,1359.0,10.14179104477612,2.2268120491442343,81,81,1359.0,0.06898200122274825,1.3031213985410708,2.2268120491442343,81,1359.0,1.3031213985410708
30840.0,77,1227.0,9.225563909774436,2.460277010646488,77,77,1199.0,0.08223226244458988,1.5175699928522246,2.460277010646488,77,1199.0,1.5175699928522246
30845.0,78,1170.0,8.540145985401459,2.604337362407701,78,78,1170.0,0.091089596543273,1.6502522861571274,2.604337362407701,78,1170.0,1.6502522861571274
30850.0,82,1230.0,9.11111111111111,2.423940464808464,82,82,1230.0,0.07626263995741765,1.4603536434289675,2.423940464808464,82,1230.0,1.4603536434289675
30855.0,88,1359.0,9.992647058823529,2.1935241106272474,88,88,1343.0,0.0617617825017577,1.1906748096100037,2.1935241106272474,88,1343.0,1.1906748096100037
30860.0,91,1511.0,11.446969696969697,2.0584955933696407,91,91,1511.0,0.06769435397749048,1.2745870995259663,2.0584955933696407,91,1511.0,1.2745870995259663
30865.0,92,1574.0,11.65925925925926,2.0527209417055796,92,92,1574.0,0.06186027976132313,1.2035010361495968,2.0527209417055796,92,1574.0,1.2035010361495968
30870.0,86,1560.0,11.555555555555555,2.2802095539774268,86,86,1532.0,0.07084535629273796,1.3420985879330605,2.2802095539774268,86,1532.0,1.3420985879330605
30875.0,82,1529.0,11.325925925925926,2.5910745834939783,82,82,1529.0,0.0833011396245104,1.576803827046599,2.5910745834939783,82,1529.0,1.576803827046599
30880.0,80,1392.0,10.08695652173913,2.4459597005805365,80,80,1392.0,0.06828487611015992,1.3052363600311305,2.4459597005805365,80,1392.0,1.3052363600311305
30885.0,78,1304.0,9.588235294117647,2.6969509877573437,78,78,1276.0,0.08082385396873072,1.510301321534505,2.6969509877573437,78,1276.0,1.510301321534505
30890.0,79,1273.0,9.5,2.5038374550278064,79,79,1273.0,0.07638873901109966,1.4160635593220297,2.5038374550278064,79,1273.0,1.4160635593220297
30895.0,82,1335.0,10.26923076923077,2.1298296713446265,82,82,1335.0,0.06638847928683034,1.2961813397186008,2.1298296713446265,82,1335.0,1.2961813397186008
30900.0,88,1461.0,11.238461538461538,2.0872028607164412,88,88,1438.0,0.05662309738173627,1.0993675405697552,2.0872028607164412,88,1438.0,1.0993675405697552
30905.0,90,1607.0,12.082706766917294,2.1247149375045895,90,90,1607.0,0.062428058739487084,1.1654290062268493,2.1247149375045895,90,1607.0,1.1654290062268493
30910.0,88,1482.0,11.227272727272727,2.165514461836991,88,88,1482.0,0.06112457553270015,1.1443759451336952,2.165514461836991,88,1482.0,1.1443759451336952
30915.0,89,1622.0,12.19548872180451,2.196266115142073,89,89,1476.0,0.05771304123736601,1.0790142450142444,2.196266115142073,89,1476.0,1.0790142450142444
30920.0,90,1771.0,13.51908396946565,2.172617187133713,90,90,1771.0,0.06871402464087925,1.2531827289320832,2.172617187133713,90,1771.0,1.2531827289320832
30925.0,93,1936.0,14.556390977443609,2.121435537743861,93,93,1936.0,0.06758432645852146,1.245264759714139,2.121435537743861,93,1936.0,1.245264759714139
30930.0,94,2242.0,17.114503816793892,2.126999310454656,94,94,2236.0,0.06785017531012906,1.2859045740047281,2.126999310454656,94,2236.0,1.2859045740047281
30935.0,101,2657.0,20.43846153846154,1.904179480514041,101,101,2657.0,0.05358705669902065,1.025606629598117,1.904179480514041,101,2657.0,1.025606629598117
30940.0,106,3000.0,22.900763358778626,1.432215749453776,106,106,3000.0,0.028642545068314342,0.5464158776714452,1.432215749453776,106,3000.0,0.5464158776714452
30945.0,106,3230.0,24.65648854961832,1.6255191389606798,106,106,3172.0,0.03656009458021869,0.6643798607222859,1.6255191389606798,106,3172.0,0.6643798607222859
30950.0,103,3447.0,26.515384615384615,1.6430281523524164,103,103,3447.0,0.044985665919167715,0.8129972256294195,1.6430281523524164,103,3447.0,0.8129972256294195
30955.0,100,3468.0,27.09375,1.4081767874427027,100,100,3468.0,0.039241746462815585,0.7404799232288755,1.4081767874427027,100,3468.0,0.7404799232288755
30960.0,95,3349.0,26.1640625,1.6727284304484664,95,95,3291.0,0.04923497766553196,0.9079785658180904,1.6727284304484664,95,3291.0,0.9079785658180904
30965.0,91,3211.0,24.325757575757574,2.045830598790185,91,91,3211.0,0.0641458968204745,1.1730904659937165,2.045830598790185,91,3211.0,1.1730904659937165
30970.0,87,3031.0,23.315384615384616,2.1125133749061638,87,87,3031.0,0.06589516517567848,1.2650233409935725,2.1125133749061638,87,3031.0,1.2650233409935725
30975.0,89,2876.0,21.954198473282442,2.0016823081889643,89,89,2862.0,0.058594773795771465,1.1261568398748336,2.0016823081889643,89,2862.0,1.1261568398748336
30980.0,90,2725.0,20.801526717557252,2.160253699444808,90,90,2725.0,0.07048315512292057,1.3051921621976645,2.160253699444808,90,2725.0,1.3051921621976645
30985.0,91,2483.0,18.529850746268657,2.2426238858946275,91,91,2483.0,0.06517548588594599,1.2759466260463126,2.2426238858946275,91,2483.0,1.2759466260463126
30990.0,85,2162.0,16.37878787878788,2.3285321068057896,85,85,2134.0,0.07242076945374763,1.3867448724056033,2.3285321068057896,85,2134.0,1.3867448724056033
30995.0,81,1826.0,13.833333333333334,2.5547749437993525,81,81,1826.0,0.08629241980078683,1.5573041844340794,2.5547749437993525,81,1826.0,1.5573041844340794
31000.0,79,1447.0,10.8796992481203,2.2849821968956276,79,79,1447.0,0.06966523439685862,1.2877013998554705,2.2849821968956276,79,1447.0,1.2877013998554705
31005.0,77,1204.0,9.19083969465649,2.500941934253274,77,77,1176.0,0.08084459915021137,1.4883671997391168,2.500941934253274,77,1176.0,1.4883671997391168
31010.0,77,1139.0,8.694656488549619,2.384127921107678,77,77,1139.0,0.0795268725753431,1.4387746452471808,2.384127921107678,77,1139.0,1.4387746452471808
31015.0,82,1153.0,8.86923076923077,2.2311348557236856,82,82,1153.0,0.0715497931885379,1.3345992460196272,2.2311348557236856,82,1153.0,1.3345992460196272
31020.0,88,1279.0,9.838461538461539,2.1696495302919137,88,88,1208.0,0.06336974478808448,1.1527362369633398,2.1696495302919137,88,1208.0,1.1527362369633398
31025.0,90,1425.0,10.714285714285714,2.103908717602442,90,90,1425.0,0.05823060084643655,1.1085758885366326,2.103908717602442,90,1425.0,1.1085758885366326
31030.0,88,1486.0,11.430769230769231,2.0221360493691978,88,88,1486.0,0.055181890541348914,1.0763813801032796,2.0221360493691978,88,1486.0,1.0763813801032796
31035.0,88,1621.0,12.280303030303031,2.072097902431327,88,88,1584.0,0.06426238569412375,1.1869299719887938,2.072097902431327,88,1584.0,1.1869299719887938
31040.0,89,1765.0,13.473282442748092,2.222516713354673,89,89,1765.0,0.07344855438236077,1.3549193848082488,2.222516713354673,89,1765.0,1.3549193848082488
31045.0,90,1795.0,13.598484848484848,2.1411717952786686,90,90,1795.0,0.07147879768075907,1.3545824204364654,2.1411717952786686,90,1795.0,1.3545824204364654
31050.0,88,1851.0,14.238461538461538,2.105410065229364,88,88,1808.0,0.06907682721312895,1.2937403771749205,2.105410065229364,88,1808.0,1.2937403771749205
31055.0,89,1988.0,15.292307692307693,2.286715202636263,89,89,1988.0,0.07681649550759699,1.3912051689927178,2.286715202636263,89,1988.0,1.3912051689927178
31060.0,94,2211.0,16.62406015037594,1.9375092216072947,94,94,2211.0,0.0473639616286136,0.8853289746641717,1.9375092216072947,94,2211.0,0.8853289746641717
31065.0,99,2471.0,19.00769230769231,1.804718214702031,99,99,2464.0,0.041975872747785,0.7941946635479894,1.804718214702031,99,2464.0,0.7941946635479894
31070.0,100,2743.0,20.938931297709924,1.7772260944822138,100,100,2743.0,0.046108739387379354,0.8746154214867696,1.7772260944822138,100,2743.0,0.8746154214867696
31075.0,101,3020.0,23.410852713178294,1.6177546897013606,101,101,3020.0,0.04519610858349667,0.8367017487851113,1.6177546897013606,101,3020.0,0.8367017487851113
31080.0,99,3235.0,25.07751937984496,1.7062284346672258,99,99,3235.0,0.03748158275602884,0.7565806941795105,1.7062284346672258,99,3235.0,0.7565806941795105
31085.0,96,3393.0,25.51127819548872,1.8369490534974642,96,96,3375.0,0.04624950434903739,0.8861374394909556,1.8369490534974642,96,3375.0,0.8861374394909556
31090.0,91,3533.0,26.96946564885496,2.0892710358387667,91,91,3533.0,0.06693656177186239,1.2362599461075474,2.0892710358387667,91,3533.0,1.2362599461075474
31095.0,88,3414.0,25.669172932330827,2.0258860824228933,88,88,3414.0,0.05675438969187948,1.1199771400915466,2.0258860824228933,88,3414.0,1.1199771400915466
31100.0,84,3118.0,23.44360902255639,2.4257097199973194,84,84,3040.0,0.07015973890732043,1.3924979454792508,2.4257097199973194,84,3040.0,1.3924979454792508
31105.0,83,2866.0,21.71212121212121,2.396013537458303,83,83,2866.0,0.0812818664459157,1.5313108596902567,2.396013537458303,83,2866.0,1.5313108596902567
31110.0,81,2723.0,20.946153846153845,2.3616672645732852,81,81,2723.0,0.07992466512170175,1.5527403991881612,2.3616672645732852,81,2723.0,1.5527403991881612
31115.0,86,2643.0,20.6484375,2.186041286307534,86,86,2621.0,0.0703401944003503,1.3278047540111446,2.186041286307534,86,2621.0,1.3278047540111446
31120.0,90,2586.0,19.892307692307693,1.962025940847126,90,90,2586.0,0.06341569685004374,1.123820614972411,1.962025940847126,90,2586.0,1.123820614972411
31125.0,87,2440.0,18.76923076923077,2.1321497512525185,87,87,2440.0,0.06184131713955874,1.1648570420823647,2.1321497512525185,87,2440.0,1.1648570420823647
31130.0,83,2212.0,16.757575757575758,2.19587086062818,83,83,2184.0,0.061303352284123806,1.150599064019317,2.19587086062818,83,2184.0,1.150599064019317
31135.0,80,1970.0,15.038167938931299,2.4583447741855555,80,80,1970.0,0.07886252091081837,1.4517714578482788,2.4583447741855555,80,1970.0,1.4517714578482788
31140.0,77,1670.0,12.846153846153847,2.5005606663702573,77,77,1670.0,0.07494474105471163,1.433262553388781,2.5005606663702573,77,1670.0,1.433262553388781
31145.0,80,1361.0,10.389312977099237,2.3594336655906805,80,80,1333.0,0.07274369695432957,1.3327491481267553,2.3594336655906805,80,1333.0,1.3327491481267553
31150.0,78,1198.0,9.145038167938932,2.6548515107575907,78,78,1198.0,0.08760338664987206,1.590662152026547,2.6548515107575907,78,1198.0,1.590662152026547
31155.0,78,1221.0,9.25,2.4452834368842242,78,78,1221.0,0.07108925188312011,1.312748549674322,2.4452834368842242,78,1221.0,1.312748549674322
31160.0,83,1326.0,10.2,2.3836884984529747,83,83,1307.0,0.07346506638664532,1.316263064696324,2.3836884984529747,83,1307.0,1.316263064696324
31165.0,88,1453.0,11.176923076923076,2.337590291805973,88,88,1453.0,0.07392913349296154,1.3450818049601763,2.337590291805973,88,1453.0,1.3450818049601763
31170.0,86,1495.0,11.6796875,2.050326973997566,86,86,1495.0,0.0571794400447773,1.127330383906292,2.050326973997566,86,1495.0,1.127330383906292
31175.0,81,1460.0,11.40625,2.38875463091511,81,81,1432.0,0.07470644062282444,1.4442531324377597,2.38875463091511,81,1432.0,1.4442531324377597
31180.0,78,1410.0,10.846153846153847,2.4442152661812235,78,78,1410.0,0.08148249444485278,1.5327455867845883,2.4442152661812235,78,1410.0,1.5327455867845883
31185.0,78,1389.0,10.8515625,2.360608773303049,78,78,1389.0,0.07507497311478727,1.4577666890631478,2.360608773303049,78,1389.0,1.4577666890631478
31190.0,78,1329.0,10.145038167938932,2.437439561747585,78,78,1301.0,0.07300253516926614,1.4198642444424447,2.437439561747585,78,1301.0,1.4198642444424447
31195.0,77,1293.0,10.1015625,2.457917079769551,77,77,1293.0,0.08396127820041988,1.5380191813293234,2.457917079769551,77,1293.0,1.5380191813293234
31200.0,77,1321.0,10.401574803149606,2.4122263834852253,77,77,1321.0,0.07596365055246086,1.420274773164209,2.4122263834852253,77,1321.0,1.420274773164209
31205.0,83,1423.0,10.86259541984733,2.305307890047889,83,83,1397.0,0.06503282730623951,1.2102563690633468,2.305307890047889,83,1397.0,1.2102563690633468
31210.0,85,1547.0,12.0859375,2.357908544467152,85,85,1547.0,0.07436766485645342,1.3881818076598322,2.357908544467152,85,1547.0,1.3881818076598322
31215.0,85,1578.0,12.328125,2.156847425284199,85,85,1578.0,0.05741821907218742,1.1412150666442697,2.156847425284199,85,1578.0,1.1412150666442697
31220.0,80,1537.0,12.0078125,2.3976343322643756,80,80,1509.0,0.07190373884169092,1.4087069918547217,2.3976343322643756,80,1509.0,1.4087069918547217
31225.0,78,1502.0,11.553846153846154,2.534295579649164,78,78,1502.0,0.08540324471970548,1.6052539993079589,2.534295579649164,78,1502.0,1.6052539993079589
31230.0,76,1582.0,12.263565891472869,2.7399703285433508,76,76,1582.0,0.09143247951334264,1.7264131480015803,2.7399703285433508,76,1582.0,1.7264131480015803
31235.0,77,1667.0,13.23015873015873,2.839943163229753,77,77,1667.0,0.10604927523112564,1.8497760145346493,2.839943163229753,77,1667.0,1.8497760145346493
31240.0,76,1808.0,14.125,2.749922497910523,76,76,1808.0,0.09251172943520514,1.6435424982134188,2.749922497910523,76,1808.0,1.6435424982134188
31245.0,78,2044.0,15.96875,2.94594138585689,78,78,2044.0,0.10515761739307275,1.8616833159243797,2.94594138585689,78,2044.0,1.8616833159243797
31250.0,80,2135.0,16.6796875,2.698617514503498,78,80,2132.0,0.0880354336020046,1.6590668917783797,2.698617514503498,78,2132.0,1.6590668917783797
31255.0,76,2115.0,16.653543307086615,2.7751630614977207,76,76,2067.0,0.0933204816685124,1.7513016010288458,2.7751630614977207,76,2067.0,1.7513016010288458
31260.0,72,2081.0,16.385826771653544,3.205874120100139,71,72,2080.0,0.11044794326390885,2.0507181387894198,3.205874120100139,71,2080.0,2.0507181387894198
31265.0,70,1916.0,14.852713178294573,3.0985897039721593,69,70,1915.0,0.10030447564712414,1.9241530242787777,3.0985897039721593,69,1915.0,1.9241530242787777
31270.0,68,1908.0,15.264,3.1014020807272895,68,68,1862.0,0.10728015143404619,2.0805515132296435,3.1014020807272895,68,1862.0,2.0805515132296435
31275.0,73,2013.0,16.104,3.045662370582632,73,73,2013.0,0.10892836375557173,2.0660150375511304,3.045662370582632,73,2013.0,2.0660150375511304
31280.0,79,2147.0,17.176,3.016425883442157,79,79,2147.0,0.1021621757512025,1.8580902922576827,3.016425883442157,79,2147.0,1.8580902922576827
31285.0,87,2307.0,18.165354330708663,2.6806314571442353,87,87,2307.0,0.0763726570755459,1.406412912157745,2.6806314571442353,87,2307.0,1.406412912157745
31290.0,86,2412.0,19.296,2.477432871546076,86,86,2412.0,0.058162093745078636,1.1278163274462152,2.477432871546076,86,2412.0,1.1278163274462152
31295.0,81,2452.0,19.616,2.6473253586181107,81,81,2429.0,0.0691394005305694,1.2319227381274946,2.6473253586181107,81,2429.0,1.2319227381274946
31300.0,80,2479.0,19.519685039370078,2.676286799580846,80,80,2479.0,0.07251208812554795,1.268901847802585,2.676286799580846,80,2479.0,1.268901847802585
31305.0,75,2607.0,21.024193548387096,2.9214658387093366,75,75,2607.0,0.08492304798360457,1.5493157980997052,2.9214658387093366,75,2607.0,1.5493157980997052
31310.0,77,2295.0,18.508064516129032,2.6392540712553743,77,77,2295.0,0.07463928373767319,1.3996862215113253,2.6392540712553743,77,2295.0,1.3996862215113253
31315.0,80,2473.0,20.270491803278688,2.5780474625234238,80,80,2227.0,0.07298713941140848,1.3672062840043184,2.5780474625234238,80,2227.0,1.3672062840043184
31320.0,82,2755.0,22.958333333333332,2.539175993568691,82,82,2755.0,0.06909564492324669,1.2765323835175766,2.539175993568691,82,2755.0,1.2765323835175766
31325.0,81,2969.0,24.949579831932773,2.2130445584440004,81,81,2969.0,0.06490365164933641,1.19969014916237,2.2130445584440004,81,2969.0,1.19969014916237
31330.0,81,3241.0,27.466101694915253,2.3946960268482607,81,81,3210.0,0.07059483548346929,1.2917301272753248,2.3946960268482607,81,3210.0,1.2917301272753248
31335.0,81,3521.0,29.341666666666665,2.518235503948452,81,81,3521.0,0.07909094775401322,1.3815420084868797,2.518235503948452,81,3521.0,1.3815420084868797
31340.0,82,3802.0,31.949579831932773,2.506869837016221,82,82,3802.0,0.07402853117961695,1.3113203079748834,2.506869837016221,82,3802.0,1.3113203079748834
31345.0,88,4174.0,34.21311475409836,2.624270888832652,88,88,4174.0,0.0720376261117841,1.316076406634796,2.624270888832652,88,4174.0,1.316076406634796
31350.0,87,4305.0,35.578512396694215,2.47000917242422,87,87,4305.0,0.06198239626020134,1.1611567663320943,2.47000917242422,87,4305.0,1.1611567663320943
31355.0,88,4238.0,35.02479338842975,2.4136215061623965,88,88,4139.0,0.05766511588928095,1.0497133175984341,2.4136215061623965,88,4139.0,1.0497133175984341
31360.0,84,4163.0,34.69166666666667,2.4219809607497846,84,84,4163.0,0.06504437522255076,1.1419637133866012,2.4219809607497846,84,4163.0,1.1419637133866012
31365.0,83,3911.0,32.865546218487395,2.1912604635260724,83,83,3911.0,0.051176115291254785,0.959143515114683,2.1912604635260724,83,3911.0,0.959143515114683
31370.0,78,3531.0,30.17948717948718,2.0488656933539713,78,78,3478.0,0.05866550253340375,1.0907511104812428,2.0488656933539713,78,3478.0,1.0907511104812428
31375.0,74,3131.0,27.22608695652174,2.3046942193430118,74,74,3131.0,0.07270781022589955,1.3551629363829205,2.3046942193430118,74,3131.0,1.3551629363829205
31380.0,71,2716.0,23.617391304347827,2.653615808077177,71,71,2716.0,0.08105036502565277,1.520552544262477,2.653615808077177,71,2716.0,1.520552544262477
31385.0,67,2279.0,19.478632478632477,2.90213065070048,67,67,2279.0,0.09927233064104464,1.8405461933968745,2.90213065070048,67,2279.0,1.8405461933968745
31390.0,63,1778.0,15.460869565217392,2.836274122656949,63,63,1778.0,0.09920851062844434,1.9203318589946834,2.836274122656949,63,1778.0,1.9203318589946834
31395.0,63,1504.0,12.854700854700855,3.063333339457141,63,63,1479.0,0.1109967512532654,2.0980442837502356,3.063333339457141,63,1479.0,2.0980442837502356
31400.0,65,1485.0,12.801724137931034,3.122430184824357,65,65,1485.0,0.11637087829629737,2.0922618656294154,3.122430184824357,65,1485.0,2.0922618656294154
31405.0,74,1555.0,13.067226890756302,3.1118956995995095,74,74,1555.0,0.09368199225561058,1.7238843543783238,3.1118956995995095,74,1555.0,1.7238843543783238
31410.0,73,1509.0,13.008620689655173,2.9455787462981817,73,73,1509.0,0.08866212489851953,1.6300582418211669,2.9455787462981817,73,1509.0,1.6300582418211669
31415.0,69,1456.0,12.551724137931034,3.223520601751127,69,69,1413.0,0.10137897273367472,1.8243699882469224,3.223520601751127,69,1413.0,1.8243699882469224
31420.0,70,1568.0,13.288135593220339,3.2001395641681323,70,70,1568.0,0.1035087979018465,1.8230273627071851,3.2001395641681323,70,1568.0,1.8230273627071851
31425.0,73,1694.0,14.730434782608695,2.8898828058510992,73,73,1694.0,0.08103417273858411,1.517751095716826,2.8898828058510992,73,1694.0,1.517751095716826
31430.0,78,1849.0,16.078260869565216,2.463138133789652,78,78,1848.0,0.05857014815934281,1.0839632040508531,2.463138133789652,78,1848.0,1.0839632040508531
31435.0,80,2023.0,17.74561403508772,2.3709842486622623,80,80,2023.0,0.059441123304894,1.1017944229175727,2.3709842486622623,80,2023.0,1.1017944229175727
31440.0,82,2205.0,19.6875,2.2122376012822085,82,82,2205.0,0.057196914416821204,1.039612901752843,2.2122376012822085,82,2205.0,1.039612901752843
31445.0,82,2390.0,20.964912280701753,2.068856532379287,82,82,2390.0,0.053523056630499076,0.9867793314807927,2.068856532379287,82,2390.0,0.9867793314807927
31450.0,84,2579.0,23.234234234234233,1.8548196513968243,84,84,2579.0,0.05261583497287749,0.9527493314807919,1.8548196513968243,84,2579.0,0.9527493314807919
31455.0,84,2777.0,24.575221238938052,1.9337208279337037,84,84,2777.0,0.06095029660388331,1.1253815988252134,1.9337208279337037,84,2777.0,1.1253815988252134
31460.0,83,3027.0,27.27027027027027,1.8049254660601681,83,83,3027.0,0.06333007079521952,1.130824062397944,1.8049254660601681,83,3027.0,1.130824062397944
31465.0,87,3271.0,28.69298245614035,1.9398694045538472,87,87,3238.0,0.0666118706587439,1.1965804954895947,1.9398694045538472,87,3238.0,1.1965804954895947
31470.0,83,3515.0,31.106194690265486,2.219608316825311,83,83,3515.0,0.08305411174938127,1.4923149495705623,2.219608316825311,83,3515.0,1.4923149495705623
31475.0,83,3751.0,33.792792792792795,1.814683920335927,83,83,3751.0,0.06037602327212619,1.1314784142592895,1.814683920335927,83,3751.0,1.1314784142592895
31480.0,84,3994.0,35.34513274336283,1.7228690866327123,84,84,3994.0,0.05430224582741224,1.0018589619658564,1.7228690866327123,84,3994.0,1.0018589619658564
31485.0,86,4241.0,38.554545454545455,1.5664164702568488,86,86,4241.0,0.04830792305037015,0.9069414849916736,1.5664164702568488,86,4241.0,0.9069414849916736
31490.0,86,4496.0,39.78761061946903,1.6774382476170706,86,86,4496.0,0.05400204083947709,1.035924775333302,1.6774382476170706,86,4496.0,1.035924775333302
31495.0,83,4433.0,39.580357142857146,1.6197204416495405,83,83,4433.0,0.0471771299488575,0.9154810778514355,1.6197204416495405,83,4433.0,0.9154810778514355
31500.0,80,4148.0,37.035714285714285,1.895907104944456,80,80,4046.0,0.06217690795554023,1.1641525261046375,1.895907104944456,80,4046.0,1.1641525261046375
31505.0,76,3843.0,33.12931034482759,2.2353640188191752,76,76,3843.0,0.08089975460157393,1.4619626218201225,2.2353640188191752,76,3843.0,1.4619626218201225
31510.0,75,3560.0,30.689655172413794,2.3096129326975716,75,75,3560.0,0.07980499613054803,1.4522769947240535,2.3096129326975716,75,3560.0,1.4522769947240535
31515.0,77,3242.0,27.70940170940171,2.067235634484228,77,77,3209.0,0.06418767309925799,1.1944975350189382,2.067235634484228,77,3209.0,1.1944975350189382
31520.0,76,2926.0,25.00854700854701,2.233058323620087,76,76,2926.0,0.0711983317199055,1.3226481760445692,2.233058323620087,76,2926.0,1.3226481760445692
31525.0,77,2572.0,21.796610169491526,2.1744965620783363,77,77,2572.0,0.07264413272254798,1.352614484507192,2.1744965620783363,77,2572.0,1.352614484507192
31530.0,74,2242.0,19.32758620689655,2.1567430932926,74,74,2225.0,0.07401300773025846,1.4133649673397763,2.1567430932926,74,2225.0,1.4133649673397763
31535.0,76,1919.0,16.54310344827586,2.167340199611462,76,76,1919.0,0.07100784678078743,1.3175439307369854,2.167340199611462,76,1919.0,1.3175439307369854
31540.0,77,1689.0,14.193277310924369,2.1233169397104814,77,77,1689.0,0.06753850084307571,1.207258667196474,2.1233169397104814,77,1689.0,1.207258667196474
31545.0,79,1724.0,14.735042735042734,2.0054023076102827,79,79,1724.0,0.0587375710564018,1.123810852006263,2.0054023076102827,79,1724.0,1.123810852006263
31550.0,81,1861.0,15.771186440677965,1.8956327340729682,81,81,1861.0,0.05424187675897848,1.0320897279309147,1.8956327340729682,81,1861.0,1.0320897279309147
31555.0,81,1971.0,16.703389830508474,1.886552854142309,81,81,1947.0,0.05404451497535018,0.9939955321508644,1.886552854142309,81,1947.0,0.9939955321508644
31560.0,82,2234.0,18.93220338983051,2.0882809233065367,82,82,2234.0,0.06555292259429579,1.1895886799101245,2.0882809233065367,82,2234.0,1.1895886799101245
31565.0,82,2346.0,19.88135593220339,1.8885272041990324,82,82,2346.0,0.061109793911625625,1.142432379155161,1.8885272041990324,82,2346.0,1.142432379155161
31570.0,82,2351.0,20.094017094017094,1.9902584122864444,82,82,2298.0,0.061906763569182115,1.1627801821115422,1.9902584122864444,82,2298.0,1.1627801821115422
31575.0,77,2341.0,19.838983050847457,2.3430465464157604,77,77,2341.0,0.08192187962697667,1.5178867374005895,2.3430465464157604,77,2341.0,1.5178867374005895
31580.0,74,2312.0,19.593220338983052,2.6286679685941508,74,74,2312.0,0.08780513987769314,1.6217624986509234,2.6286679685941508,74,2312.0,1.6217624986509234
31585.0,72,1773.0,14.899159663865547,2.643677262010378,72,72,1773.0,0.09014889977245294,1.6421041426063818,2.643677262010378,72,1773.0,1.6421041426063818
31590.0,70,1670.0,14.033613445378151,2.7545823311987756,70,70,1450.0,0.10094992309198403,1.7524640294148055,2.7545823311987756,70,1450.0,1.7524640294148055
31595.0,72,1625.0,13.88888888888889,2.877002993830203,72,72,1625.0,0.10572893131633035,1.8470263967653675,2.877002993830203,72,1625.0,1.8470263967653675
31600.0,73,1586.0,13.216666666666667,2.737604551856438,73,73,1586.0,0.0821974317123569,1.5088820217077037,2.737604551856438,73,1586.0,1.5088820217077037
31605.0,78,1674.0,14.186440677966102,2.6309268966700885,78,78,1630.0,0.0764281262372635,1.384885757214175,2.6309268966700885,78,1630.0,1.384885757214175
31610.0,81,1801.0,15.008333333333333,2.581754223247863,81,81,1801.0,0.07486767684942748,1.3630818867423335,2.581754223247863,81,1801.0,1.3630818867423335
31615.0,82,1996.0,16.915254237288135,2.447055242506963,82,82,1996.0,0.07121321263694766,1.3053726555102183,2.447055242506963,82,1996.0,1.3053726555102183
31620.0,85,2377.0,20.316239316239315,2.416561275591503,85,85,2377.0,0.061682460616584105,1.1659883914586715,2.416561275591503,85,2377.0,1.1659883914586715
31625.0,91,2819.0,23.491666666666667,2.203287039320976,91,91,2803.0,0.04949036894555398,0.9605009159533785,2.203287039320976,91,2803.0,0.9605009159533785
31630.0,97,3291.0,27.889830508474578,1.8140087523275898,97,97,3291.0,0.036259371230082264,0.6681291210815741,1.8140087523275898,97,3291.0,0.6681291210815741
31635.0,96,3764.0,31.89830508474576,1.735734998128486,96,96,3764.0,0.03532269123792317,0.6704471517655399,1.735734998128486,96,3764.0,0.6704471517655399
31640.0,96,4244.0,36.27350427350427,1.6150939981875345,96,96,4237.0,0.04198115035933564,0.7437084368105403,1.6150939981875345,96,4237.0,0.7437084368105403
31645.0,100,4734.0,40.11864406779661,1.5899377119398028,100,100,4734.0,0.049010933893456954,0.8148794596642299,1.5899377119398028,100,4734.0,0.8148794596642299
31650.0,95,5023.0,43.30172413793103,1.4906249234602662,95,95,5023.0,0.04463221216119562,0.8045829528055879,1.4906249234602662,95,5023.0,0.8045829528055879
31655.0,92,5166.0,44.92173913043478,1.6408545131066137,92,92,5103.0,0.05151687255658514,0.9241234676299045,1.6408545131066137,92,5103.0,0.9241234676299045
31660.0,88,5287.0,45.18803418803419,1.8594064477661505,88,88,5287.0,0.0651978577353326,1.135222691024965,1.8594064477661505,88,5287.0,1.135222691024965
31665.0,88,5393.0,46.0940170940171,1.831628939963089,88,88,5393.0,0.05747151078162222,0.997572296049547,1.831628939963089,88,5393.0,0.997572296049547
31670.0,89,5508.0,47.07692307692308,1.8375848258015421,89,89,5507.0,0.05889971646056961,1.0573074593385694,1.8375848258015421,89,5507.0,1.0573074593385694
31675.0,90,5625.0,48.491379310344826,1.6573048541971571,90,90,5625.0,0.05193676981522114,0.9056419899828095,1.6573048541971571,90,5625.0,0.9056419899828095
31680.0,89,5732.0,49.84347826086957,1.7506168071784585,89,89,5732.0,0.05441355523892119,0.9983613833327573,1.7506168071784585,89,5732.0,0.9983613833327573
31685.0,90,5854.0,49.19327731092437,1.726116791036588,90,90,5841.0,0.049636379588585786,0.9185927281445557,1.726116791036588,90,5841.0,0.9185927281445557
31690.0,92,5986.0,50.728813559322035,1.6998428290792056,92,92,5986.0,0.051394318505391993,0.9535346241690177,1.6998428290792056,92,5986.0,0.9535346241690177
31695.0,91,6109.0,50.90833333333333,1.725324961318061,91,91,6109.0,0.05142861054127037,0.9974939904396866,1.725324961318061,91,6109.0,0.9974939904396866
31700.0,93,6400.0,53.78151260504202,1.6682348696900136,93,93,6393.0,0.054047433867263545,1.0385476252626915,1.6682348696900136,93,6393.0,1.0385476252626915
31705.0,100,6872.0,56.79338842975206,1.5909064420779835,100,100,6872.0,0.05831418813676425,1.0581250553948225,1.5909064420779835,100,6872.0,1.0581250553948225
31710.0,100,7233.0,59.77685950413223,1.485503685953355,100,100,7233.0,0.041919887893649366,0.8092930185516708,1.485503685953355,100,7233.0,0.8092930185516708
31715.0,97,7501.0,63.567796610169495,1.504073771612252,97,97,7458.0,0.049595485573798885,0.9149573227457647,1.504073771612252,97,7458.0,0.9149573227457647
31720.0,94,7750.0,65.12605042016807,1.431875589568339,94,94,7750.0,0.0541093274385873,0.9233977904357255,1.431875589568339,94,7750.0,0.9233977904357255
31725.0,91,7507.0,63.61864406779661,1.4757528726589393,91,91,7507.0,0.05424363619457606,0.9638592884206492,1.4757528726589393,91,7507.0,0.9638592884206492
31730.0,87,6923.0,57.21487603305785,1.5306870778901005,87,87,6765.0,0.04734760296694832,0.8730113494865798,1.5306870778901005,87,6765.0,0.8730113494865798
31735.0,84,6322.0,52.247933884297524,1.7794236777305081,84,84,6322.0,0.05679428388427869,1.080248579933286,1.7794236777305081,84,6322.0,1.080248579933286
31740.0,80,5702.0,47.12396694214876,2.10336432771268,80,80,5702.0,0.06928599339414031,1.3031837070820893,2.10336432771268,80,5702.0,1.3031837070820893
31745.0,77,5003.0,40.346774193548384,2.050862577139508,77,77,5003.0,0.06660161677551946,1.2760875027428864,2.050862577139508,77,5003.0,1.2760875027428864
31750.0,73,4247.0,34.25,2.4519865959362193,73,73,4229.0,0.08795487158012458,1.5556383015591893,2.4519865959362193,73,4229.0,1.5556383015591893
31755.0,70,3469.0,27.53174603174603,2.6719180699271528,70,70,3469.0,0.09455239480519137,1.670860363187027,2.6719180699271528,70,3469.0,1.670860363187027
31760.0,66,2659.0,21.443548387096776,2.676737830074067,66,66,2659.0,0.09410414402784764,1.719350422233831,2.676737830074067,66,2659.0,1.719350422233831
31765.0,72,2080.0,16.37795275590551,2.695884217318818,72,72,2043.0,0.0935095729159061,1.6990081420709247,2.695884217318818,72,2043.0,1.6990081420709247
31770.0,75,1568.0,12.444444444444445,2.6443039901380803,75,75,1568.0,0.08779614419665523,1.5921488413296423,2.6443039901380803,75,1568.0,1.5921488413296423
31775.0,76,1244.0,10.113821138211382,2.4985086060904598,76,76,1244.0,0.07996355543163174,1.4854274090327315,2.4985086060904598,76,1244.0,1.4854274090327315
31780.0,78,1238.0,9.904,2.293858484768522,78,78,1186.0,0.0633375060335298,1.1831427286372833,2.293858484768522,78,1186.0,1.1831427286372833
31785.0,81,1480.0,11.84,2.3507515949640982,81,81,1480.0,0.06440329882129109,1.200278989601844,2.3507515949640982,81,1480.0,1.200278989601844
31790.0,82,1653.0,13.015748031496063,2.27105698301974,82,82,1653.0,0.06030353289210308,1.1288518342480724,2.27105698301974,82,1653.0,1.1288518342480724
31795.0,85,1797.0,14.491935483870968,2.146995980134429,85,85,1754.0,0.060690979509165084,1.1049830689719478,2.146995980134429,85,1754.0,1.1049830689719478
31800.0,88,2009.0,16.4672131147541,2.1400721059505496,88,88,2009.0,0.06447721787002887,1.1609087844538424,2.1400721059505496,88,2009.0,1.1609087844538424
31805.0,92,2234.0,17.73015873015873,1.9748943059568278,92,92,2234.0,0.046745230884620334,0.8705083716364123,1.9748943059568278,92,2234.0,0.8705083716364123
31810.0,93,2471.0,19.61111111111111,2.099643084196276,93,93,2471.0,0.04610128896021066,0.8884705047327468,2.099643084196276,93,2471.0,0.8884705047327468
31815.0,95,2712.0,22.048780487804876,1.7924554306640343,95,95,2712.0,0.04507264260948804,0.8711750557701636,1.7924554306640343,95,2712.0,0.8711750557701636
31820.0,92,2775.0,22.74590163934426,1.729076037939664,92,92,2775.0,0.04940815466591851,0.9381055113795981,1.729076037939664,92,2775.0,0.9381055113795981
31825.0,92,2701.0,21.959349593495936,1.6456558822504028,92,92,2643.0,0.05690483365214572,0.995398064791158,1.6456558822504028,92,2643.0,0.995398064791158
31830.0,85,2610.0,21.39344262295082,2.003450668025517,85,85,2610.0,0.0794058921683489,1.380096277753906,2.003450668025517,85,2610.0,1.380096277753906
31835.0,80,2367.0,19.56198347107438,2.0678047281270575,80,80,2367.0,0.0810863923228792,1.4536869700566242,2.0678047281270575,80,2367.0,1.4536869700566242
31840.0,80,2210.0,17.822580645161292,2.0484260623205235,80,80,2158.0,0.06987011895180231,1.3047680025366084,2.0484260623205235,80,2158.0,1.3047680025366084
31845.0,82,2112.0,17.170731707317074,2.169493617537703,82,82,2112.0,0.07777072234346763,1.407922096692149,2.169493617537703,82,2112.0,1.407922096692149
31850.0,83,2062.0,16.629032258064516,1.9084398218902385,83,83,2062.0,0.06556445902121219,1.197548792023809,1.9084398218902385,83,2062.0,1.197548792023809
31855.0,85,1957.0,16.040983606557376,1.848113059395565,85,85,1914.0,0.05877131206992237,1.0774365432596964,1.848113059395565,85,1914.0,1.0774365432596964
31860.0,83,1854.0,15.322314049586776,2.093387503642099,83,83,1854.0,0.07438910978790979,1.320763655265255,2.093387503642099,83,1854.0,1.320763655265255
31865.0,80,1737.0,13.896,2.266145096124493,80,80,1737.0,0.07463195461617415,1.3392607596704322,2.266145096124493,80,1737.0,1.3392607596704322
31870.0,78,1744.0,13.952,2.596506752948056,78,78,1744.0,0.08830155844724366,1.59668828366161,2.596506752948056,78,1744.0,1.59668828366161
31875.0,82,1912.0,14.9375,2.4977117054239617,82,82,1910.0,0.07114740516529129,1.3440126814040174,2.4977117054239617,82,1910.0,1.3440126814040174
31880.0,87,2112.0,16.5,2.496791368574646,87,87,2110.0,0.0681039227458041,1.264623131059662,2.496791368574646,87,2110.0,1.264623131059662
31885.0,91,2285.0,17.442748091603054,2.582761749591892,91,91,2285.0,0.0702834707641997,1.3280777254322633,2.582761749591892,91,2285.0,1.3280777254322633
31890.0,90,2506.0,19.578125,2.436786548198623,90,90,2466.0,0.06525291677935627,1.2712911063120076,2.436786548198623,90,2466.0,1.2712911063120076
31895.0,91,2735.0,21.88,2.32970104315891,91,91,2735.0,0.06034828828419951,1.1916944760945967,2.32970104315891,91,2735.0,1.1916944760945967
31900.0,90,2938.0,23.317460317460316,2.082040878045564,90,90,2938.0,0.049617695416990924,0.9699776791801463,2.082040878045564,90,2938.0,0.9699776791801463
31905.0,91,3185.0,26.10655737704918,1.9328326624817171,91,91,3172.0,0.06011703580317946,1.0936140428165102,1.9328326624817171,91,3172.0,1.0936140428165102
31910.0,94,3618.0,29.414634146341463,1.8309782669371375,94,94,3618.0,0.054170785046647886,0.9927500000000002,1.8309782669371375,94,3618.0,0.9927500000000002
31915.0,99,4103.0,33.357723577235774,1.720665281947107,99,99,4103.0,0.03919498916933744,0.7881159514062095,1.720665281947107,99,4103.0,0.7881159514062095
31920.0,105,4618.0,38.16528925619835,1.4202919493629529,105,105,4618.0,0.02094636902571864,0.4110091743119266,1.4202919493629529,105,4618.0,0.4110091743119266
31925.0,105,5143.0,41.475806451612904,1.3013971715102077,105,105,5143.0,0.024395991114731234,0.46864094140709966,1.3013971715102077,105,5143.0,0.46864094140709966
31930.0,107,5677.0,46.15447154471545,1.318684140802277,107,107,5677.0,0.030521276780939525,0.5762633602861511,1.318684140802277,107,5677.0,0.5762633602861511
31935.0,105,5906.0,47.62903225806452,1.2154096117636788,105,105,5906.0,0.031449438343748366,0.591308815959912,1.2154096117636788,105,5906.0,0.591308815959912
31940.0,102,5923.0,48.15447154471545,1.3311433762750573,102,102,5825.0,0.04424917868155281,0.7709479534863111,1.3311433762750573,102,5825.0,0.7709479534863111
31945.0,100,5918.0,46.96825396825397,1.6751974745591882,100,100,5918.0,0.06124513110523497,1.071034728327425,1.6751974745591882,100,5918.0,1.071034728327425
31950.0,95,5881.0,47.048,1.6380493974695,95,95,5881.0,0.05656143586972431,1.0284721896466364,1.6380493974695,95,5881.0,1.0284721896466364
31955.0,96,5861.0,47.266129032258064,1.7181326349528607,96,96,5851.0,0.060567292199528826,1.1053285328302171,1.7181326349528607,96,5851.0,1.1053285328302171
31960.0,98,5843.0,46.00787401574803,1.4626337100028277,98,98,5843.0,0.04736261524009812,0.8186082281045242,1.4626337100028277,98,5843.0,0.8186082281045242
31965.0,99,5838.0,47.08064516129032,1.3645245143951739,99,99,5838.0,0.04337457738661335,0.818063008883151,1.3645245143951739,99,5838.0,0.818063008883151
31970.0,99,5822.0,46.576,1.259114363087686,99,99,5822.0,0.03873918864613192,0.7525778808812179,1.259114363087686,99,5822.0,0.7525778808812179
31975.0,101,5824.0,46.592,1.2714223956273916,101,101,5818.0,0.03940107532730365,0.7621700534384607,1.2714223956273916,101,5818.0,0.7621700534384607
31980.0,101,5829.0,46.632,1.3315861170350995,101,101,5829.0,0.04193089399062047,0.8264485763446588,1.3315861170350995,101,5829.0,0.8264485763446588
31985.0,102,5931.0,45.97674418604651,1.2805798850229584,102,102,5931.0,0.03516798162470381,0.7013531746514812,1.2805798850229584,102,5931.0,0.7013531746514812
31990.0,102,6307.0,48.89147286821706,1.5058230429522261,102,102,6299.0,0.04989659797165868,0.9452430554980716,1.5058230429522261,102,6299.0,0.9452430554980716
31995.0,108,6834.0,51.77272727272727,1.3340041129060334,108,108,6834.0,0.04273182465456111,0.7745246912703345,1.3340041129060334,108,6834.0,0.7745246912703345
32000.0,110,6993.0,52.97727272727273,1.3501941010686782,110,110,6993.0,0.032795162248337055,0.6394426288653048,1.3501941010686782,110,6993.0,0.6394426288653048
32005.0,110,6884.0,51.37313432835821,1.462714474902481,110,110,6756.0,0.03947385927376025,0.7425388063799885,1.462714474902481,110,6756.0,0.7425388063799885
32010.0,104,6760.0,51.21212121212121,1.6432278076013236,104,104,6760.0,0.05215695791906961,0.9700240561171761,1.6432278076013236,104,6760.0,0.9700240561171761
32015.0,99,6615.0,51.6796875,1.7732209325380914,99,99,6615.0,0.06210735418172581,1.135473781834249,1.7732209325380914,99,6615.0,1.135473781834249
32020.0,97,6243.0,48.02307692307692,1.6629505648458491,97,97,6243.0,0.05649259377410087,0.9899898044135775,1.6629505648458491,97,6243.0,0.9899898044135775
32025.0,93,5718.0,44.325581395348834,1.8907848061230248,93,93,5650.0,0.06470224332807466,1.153666772708724,1.8907848061230248,93,5650.0,1.153666772708724
32030.0,89,5172.0,39.18181818181818,2.117067223809541,89,89,5172.0,0.0723890299995033,1.274148185718516,2.117067223809541,89,5172.0,1.274148185718516
32035.0,86,4566.0,34.59090909090909,2.284501524000065,86,86,4566.0,0.07411144818124629,1.343469751340504,2.284501524000065,86,4566.0,1.343469751340504
32040.0,83,3910.0,29.62121212121212,2.2962605675640426,83,83,3897.0,0.06738958919269912,1.2297831033730846,2.2962605675640426,83,3897.0,1.2297831033730846
32045.0,80,3237.0,24.15671641791045,2.328378259436803,80,80,3237.0,0.07462626011201577,1.3804385036185527,2.328378259436803,80,3237.0,1.3804385036185527
32050.0,79,2524.0,18.977443609022558,2.4069292435578555,79,79,2524.0,0.0788316458894308,1.471297737813598,2.4069292435578555,79,2524.0,1.471297737813598
32055.0,80,1968.0,14.470588235294118,2.3903248324492354,80,80,1942.0,0.07567644683207236,1.4270402417885795,2.3903248324492354,80,1942.0,1.4270402417885795
32060.0,82,1679.0,12.62406015037594,2.307690632321792,82,82,1679.0,0.07809440098838412,1.4853071662895494,2.307690632321792,82,1679.0,1.4853071662895494
32065.0,84,1480.0,10.962962962962964,2.1755964395674936,84,84,1480.0,0.07059562458664899,1.360415064889806,2.1755964395674936,84,1480.0,1.360415064889806
32070.0,85,1432.0,10.766917293233083,2.1785398480467233,85,85,1378.0,0.07763645662123504,1.4549482941048877,2.1785398480467233,85,1378.0,1.4549482941048877
32075.0,90,1533.0,11.702290076335878,1.9976393782769468,90,90,1533.0,0.07170508068145508,1.3146743480876792,1.9976393782769468,90,1533.0,1.3146743480876792
32080.0,93,1785.0,13.421052631578947,1.5833916000614607,93,93,1785.0,0.047897447748866104,0.8847086359252858,1.5833916000614607,93,1785.0,0.8847086359252858
32085.0,94,2020.0,15.18796992481203,1.7706215432797472,94,94,1991.0,0.05298022329745126,0.9637566527024561,1.7706215432797472,94,1991.0,0.9637566527024561
32090.0,93,2253.0,16.68888888888889,1.813679813175451,93,93,2253.0,0.05594288734502995,0.9550520612994916,1.813679813175451,93,2253.0,0.9550520612994916
32095.0,93,2364.0,17.90909090909091,1.797184465726943,93,93,2364.0,0.0525520144330813,0.9420070283298553,1.797184465726943,93,2364.0,0.9420070283298553
32100.0,92,2368.0,18.356589147286822,1.8262364344324595,92,92,2310.0,0.061451716269245664,1.1016865411729457,1.8262364344324595,92,2310.0,1.1016865411729457
32105.0,93,2378.0,17.8796992481203,1.9475944381742634,93,93,2378.0,0.06033414547740711,1.088652988367594,1.9475944381742634,93,2378.0,1.088652988367594
32110.0,88,2328.0,17.636363636363637,2.111781317823156,88,88,2328.0,0.06593398960691006,1.2530141411517879,2.111781317823156,88,2328.0,1.2530141411517879
32115.0,87,2228.0,16.503703703703703,2.0804839277879625,87,87,2215.0,0.055033378143934414,1.0657936467196398,2.0804839277879625,87,2215.0,1.0657936467196398
32120.0,82,2113.0,15.76865671641791,2.3822864475800194,82,82,2113.0,0.07329401908470673,1.4161717979801423,2.3822864475800194,82,2113.0,1.4161717979801423
32125.0,83,1936.0,14.235294117647058,2.202985976636109,83,83,1936.0,0.06357485552689197,1.2354910053501462,2.202985976636109,83,1936.0,1.2354910053501462
32130.0,83,1816.0,13.552238805970148,2.2338933025758188,83,83,1774.0,0.07061491666591338,1.3650264027088321,2.2338933025758188,83,1774.0,1.3650264027088321
32135.0,83,1696.0,12.656716417910447,2.2822851580532664,83,83,1696.0,0.070677519933032,1.3544552358847235,2.2822851580532664,83,1696.0,1.3544552358847235
32140.0,85,1659.0,12.10948905109489,2.1408022706567618,85,85,1659.0,0.05534043033996223,1.0773100281032957,2.1408022706567618,85,1659.0,1.0773100281032957
32145.0,85,1624.0,12.119402985074627,2.1183844139988017,85,85,1610.0,0.0641003786455391,1.2089382771267396,2.1183844139988017,85,1610.0,1.2089382771267396
32150.0,85,1607.0,11.903703703703703,2.0438651321349743,85,85,1607.0,0.06857176534511038,1.243373983739828,2.0438651321349743,85,1607.0,1.243373983739828
32155.0,82,1566.0,11.954198473282442,1.9332287799837768,82,82,1566.0,0.06868099859034632,1.2816290034610787,1.9332287799837768,82,1566.0,1.2816290034610787
32160.0,84,1657.0,12.844961240310077,1.715768969563097,84,84,1584.0,0.05991846121045707,1.1260867574953584,1.715768969563097,84,1584.0,1.1260867574953584
32165.0,89,1940.0,14.586466165413533,1.6951853171383022,89,89,1939.0,0.05266784903720658,0.9945344996288084,1.6951853171383022,89,1939.0,0.9945344996288084
32170.0,92,2308.0,17.353383458646615,1.9786188416245258,92,92,2308.0,0.06409663735520173,1.2031513352721204,1.9786188416245258,92,2308.0,1.2031513352721204
32175.0,102,2714.0,19.955882352941178,1.691218226617587,102,102,2714.0,0.04443569666957697,0.8374669512172231,1.691218226617587,102,2714.0,0.8374669512172231
32180.0,105,3158.0,23.924242424242426,1.583153308899508,105,105,3158.0,0.04706115585060692,0.8923939790251569,1.583153308899508,105,3158.0,0.8923939790251569
32185.0,107,3603.0,26.888059701492537,1.5256802789730575,107,107,3603.0,0.03931280967283296,0.7616080520881827,1.5256802789730575,107,3603.0,0.7616080520881827
32190.0,105,4007.0,29.902985074626866,1.520350485946361,105,105,4007.0,0.04288136459270988,0.8306253770783538,1.520350485946361,105,4007.0,0.8306253770783538
32195.0,103,4428.0,33.04477611940298,1.670713396871479,103,103,4414.0,0.051608096430597446,0.9751372014840237,1.670713396871479,103,4414.0,0.9751372014840237
32200.0,110,4964.0,36.23357664233577,1.541996916101289,110,110,4964.0,0.04418700993748098,0.7802174525806818,1.541996916101289,110,4964.0,0.7802174525806818
32205.0,117,5528.0,40.94814814814815,1.2778951265787297,116,117,5527.0,0.028575456874560982,0.5038726018966093,1.2778951265787297,116,5527.0,0.5038726018966093
32210.0,117,6110.0,45.25925925925926,1.133607644582644,117,117,6108.0,0.023122240284068826,0.3989276085288922,1.133607644582644,117,6108.0,0.3989276085288922
32215.0,119,6701.0,49.63703703703704,1.1755785456811987,119,119,6701.0,0.02091793136524175,0.38060425799432346,1.1755785456811987,119,6701.0,0.38060425799432346
32220.0,117,7254.0,54.134328358208954,1.1320545984408905,117,117,7254.0,0.022034070936112794,0.39939136497672006,1.1320545984408905,117,7254.0,0.39939136497672006
32225.0,118,7840.0,57.64705882352941,1.0787421808414572,118,118,7827.0,0.025824691656302908,0.4442823349202182,1.0787421808414572,118,7827.0,0.4442823349202182
32230.0,118,8430.0,62.91044776119403,1.1941285198462381,118,118,8430.0,0.039342521908810275,0.6582849595921325,1.1941285198462381,118,8430.0,0.6582849595921325
32235.0,116,8777.0,64.06569343065694,1.2116968372010875,116,116,8777.0,0.030623346475667286,0.5464259639012309,1.2116968372010875,116,8777.0,0.5464259639012309
32240.0,114,8951.0,65.33576642335767,1.4556457011079451,114,114,8873.0,0.0383822175973359,0.6886330840197,1.4556457011079451,114,8873.0,0.6886330840197
32245.0,111,9106.0,65.98550724637681,1.6409178402429472,111,111,9106.0,0.051495982836159956,0.8712894129644948,1.6409178402429472,111,9106.0,0.8712894129644948
32250.0,107,9231.0,67.37956204379562,1.5700159425577644,107,107,9231.0,0.04539372576416232,0.8184712235814112,1.5700159425577644,107,9231.0,0.8184712235814112
32255.0,108,9370.0,69.4074074074074,1.5813533049581694,108,108,9361.0,0.04715849342715123,0.8621658714636757,1.5813533049581694,108,9361.0,0.8621658714636757
32260.0,111,9514.0,69.44525547445255,1.4280011349321835,111,111,9514.0,0.041322912819206005,0.7452428910729801,1.4280011349321835,111,9514.0,0.7452428910729801
32265.0,108,9618.0,70.2043795620438,1.4695926575486855,108,108,9618.0,0.03791301189994966,0.7285527331057559,1.4695926575486855,108,9618.0,0.7285527331057559
32270.0,103,9668.0,69.55395683453237,1.593965798809156,103,103,9655.0,0.04206060624893616,0.7672763043197437,1.593965798809156,103,9655.0,0.7672763043197437
32275.0,100,9702.0,70.30434782608695,1.8635312715058505,100,100,9702.0,0.058639166932352986,1.0422702343446668,1.8635312715058505,100,9702.0,1.0422702343446668
32280.0,95,9712.0,70.8905109489051,2.0829274064003203,95,95,9712.0,0.06537849678306167,1.1864689818690854,2.0829274064003203,95,9712.0,1.1864689818690854
32285.0,92,9179.0,67.0,2.0038464988096027,92,92,9179.0,0.07067141193889084,1.273127812635424,2.0038464988096027,92,9179.0,1.273127812635424
32290.0,87,8417.0,61.43795620437956,2.3263602906175893,87,87,8244.0,0.07730681789473293,1.426755663335762,2.3263602906175893,87,8244.0,1.426755663335762
32295.0,86,7864.0,56.57553956834533,2.472416952193814,86,86,7864.0,0.08325611115167236,1.5038794630762304,2.472416952193814,86,7864.0,1.5038794630762304
32300.0,86,7344.0,52.83453237410072,2.7118093136173846,86,86,7344.0,0.0884506188529764,1.6185568377543669,2.7118093136173846,86,7344.0,1.6185568377543669
32305.0,86,6821.0,49.427536231884055,2.837643272649177,86,86,6821.0,0.09744741817268994,1.765963316866521,2.837643272649177,86,6821.0,1.765963316866521
32310.0,82,6234.0,45.503649635036496,2.741849929827392,82,82,6234.0,0.09309842314750665,1.740714733537434,2.741849929827392,82,6234.0,1.740714733537434
32315.0,82,5694.0,42.17777777777778,2.785673486973807,82,82,5648.0,0.09607171092599955,1.7857650981994866,2.785673486973807,82,5648.0,1.7857650981994866
32320.0,84,5176.0,37.78102189781022,2.6825621949392993,84,84,5176.0,0.08934358954198308,1.6060626511831635,2.6825621949392993,84,5176.0,1.6060626511831635
32325.0,86,4608.0,34.13333333333333,2.7413336036258427,86,86,4608.0,0.07799401454357631,1.498602701904604,2.7413336036258427,86,4608.0,1.498602701904604
32330.0,89,4143.0,30.68888888888889,2.5677033379123535,89,89,4094.0,0.06992977907007555,1.3020725047433965,2.5677033379123535,89,4094.0,1.3020725047433965
32335.0,91,3722.0,28.196969696969695,2.4574751207110226,91,91,3722.0,0.07361356490058381,1.297535496256508,2.4574751207110226,91,3722.0,1.297535496256508
32340.0,90,3139.0,24.5234375,2.2592818960281535,90,90,3139.0,0.0729469151941226,1.2986479463153509,2.2592818960281535,90,3139.0,1.2986479463153509
32345.0,86,2571.0,19.776923076923076,2.341251495139213,86,86,2518.0,0.06924918370521733,1.31021613825463,2.341251495139213,86,2518.0,1.31021613825463
32350.0,83,2311.0,17.776923076923076,2.7195639508907106,83,83,2311.0,0.08859406663550909,1.6295277854958152,2.7195639508907106,83,2311.0,1.6295277854958152
32355.0,84,2452.0,18.717557251908396,2.737057618040434,84,84,2452.0,0.08737523072933699,1.6085969772814137,2.737057618040434,84,2452.0,1.6085969772814137
32360.0,86,2599.0,19.689393939393938,2.9061177682510135,86,86,2599.0,0.09672279933356683,1.708933631478042,2.9061177682510135,86,2599.0,1.708933631478042
32365.0,84,2583.0,19.869230769230768,2.5429839789303723,84,84,2583.0,0.0766836157528339,1.4753665473859434,2.5429839789303723,84,2583.0,1.4753665473859434
32370.0,82,2448.0,18.83076923076923,2.5565728019220852,82,82,2396.0,0.08467540595030841,1.5601961950225867,2.5565728019220852,82,2396.0,1.5601961950225867
32375.0,78,2300.0,17.692307692307693,2.949917804689273,78,78,2300.0,0.10549125076815367,1.9017224637398633,2.949917804689273,78,2300.0,1.9017224637398633
32380.0,77,2038.0,15.43939393939394,2.7637614733621834,77,77,2038.0,0.08370576734392796,1.560544884812416,2.7637614733621834,77,2038.0,1.560544884812416
32385.0,77,1860.0,14.198473282442748,2.8438693277753138,77,77,1822.0,0.08736711497694737,1.6093587201464197,2.8438693277753138,77,1822.0,1.6093587201464197
32390.0,78,1745.0,13.1203007518797,2.87495235379549,78,78,1745.0,0.09229427849547236,1.6296520759933728,2.87495235379549,78,1745.0,1.6296520759933728
32395.0,81,1799.0,13.732824427480915,2.6418366982029657,81,81,1799.0,0.08057962880070624,1.5011401719174593,2.6418366982029657,81,1799.0,1.5011401719174593
32400.0,83,1864.0,14.229007633587786,2.6875097847490914,83,83,1851.0,0.08004530834411384,1.4912428889512221,2.6875097847490914,83,1851.0,1.4912428889512221
32405.0,83,1934.0,14.432835820895523,2.752329590206433,83,83,1934.0,0.0815305024370671,1.4882520546907996,2.752329590206433,83,1934.0,1.4882520546907996
32410.0,83,2004.0,15.181818181818182,2.757310284282984,83,83,2004.0,0.07486324829420023,1.412514642562634,2.757310284282984,83,2004.0,1.412514642562634
32415.0,81,2030.0,15.49618320610687,2.6553067422254517,81,81,2030.0,0.07261423839913171,1.426007545033412,2.6553067422254517,81,2030.0,1.426007545033412
32420.0,81,2096.0,16.123076923076923,2.768635215386276,81,81,2065.0,0.07825541130035295,1.5392242578762894,2.768635215386276,81,2065.0,1.5392242578762894
32425.0,83,2215.0,17.440944881889763,2.4780855410674216,83,83,2215.0,0.07304916924841207,1.393505684178449,2.4780855410674216,83,2215.0,1.393505684178449
32430.0,81,2351.0,18.808,2.5221740878531245,81,81,2351.0,0.07919058258487689,1.5304540556346193,2.5221740878531245,81,2351.0,1.5304540556346193
32435.0,86,2689.0,21.341269841269842,2.431905095296124,86,86,2656.0,0.07522284278245595,1.4002661036807709,2.431905095296124,86,2656.0,1.4002661036807709
32440.0,91,3060.0,23.90625,2.223108308760401,91,91,3060.0,0.06657503700033814,1.1731304304580383,2.223108308760401,91,3060.0,1.1731304304580383
32445.0,90,3349.0,26.57936507936508,1.9942523689241993,90,90,3349.0,0.05295642034641366,1.0031584137770573,1.9942523689241993,90,3349.0,1.0031584137770573
32450.0,86,3564.0,27.84375,2.228780766138431,86,86,3536.0,0.06758666295018799,1.2357027854322056,2.228780766138431,86,3536.0,1.2357027854322056
32455.0,85,3767.0,29.661417322834644,2.340830762182581,85,85,3767.0,0.07520597134083364,1.3734861100712243,2.340830762182581,85,3767.0,1.3734861100712243
32460.0,84,4007.0,32.056,2.332666342502114,84,84,4007.0,0.072085558816056,1.3689479136273057,2.332666342502114,84,4007.0,1.3689479136273057
32465.0,89,4292.0,33.79527559055118,2.163076894680605,89,89,4289.0,0.07017616223357533,1.2744418781769784,2.163076894680605,89,4289.0,1.2744418781769784
32470.0,95,4605.0,36.25984251968504,1.975775587736522,95,95,4605.0,0.0544656486268318,1.0036613545327304,1.975775587736522,95,4605.0,1.0036613545327304
32475.0,94,4603.0,36.24409448818898,1.7383435255013626,94,94,4603.0,0.04202300294852262,0.8372538349197013,1.7383435255013626,94,4603.0,0.8372538349197013
32480.0,91,4370.0,34.40944881889764,2.0248308017287457,91,91,4263.0,0.05760017559575096,1.1025153087898227,2.0248308017287457,91,4263.0,1.1025153087898227
32485.0,90,4116.0,31.906976744186046,2.172852978340051,90,90,4116.0,0.06915473429434252,1.2914094608133002,2.172852978340051,90,4116.0,1.2914094608133002
32490.0,83,3845.0,29.8062015503876,2.5005677977870384,83,83,3845.0,0.08143166046835999,1.476326205007646,2.5005677977870384,83,3845.0,1.476326205007646
32495.0,79,3555.0,28.214285714285715,2.767110747412338,79,79,3555.0,0.1019279112604589,1.8190765878458968,2.767110747412338,79,3555.0,1.8190765878458968
32500.0,75,3125.0,24.4140625,2.459180256321808,75,75,3125.0,0.07757938877386472,1.466096313259974,2.459180256321808,75,3125.0,1.466096313259974
32505.0,73,2667.0,21.166666666666668,2.63170438265715,73,73,2629.0,0.09376265419872971,1.755142018001266,2.63170438265715,73,2629.0,1.755142018001266
32510.0,74,2287.0,18.150793650793652,2.6252035646960015,74,74,2287.0,0.09645721081587978,1.797139556231867,2.6252035646960015,74,2287.0,1.797139556231867
32515.0,76,1826.0,14.492063492063492,2.703968594681505,76,76,1826.0,0.08665961945699018,1.639553430865365,2.703968594681505,76,1826.0,1.639553430865365
32520.0,76,1496.0,11.968,2.757842043479293,76,76,1424.0,0.08346592540852427,1.592869096110756,2.757842043479293,76,1424.0,1.592869096110756
32525.0,79,1409.0,11.0078125,2.6301244180599577,79,79,1409.0,0.07868764715192851,1.5230443649651235,2.6301244180599577,79,1409.0,1.5230443649651235
32530.0,78,1437.0,11.2265625,2.811119248692067,78,78,1437.0,0.07954524624720426,1.5718767178698276,2.811119248692067,78,1437.0,1.5718767178698276
32535.0,82,1603.0,12.426356589147288,2.6831015976158614,82,82,1553.0,0.07873624805043823,1.5144285714285746,2.6831015976158614,82,1553.0,1.5144285714285746
32540.0,87,1828.0,14.507936507936508,2.474325048280431,87,87,1828.0,0.07657218844611637,1.405086316044326,2.474325048280431,87,1828.0,1.405086316044326
32545.0,93,1985.0,15.5078125,2.135144622596057,93,93,1985.0,0.057342397678896095,1.0668029098256075,2.135144622596057,93,1985.0,1.0668029098256075
32550.0,86,2073.0,16.322834645669293,2.3850896528586474,86,86,2045.0,0.06592274610678417,1.242061704988837,2.3850896528586474,86,2045.0,1.242061704988837
32555.0,82,2140.0,17.12,2.5952888247957855,82,82,2140.0,0.07758120022888763,1.4541335909867252,2.5952888247957855,82,2140.0,1.4541335909867252
32560.0,81,2323.0,18.88617886178862,2.3841523295032068,81,81,2323.0,0.07333516473304388,1.382593381842427,2.3841523295032068,81,2323.0,1.382593381842427
32565.0,82,2579.0,21.139344262295083,2.5566258024337567,82,82,2579.0,0.08078960448742226,1.4870650663957101,2.5566258024337567,82,2579.0,1.4870650663957101
32570.0,82,2839.0,23.270491803278688,2.4049497772481514,82,82,2839.0,0.07767450169805236,1.4223140276552688,2.4049497772481514,82,2839.0,1.4223140276552688
32575.0,78,3017.0,24.729508196721312,2.46436555218368,78,78,3017.0,0.07662812914633486,1.496008145987707,2.46436555218368,78,3017.0,1.496008145987707
32580.0,78,3244.0,26.59016393442623,2.6793476124708087,78,78,3214.0,0.08743725553948786,1.6508921686432085,2.6793476124708087,78,3214.0,1.6508921686432085
32585.0,78,3481.0,27.848,2.882614153815947,78,78,3481.0,0.09904816882833042,1.776802369762959,2.882614153815947,78,3481.0,1.776802369762959
32590.0,79,3693.0,29.782258064516128,3.0116399041520467,78,79,3692.0,0.09074059500023794,1.7056758505793002,3.0116399041520467,78,3692.0,1.7056758505793002
32595.0,79,3934.0,31.725806451612904,2.847374648535691,79,79,3907.0,0.08094654448350541,1.5236692125921463,2.847374648535691,79,3907.0,1.5236692125921463
32600.0,81,4186.0,34.31147540983606,2.877769285891141,81,81,4186.0,0.08313786679944098,1.5906778866387583,2.877769285891141,81,4186.0,1.5906778866387583
32605.0,86,4561.0,36.488,2.786566135279794,86,86,4561.0,0.07855755453407004,1.505910017554586,2.786566135279794,86,4561.0,1.505910017554586
32610.0,88,4991.0,40.577235772357724,2.6083584749847173,88,88,4986.0,0.07705009379848249,1.4221705181928737,2.6083584749847173,88,4986.0,1.4221705181928737
32615.0,94,5451.0,45.049586776859506,2.284976105714604,94,94,5451.0,0.06705000355159225,1.1957779948284029,2.284976105714604,94,5451.0,1.1957779948284029
32620.0,100,5937.0,49.06611570247934,1.7677195053717987,100,100,5937.0,0.03825505126279114,0.6510514398360361,1.7677195053717987,100,5937.0,0.6510514398360361
32625.0,102,6441.0,53.231404958677686,1.6585036192478813,102,102,6441.0,0.03215648981095153,0.567550957315195,1.6585036192478813,102,6441.0,0.567550957315195
32630.0,102,6951.0,57.925,1.5068263373700905,102,102,6951.0,0.024936203114167266,0.49196345379443795,1.5068263373700905,102,6951.0,0.49196345379443795
32635.0,104,7468.0,62.7563025210084,1.2286682867148244,104,104,7468.0,0.020830438018190952,0.4504632396458644,1.2286682867148244,104,7468.0,0.4504632396458644
32640.0,105,7992.0,68.89655172413794,0.9622375324347354,105,105,7992.0,0.018772502216293625,0.41425741325847926,0.9622375324347354,105,7992.0,0.41425741325847926
32645.0,107,8522.0,71.61344537815125,0.9149641150624422,107,107,8522.0,0.021485793642726438,0.4701900584795341,0.9149641150624422,107,8522.0,0.4701900584795341
32650.0,104,8997.0,76.8974358974359,0.9399144102414307,104,104,8997.0,0.030443444575230672,0.6449087081098688,0.9399144102414307,104,8997.0,0.6449087081098688
32655.0,105,9522.0,80.01680672268908,0.95737581656442,105,105,9496.0,0.039392056999613685,0.7565292206047517,0.95737581656442,105,9496.0,0.7565292206047517
32660.0,107,10052.0,85.1864406779661,0.9386922786787035,107,107,10052.0,0.04411681565561622,0.8026752535962141,0.9386922786787035,107,10052.0,0.8026752535962141
32665.0,107,10089.0,83.3801652892562,1.0529959646667695,107,107,10089.0,0.04014743172337245,0.7720845152836598,1.0529959646667695,107,10089.0,0.7720845152836598
32670.0,101,9779.0,80.81818181818181,1.279335291928028,101,101,9617.0,0.04651317907631006,0.836188428696299,1.279335291928028,101,9617.0,0.836188428696299
32675.0,97,9453.0,78.12396694214875,1.615100558877671,97,97,9453.0,0.06274355209800722,1.108002782293911,1.615100558877671,97,9453.0,1.108002782293911
32680.0,95,8796.0,71.51219512195122,1.3835215088915132,95,95,8796.0,0.044119549884327924,0.7975142948683599,1.3835215088915132,95,8796.0,0.7975142948683599
32685.0,91,7919.0,64.3821138211382,1.7003448393517444,91,91,7817.0,0.055479949609232006,0.9952387724407153,1.7003448393517444,91,7817.0,0.9952387724407153
32690.0,86,7019.0,55.70634920634921,1.9565247381187085,86,86,7019.0,0.06762258881877507,1.196622905064551,1.9565247381187085,86,7019.0,1.196622905064551
32695.0,84,6062.0,48.111111111111114,2.0377812620054048,84,84,6062.0,0.06421806086687068,1.1942740987704794,2.0377812620054048,84,6062.0,1.1942740987704794
32700.0,84,5142.0,40.80952380952381,2.204903634326931,84,84,5120.0,0.06436851288666147,1.1876926986710432,2.204903634326931,84,5120.0,1.1876926986710432
32705.0,86,4227.0,32.51538461538462,2.223450843066797,86,86,4227.0,0.06494379296273164,1.1710491552962767,2.223450843066797,86,4227.0,1.1710491552962767
32710.0,83,3249.0,25.785714285714285,2.1548098127318727,83,83,3249.0,0.0671178508267294,1.247726958741843,2.1548098127318727,83,3249.0,1.247726958741843
32715.0,79,2416.0,18.728682170542637,2.452436909834555,79,79,2388.0,0.07712354713776376,1.4219066891307404,2.452436909834555,79,2388.0,1.4219066891307404
32720.0,76,1824.0,14.13953488372093,2.761299543502995,76,76,1824.0,0.09020501346473316,1.6914055918974036,2.761299543502995,76,1824.0,1.6914055918974036
32725.0,76,1377.0,10.592307692307692,2.603962423807712,76,76,1377.0,0.0814135413896294,1.5385147819098886,2.603962423807712,76,1377.0,1.5385147819098886
32730.0,75,1113.0,8.627906976744185,2.727596032551023,75,75,1085.0,0.08524507599238672,1.5722884571727282,2.727596032551023,75,1085.0,1.5722884571727282
32735.0,75,1102.0,8.609375,2.923005336520503,75,75,1102.0,0.09638357240637278,1.7717597264102296,2.923005336520503,75,1102.0,1.7717597264102296
32740.0,79,1139.0,8.829457364341085,2.4054715068577703,78,79,1138.0,0.06734657619507324,1.2462952660553088,2.4054715068577703,78,1138.0,1.2462952660553088
32745.0,80,1156.0,9.32258064516129,2.1492411325293603,80,80,1143.0,0.06421278486219249,1.1951277409427583,2.1492411325293603,80,1143.0,1.1951277409427583
32750.0,76,1156.0,9.174603174603174,2.262265382804013,76,76,1156.0,0.07191301604594119,1.3134850561790914,2.262265382804013,76,1156.0,1.3134850561790914
32755.0,74,1101.0,8.808,2.236064066507539,74,74,1101.0,0.07089843479822953,1.305303098138195,2.236064066507539,74,1101.0,1.305303098138195
32760.0,69,996.0,8.03225806451613,2.462900598089309,69,69,983.0,0.08172679049160268,1.5270503019582684,2.462900598089309,69,983.0,1.5270503019582684
32765.0,66,877.0,6.905511811023622,2.6205996042881585,66,66,877.0,0.09118007969649981,1.6843017308739923,2.6205996042881585,66,877.0,1.6843017308739923
32770.0,65,751.0,6.008,2.6500780180942503,65,65,751.0,0.09040505658670264,1.7495343109962551,2.6500780180942503,65,751.0,1.7495343109962551
32775.0,68,744.0,5.858267716535433,2.5458717265807054,68,68,698.0,0.08463761191154114,1.5941080729166686,2.5458717265807054,68,698.0,1.5941080729166686
32780.0,74,909.0,7.272,2.6130604269388957,74,74,909.0,0.0899709502733808,1.674117743636542,2.6130604269388957,74,909.0,1.674117743636542
32785.0,81,984.0,7.748031496062992,2.3521164620219115,81,81,984.0,0.07365421074525468,1.3855014850042906,2.3521164620219115,81,984.0,1.3855014850042906
32790.0,83,1233.0,9.708661417322835,2.2519210649638945,83,83,1132.0,0.05938141435897303,1.1703646882166105,2.2519210649638945,83,1132.0,1.1703646882166105
32795.0,85,1518.0,12.241935483870968,2.1727658622019668,85,85,1518.0,0.06191599045446723,1.2207700058351385,2.1727658622019668,85,1518.0,1.2207700058351385
32800.0,86,1777.0,14.103174603174603,1.9031204407952518,86,86,1777.0,0.04979175514945637,0.9999302735533364,1.9031204407952518,86,1777.0,0.9999302735533364
32805.0,88,2005.0,16.169354838709676,1.8682365577681892,88,88,1977.0,0.053503472359727654,1.0417225619980592,1.8682365577681892,88,1977.0,1.0417225619980592
32810.0,90,2301.0,18.261904761904763,1.9587775064757058,90,90,2301.0,0.0628008601345341,1.135572271386424,1.9587775064757058,90,2301.0,1.135572271386424
32815.0,91,2530.0,20.07936507936508,1.8948332708331113,91,91,2530.0,0.04823929271730841,0.9319619758941051,1.8948332708331113,91,2530.0,0.9319619758941051
32820.0,91,2828.0,22.991869918699187,1.8331316947627154,91,91,2800.0,0.05090211839300808,0.9432300843199135,1.8331316947627154,91,2800.0,0.9432300843199135
32825.0,92,3135.0,24.88095238095238,1.939245057713213,92,92,3135.0,0.0563978403981269,1.03991203395478,1.939245057713213,92,3135.0,1.03991203395478
32830.0,93,3419.0,27.134920634920636,1.9813643463239976,92,93,3418.0,0.051961004121673524,0.9769678265176907,1.9813643463239976,92,3418.0,0.9769678265176907
32835.0,94,3730.0,28.914728682170544,1.9485650482626886,94,94,3705.0,0.04668406553910108,0.8432392340739199,1.9485650482626886,94,3705.0,0.8432392340739199
32840.0,95,4051.0,31.6484375,2.05523700527099,95,95,4051.0,0.04810249431213988,0.9005789212753491,2.05523700527099,95,4051.0,0.9005789212753491
32845.0,93,4280.0,33.96825396825397,2.021481385940431,93,93,4280.0,0.052218898876664546,0.9920129802534648,2.021481385940431,93,4280.0,0.9920129802534648
32850.0,91,4529.0,36.232,1.9300386190033088,91,91,4501.0,0.05898910834904839,1.0758376771690974,1.9300386190033088,91,4501.0,1.0758376771690974
32855.0,91,4834.0,38.983870967741936,2.0729576398989256,91,91,4834.0,0.07166836747623381,1.2604758792864799,2.0729576398989256,91,4834.0,1.2604758792864799
32860.0,92,5107.0,40.21259842519685,1.797380960890546,92,92,5107.0,0.04655855794759307,0.8510829825659446,1.797380960890546,92,5107.0,0.8510829825659446
32865.0,93,5422.0,43.03174603174603,1.9450134855554837,93,93,5401.0,0.05044889752666894,0.9464492168137157,1.9450134855554837,93,5401.0,0.9464492168137157
32870.0,95,5744.0,45.58730158730159,1.8928795290892018,95,95,5744.0,0.052749985693163026,0.9309129331329999,1.8928795290892018,95,5744.0,0.9309129331329999
32875.0,94,6052.0,48.806451612903224,1.768171661573889,94,94,6052.0,0.04711196038474102,0.8690728455289669,1.768171661573889,94,6052.0,0.8690728455289669
32880.0,96,6377.0,52.70247933884298,1.592370934444828,96,96,6365.0,0.0411437498279773,0.7927258170831554,1.592370934444828,96,6365.0,0.7927258170831554
32885.0,97,6709.0,53.672,1.6492287419928036,97,97,6709.0,0.04558434842487894,0.8833131007691744,1.6492287419928036,97,6709.0,0.8833131007691744
32890.0,97,7046.0,56.82258064516129,1.5683160547960633,97,97,7046.0,0.04080329656622141,0.8096822425800474,1.5683160547960633,97,7046.0,0.8096822425800474
32895.0,101,7524.0,59.24409448818898,1.6307690562973507,101,101,7522.0,0.04772136125205774,0.8833644237955427,1.6307690562973507,101,7522.0,0.8833644237955427
32900.0,106,8044.0,63.84126984126984,1.4694727363836113,106,106,8044.0,0.04195083075893519,0.786444027097998,1.4694727363836113,106,8044.0,0.786444027097998
32905.0,112,8590.0,67.109375,1.4373078507346375,112,112,8590.0,0.03275927006201124,0.6381372382724971,1.4373078507346375,112,8590.0,0.6381372382724971
32910.0,110,9140.0,72.53968253968254,1.3193754904837922,110,110,9140.0,0.03516486416629022,0.6935699633617606,1.3193754904837922,110,9140.0,0.6935699633617606
32915.0,113,9700.0,78.2258064516129,1.0920963430504171,113,113,9700.0,0.0304722205758515,0.6001990048369031,1.0920963430504171,113,9700.0,0.6001990048369031
32920.0,114,10266.0,80.83464566929133,0.9669915889493603,114,114,10266.0,0.021161509563196217,0.4226251098457844,0.9669915889493603,114,10266.0,0.4226251098457844
32925.0,116,10840.0,86.03174603174604,0.8526759847344902,116,116,10840.0,0.019188665287795576,0.4026251098457844,0.8526759847344902,116,10840.0,0.4026251098457844
32930.0,118,11421.0,90.64285714285714,0.5750126263897356,118,118,11421.0,0.015960102118396092,0.3317073170731708,0.5750126263897356,118,11421.0,0.3317073170731708
32935.0,115,11460.0,90.95238095238095,0.71778888670524,115,115,11460.0,0.021782301396019825,0.44465880784372647,0.71778888670524,115,11460.0,0.44465880784372647
32940.0,111,11119.0,88.24603174603175,0.9067541148496742,111,111,10940.0,0.03383274806057112,0.6202171484404244,0.9067541148496742,111,10940.0,0.6202171484404244
32945.0,107,10756.0,84.03125,1.125379690058474,107,107,10756.0,0.04924166215293509,0.8535885275711554,1.125379690058474,107,10756.0,0.8535885275711554
32950.0,103,10374.0,81.68503937007874,1.368827066112104,103,103,10374.0,0.05648750056006958,0.9960290909513503,1.368827066112104,103,10374.0,0.9960290909513503
32955.0,101,9874.0,76.54263565891473,1.545398273344987,101,101,9874.0,0.06251767697194532,1.097610942861818,1.545398273344987,101,9874.0,1.097610942861818
32960.0,98,9438.0,73.16279069767442,1.634648365982174,98,98,9436.0,0.05643097965958885,1.0639682612456234,1.634648365982174,98,9436.0,1.0639682612456234
32965.0,100,9023.0,68.87786259541984,1.7375799004986447,100,100,9021.0,0.06011542447554122,1.1019172233454522,1.7375799004986447,100,9021.0,1.1019172233454522
32970.0,101,8614.0,66.26153846153846,1.7184444127953469,101,101,8614.0,0.06220638878279462,1.104900461408189,1.7184444127953469,101,8614.0,1.104900461408189
32975.0,102,8219.0,63.223076923076924,1.7030267541905197,102,102,8219.0,0.05716974880331867,1.0304878646783864,1.7030267541905197,102,8219.0,1.0304878646783864
32980.0,103,7827.0,59.29545454545455,1.6687921444677443,103,103,7827.0,0.05402161582994121,0.9154455648216991,1.6687921444677443,103,7827.0,0.9154455648216991
32985.0,101,7389.0,55.97727272727273,1.7312699669113305,101,101,7389.0,0.05251641160282262,0.9376937160432522,1.7312699669113305,101,7389.0,0.9376937160432522
32990.0,100,7024.0,52.81203007518797,1.797996346577138,100,100,7011.0,0.05473677514486697,1.0108385669833784,1.797996346577138,100,7011.0,1.0108385669833784
32995.0,101,6909.0,52.34090909090909,1.8033210124763863,101,101,6909.0,0.05559112551924739,1.010412581920494,1.8033210124763863,101,6909.0,1.010412581920494
33000.0,102,7095.0,55.0,1.677668710771646,102,102,7095.0,0.05163135866657723,0.9768547043894253,1.677668710771646,102,7095.0,0.9768547043894253
33005.0,106,7467.0,56.142857142857146,1.5357139903782453,106,106,7467.0,0.03661509072443008,0.7127171989487981,1.5357139903782453,106,7467.0,0.7127171989487981
33010.0,107,7747.0,57.8134328358209,1.5935866232241374,107,107,7699.0,0.041184630946407584,0.777626206616304,1.5935866232241374,107,7699.0,0.777626206616304
33015.0,103,8018.0,59.39259259259259,1.6856104852988247,103,103,8018.0,0.05088330350329715,0.9335937264999165,1.6856104852988247,103,8018.0,0.9335937264999165
33020.0,101,7800.0,57.77777777777778,1.7458909748666305,101,101,7800.0,0.048001067257717564,0.9368217399530591,1.7458909748666305,101,7800.0,0.9368217399530591
33025.0,100,7247.0,53.286764705882355,1.8319495306801454,100,100,7089.0,0.05519856488511003,1.0403634713658803,1.8319495306801454,100,7089.0,1.0403634713658803
33030.0,98,6686.0,48.44927536231884,2.074947102718162,98,98,6686.0,0.0657025163473709,1.2011459289735427,2.074947102718162,98,6686.0,1.2011459289735427
33035.0,94,6068.0,44.29197080291971,2.1284824959828903,94,94,6068.0,0.06601245020003654,1.242455640817506,2.1284824959828903,94,6068.0,1.242455640817506
33040.0,93,5404.0,39.15942028985507,1.9149315556963802,93,93,5391.0,0.05007194456849087,0.9479011388068436,1.9149315556963802,93,5391.0,0.9479011388068436
33045.0,88,4724.0,34.73529411764706,2.088519108104964,88,88,4724.0,0.06577808137574631,1.2218442282377358,2.088519108104964,88,4724.0,1.2218442282377358
33050.0,85,3923.0,28.635036496350367,1.9350345132073392,85,85,3923.0,0.0551297507061475,1.065179520868266,1.9350345132073392,85,3923.0,1.065179520868266
33055.0,84,3200.0,23.357664233576642,2.09267855484867,84,84,3158.0,0.060028023033686984,1.1668924379377235,2.09267855484867,84,3158.0,1.1668924379377235
33060.0,84,2490.0,18.444444444444443,2.1167269479145308,84,84,2490.0,0.06489323817284219,1.2352344796651031,2.1167269479145308,84,2490.0,1.2352344796651031
33065.0,84,1787.0,13.139705882352942,1.9838686710833253,84,84,1787.0,0.06387393613025438,1.2020431610766125,1.9838686710833253,84,1787.0,1.2020431610766125
33070.0,80,1343.0,9.948148148148148,2.2547913040010124,80,80,1329.0,0.07863381212789157,1.4799273854021513,2.2547913040010124,80,1329.0,1.4799273854021513
33075.0,82,1305.0,9.525547445255475,2.262395852853122,82,82,1305.0,0.07840943564372145,1.451858870967739,2.262395852853122,82,1305.0,1.451858870967739
33080.0,84,1377.0,10.05109489051095,2.249151369213881,84,84,1377.0,0.07382678262838983,1.4234789666577643,2.249151369213881,84,1377.0,1.4234789666577643
33085.0,87,1412.0,10.306569343065693,2.0061709359264617,87,87,1369.0,0.06954182097285577,1.2603829476401627,2.0061709359264617,87,1369.0,1.2603829476401627
33090.0,87,1461.0,10.58695652173913,2.2780267830102576,87,87,1461.0,0.07579908811204226,1.3822226049214545,2.2780267830102576,87,1461.0,1.3822226049214545
33095.0,83,1425.0,10.401459854014599,2.2881729095193566,83,83,1425.0,0.07446004608573223,1.3887463768758335,2.2881729095193566,83,1425.0,1.3887463768758335
33100.0,85,1484.0,10.676258992805755,2.2104973872173295,85,85,1457.0,0.06408242070089605,1.174675931261114,2.2104973872173295,85,1457.0,1.174675931261114
33105.0,89,1613.0,11.68840579710145,2.2639377542848,89,89,1613.0,0.06894310907638197,1.2663152755234115,2.2639377542848,89,1613.0,1.2663152755234115
33110.0,93,1685.0,11.950354609929079,2.09850942002498,92,93,1684.0,0.05202717551051956,1.0050120708114347,2.09850942002498,92,1684.0,1.0050120708114347
33115.0,96,1853.0,13.427536231884059,2.0182368228490795,96,96,1787.0,0.05025658404774584,0.9915759519335922,2.0182368228490795,96,1787.0,0.9915759519335922
33120.0,96,2028.0,14.802919708029197,2.011664561528495,96,96,2028.0,0.04945955968296155,0.9668924552998488,2.011664561528495,96,2028.0,0.9668924552998488
33125.0,96,2071.0,14.899280575539569,1.8509000865441907,96,96,2071.0,0.0493260693164984,0.9385552100187301,1.8509000865441907,96,2071.0,0.9385552100187301
33130.0,92,2038.0,14.875912408759124,2.058827174118875,92,92,1995.0,0.06503022920301235,1.197921512539204,2.058827174118875,92,1995.0,1.197921512539204
33135.0,94,2061.0,14.827338129496402,2.0523239247553833,94,94,2061.0,0.06311267687099072,1.1789869937214121,2.0523239247553833,94,2061.0,1.1789869937214121
33140.0,95,2128.0,15.309352517985612,2.1297566483723407,95,95,2128.0,0.05921419767458195,1.1451312301582977,2.1297566483723407,95,2128.0,1.1451312301582977
33145.0,98,2156.0,15.4,2.1460676859697436,98,98,2113.0,0.05586922967568919,1.0615045891224248,2.1460676859697436,98,2113.0,1.0615045891224248
33150.0,96,2189.0,15.978102189781023,2.1705470175684107,96,96,2189.0,0.06598605834728659,1.2189859659070101,2.1705470175684107,96,2189.0,1.2189859659070101
33155.0,92,2206.0,16.46268656716418,2.2639614837691093,92,92,2206.0,0.0725877167098366,1.3391129962672228,2.2639614837691093,92,2206.0,1.3391129962672228
33160.0,89,2099.0,15.433823529411764,2.1517578788478406,89,89,2099.0,0.06506027094553267,1.2264343898127494,2.1517578788478406,89,2099.0,1.2264343898127494
33165.0,89,2073.0,15.355555555555556,2.265650991622816,89,89,2030.0,0.07240075337339182,1.3273055269628797,2.265650991622816,89,2030.0,1.3273055269628797
33170.0,89,2068.0,15.094890510948906,2.326240285951721,89,89,2068.0,0.06919910564590807,1.2696516885287004,2.326240285951721,89,2068.0,1.2696516885287004
33175.0,89,1961.0,14.419117647058824,2.3846737658848163,89,89,1961.0,0.06711455834042915,1.2683181930594087,2.3846737658848163,89,1961.0,1.2683181930594087
33180.0,84,1766.0,13.17910447761194,2.542232691200109,84,84,1733.0,0.07698160429787149,1.434360932563531,2.542232691200109,84,1733.0,1.434360932563531
33185.0,81,1555.0,11.35036496350365,2.6781703442214098,81,81,1555.0,0.08825658572242054,1.6022753536332155,2.6781703442214098,81,1555.0,1.6022753536332155
33190.0,78,1387.0,10.198529411764707,2.7612806473931193,78,78,1387.0,0.08595832161824797,1.639029434166433,2.7612806473931193,78,1387.0,1.639029434166433
33195.0,80,1240.0,9.185185185185185,2.5312367590010316,80,80,1212.0,0.07985878181524732,1.5092028044733048,2.5312367590010316,80,1212.0,1.5092028044733048
33200.0,81,1272.0,9.422222222222222,2.738699580811512,81,81,1272.0,0.09294702450178638,1.7344146688800726,2.738699580811512,81,1272.0,1.7344146688800726
33205.0,85,1298.0,9.405797101449275,2.5617890069837617,85,85,1298.0,0.07447589530214223,1.4396979305333257,2.5617890069837617,85,1298.0,1.4396979305333257
33210.0,87,1398.0,10.279411764705882,2.423776557205957,87,87,1370.0,0.06941128138921797,1.303927523051703,2.423776557205957,87,1370.0,1.303927523051703
33215.0,89,1515.0,11.390977443609023,2.389356939035662,89,89,1515.0,0.07425004229613287,1.371351708628535,2.389356939035662,89,1515.0,1.371351708628535
33220.0,90,1637.0,12.125925925925927,2.161066819553084,90,90,1637.0,0.05274906082857731,1.0163334355056353,2.161066819553084,90,1637.0,1.0163334355056353
33225.0,90,1698.0,12.863636363636363,2.0969717919733655,90,90,1698.0,0.055438929927005436,1.04767303382086,2.0969717919733655,90,1698.0,1.04767303382086
33230.0,90,1823.0,13.604477611940299,2.1850633877941625,90,90,1764.0,0.06515980423473325,1.1976697709745703,2.1850633877941625,90,1764.0,1.1976697709745703
33235.0,93,1957.0,14.714285714285714,2.031012765711759,93,93,1957.0,0.057269092937490426,1.0846477635134895,2.031012765711759,93,1957.0,1.0846477635134895
33240.0,94,2230.0,17.153846153846153,1.9073830372534943,94,94,2230.0,0.05018165167261232,0.9985019503503276,1.9073830372534943,94,2230.0,0.9985019503503276
33245.0,101,2657.0,19.977443609022558,1.683248461927146,101,101,2655.0,0.04441625941067463,0.8341787587237561,1.683248461927146,101,2655.0,0.8341787587237561
33250.0,109,3189.0,24.15909090909091,1.5629265066244589,109,109,3189.0,0.03845475251855446,0.722619429900352,1.5629265066244589,109,3189.0,0.722619429900352
33255.0,111,3551.0,26.5,1.3978810305206832,111,111,3551.0,0.026882023053275937,0.5474477052798794,1.3978810305206832,111,3551.0,0.5474477052798794
33260.0,108,3772.0,28.360902255639097,1.6108749008135,108,108,3709.0,0.04009742505424561,0.7730190663668174,1.6108749008135,108,3709.0,0.7730190663668174
33265.0,106,3975.0,30.34351145038168,1.5857223715540814,106,106,3975.0,0.05128703416049003,0.9278635604564824,1.5857223715540814,106,3975.0,0.9278635604564824
33270.0,102,3966.0,30.74418604651163,1.4496686617201424,102,102,3966.0,0.04669496054370143,0.8827363463549411,1.4496686617201424,102,3966.0,0.8827363463549411
33275.0,97,3808.0,29.51937984496124,1.6927451741107737,97,97,3745.0,0.05339109960908742,0.9985323672536244,1.6927451741107737,97,3745.0,0.9985323672536244
33280.0,94,3632.0,27.93846153846154,1.7708848877632273,94,94,3632.0,0.05873619019979821,1.066264233448942,1.7708848877632273,94,3632.0,1.066264233448942
33285.0,89,3387.0,26.053846153846155,1.8819349603451887,89,89,3387.0,0.06490143859283416,1.1713614331485462,1.8819349603451887,89,3387.0,1.1713614331485462
33290.0,91,3190.0,23.984962406015036,2.007680413819777,91,91,3166.0,0.060872104785220954,1.1397825678175149,2.007680413819777,91,3166.0,1.1397825678175149
33295.0,93,2999.0,22.71969696969697,2.0007592094211577,93,93,2999.0,0.06347378390697388,1.154419640878302,2.0007592094211577,93,2999.0,1.154419640878302
33300.0,90,2718.0,20.748091603053435,2.011710749603964,90,90,2718.0,0.0607112717045204,1.104314613184723,2.011710749603964,90,2718.0,1.104314613184723
33305.0,88,2360.0,17.48148148148148,2.142883648396749,88,88,2332.0,0.06469283972816534,1.1461732148238721,2.142883648396749,88,2332.0,1.1461732148238721
33310.0,83,1985.0,14.813432835820896,2.4438004410443663,83,83,1985.0,0.08225550053219932,1.4843684652372908,2.4438004410443663,83,1985.0,1.4843684652372908
33315.0,80,1513.0,11.207407407407407,2.315488661238856,80,80,1513.0,0.0702187055735653,1.3027697132373934,2.315488661238856,80,1513.0,1.3027697132373934
33320.0,76,1169.0,8.723880597014926,2.619039494563015,76,76,1141.0,0.08644889687866375,1.5761896606656074,2.619039494563015,76,1141.0,1.5761896606656074
33325.0,78,1102.0,8.285714285714286,2.589106487742597,78,78,1102.0,0.09699311790393136,1.7389328259650305,2.589106487742597,78,1102.0,1.7389328259650305
33330.0,81,1158.0,8.706766917293233,2.3915427516827044,81,81,1158.0,0.0790320565862371,1.4853181706006282,2.3915427516827044,81,1158.0,1.4853181706006282
33335.0,88,1283.0,9.719696969696969,2.277553122027374,88,88,1260.0,0.06922735810942451,1.2957617039447507,2.277553122027374,88,1260.0,1.2957617039447507
33340.0,90,1430.0,10.592592592592593,2.23855647635314,90,90,1430.0,0.058598179278281814,1.078116046726189,2.23855647635314,90,1430.0,1.078116046726189
33345.0,89,1491.0,11.295454545454545,2.136527564084072,89,89,1491.0,0.059927900910008006,1.0966315537134748,2.136527564084072,89,1491.0,1.0966315537134748
33350.0,84,1471.0,10.977611940298507,2.25970635551082,84,84,1443.0,0.06330024139756593,1.2305621705558856,2.25970635551082,84,1443.0,1.2305621705558856
33355.0,82,1434.0,10.781954887218046,2.458695914779248,82,82,1434.0,0.07474038595974548,1.434177279009039,2.458695914779248,82,1434.0,1.434177279009039
33360.0,80,1379.0,10.526717557251908,2.384583517745081,79,80,1378.0,0.07176260008729039,1.3736814453077386,2.384583517745081,79,1378.0,1.3736814453077386
33365.0,82,1426.0,10.721804511278195,2.3057670041696263,82,82,1422.0,0.06729407960976463,1.2777591875682477,2.3057670041696263,82,1422.0,1.2777591875682477
33370.0,88,1626.0,12.225563909774436,2.3521795171968556,88,88,1626.0,0.06750824598463812,1.28607336865858,2.3521795171968556,88,1626.0,1.28607336865858
33375.0,94,1894.0,14.240601503759398,1.8956961036926578,94,94,1894.0,0.05034357080913512,0.9906655574097779,1.8956961036926578,94,1894.0,0.9906655574097779
33380.0,95,2144.0,16.49230769230769,1.8652175035071608,95,95,2131.0,0.056253646923347195,1.0579002064773457,1.8652175035071608,95,2131.0,1.0579002064773457
33385.0,93,2382.0,18.18320610687023,2.0677573727638308,93,93,2382.0,0.06870775351399004,1.2731968612064937,2.0677573727638308,93,2382.0,1.2731968612064937
33390.0,88,2422.0,18.48854961832061,2.0746351184364964,88,88,2422.0,0.06313163467959898,1.2367489631321078,2.0746351184364964,88,2422.0,1.2367489631321078
33395.0,84,2324.0,17.740458015267176,2.3313352372452427,84,84,2266.0,0.06986373720012758,1.325493188192385,2.3313352372452427,84,2266.0,1.325493188192385
33400.0,81,2209.0,16.734848484848484,2.3383650663851974,81,81,2209.0,0.0770127044660697,1.414404314576283,2.3383650663851974,81,2209.0,1.414404314576283
33405.0,78,2043.0,15.715384615384615,2.3437954895211184,78,78,2043.0,0.07764711095752373,1.4416955027368235,2.3437954895211184,78,2043.0,1.4416955027368235
33410.0,77,1960.0,14.961832061068701,2.31115636780075,77,77,1947.0,0.07561589245526167,1.4034876761931754,2.31115636780075,77,1947.0,1.4034876761931754
33415.0,79,1896.0,14.584615384615384,2.2514693573320423,79,79,1896.0,0.06967262720029162,1.340329311292964,2.2514693573320423,79,1896.0,1.340329311292964
33420.0,77,1738.0,13.36923076923077,2.261492849061622,77,77,1738.0,0.06434442828031378,1.2599638656611236,2.261492849061622,77,1738.0,1.2599638656611236
33425.0,78,1662.0,12.590909090909092,2.128763384153624,78,78,1622.0,0.06312787712777698,1.2159856074359745,2.128763384153624,78,1622.0,1.2159856074359745
33430.0,78,1597.0,12.284615384615385,2.2682335249920094,78,78,1597.0,0.07535684219936513,1.4248374686427125,2.2682335249920094,78,1597.0,1.4248374686427125
33435.0,78,1516.0,11.572519083969466,2.0954633115185874,78,78,1516.0,0.07434107435127349,1.341816203511123,2.0954633115185874,78,1516.0,1.341816203511123
33440.0,80,1455.0,11.192307692307692,2.2190475421589078,80,80,1441.0,0.0799963770945752,1.4614784131223628,2.2190475421589078,80,1441.0,1.4614784131223628
33445.0,82,1545.0,11.61654135338346,2.387573137930769,82,82,1545.0,0.08314160791005769,1.509961374213624,2.387573137930769,82,1545.0,1.509961374213624
33450.0,81,1788.0,13.648854961832061,2.4698651012852744,81,81,1788.0,0.08536449186347136,1.5569546851119744,2.4698651012852744,81,1788.0,1.5569546851119744
33455.0,81,2033.0,15.75968992248062,2.5487890165221856,81,81,2033.0,0.09152958383413284,1.6172999332776516,2.5487890165221856,81,2033.0,1.6172999332776516
33460.0,81,1915.0,14.618320610687023,2.222033424722046,81,81,1915.0,0.06852920937974438,1.2342283171248776,2.222033424722046,81,1915.0,1.2342283171248776
33465.0,83,2229.0,17.27906976744186,2.2819206144023956,83,83,2051.0,0.08115964653575605,1.4249604698823315,2.2819206144023956,83,2051.0,1.4249604698823315
33470.0,87,2572.0,19.633587786259543,2.3107814174171573,87,87,2570.0,0.07863197044933044,1.4088005915099722,2.3107814174171573,87,2570.0,1.4088005915099722
33475.0,89,2834.0,21.633587786259543,2.34065350576938,89,89,2834.0,0.0629635596995608,1.1962918638885376,2.34065350576938,89,2834.0,1.1962918638885376
33480.0,87,3170.0,24.384615384615383,2.6585963268917925,87,87,3133.0,0.07342768399164833,1.3578253616328968,2.6585963268917925,87,3133.0,1.3578253616328968
33485.0,89,3530.0,26.946564885496183,2.442743508674527,89,89,3530.0,0.07117018412248909,1.281201652091492,2.442743508674527,89,3530.0,1.281201652091492
33490.0,87,3646.0,27.83206106870229,2.590422835026468,87,87,3646.0,0.07525749882664999,1.3657272239498073,2.590422835026468,87,3646.0,1.3657272239498073
33495.0,87,3656.0,27.696969696969695,2.619212674768663,87,87,3573.0,0.07042726781870076,1.3675909622668487,2.619212674768663,87,3573.0,1.3675909622668487
33500.0,89,3673.0,27.825757575757574,2.748643372999385,89,89,3673.0,0.07403191813501356,1.4255621576962272,2.748643372999385,89,3673.0,1.4255621576962272
33505.0,92,3693.0,28.19083969465649,2.44448045920716,92,92,3693.0,0.06336888865611631,1.1767358787015485,2.44448045920716,92,3693.0,1.1767358787015485
33510.0,90,3718.0,28.82170542635659,2.5252131392154435,90,90,3718.0,0.07102564999275726,1.3414271754751483,2.5252131392154435,90,3718.0,1.3414271754751483
33515.0,91,3746.0,29.265625,2.4108470415130503,91,91,3746.0,0.06186675924116275,1.2125472824840395,2.4108470415130503,91,3746.0,1.2125472824840395
33520.0,93,3782.0,29.546875,2.13210564575254,93,93,3782.0,0.04913559444002987,0.9476596368503857,2.13210564575254,93,3782.0,0.9476596368503857
33525.0,91,3737.0,29.4251968503937,2.19676480875643,91,91,3737.0,0.0528840813281936,1.0144565426399357,2.19676480875643,91,3737.0,1.0144565426399357
33530.0,91,3756.0,29.80952380952381,2.094463132286832,91,91,3723.0,0.05844112281729419,1.0747186570747815,2.094463132286832,91,3723.0,1.0747186570747815
33535.0,91,3786.0,30.047619047619047,2.158546498096847,91,91,3786.0,0.06273684698982043,1.145473228797114,2.158546498096847,91,3786.0,1.145473228797114
33540.0,92,3821.0,30.568,2.1384929118944807,92,92,3821.0,0.05825715838451829,1.125442201685217,2.1384929118944807,92,3821.0,1.125442201685217
33545.0,94,3945.0,31.30952380952381,1.8793828747506944,94,94,3945.0,0.04833465607213441,0.9761402063502772,1.8793828747506944,94,3945.0,0.9761402063502772
33550.0,96,4326.0,34.608,1.9214392284676027,96,96,4326.0,0.04961952614560444,1.021854153587496,1.9214392284676027,96,4326.0,1.021854153587496
33555.0,99,4534.0,35.98412698412698,1.688425237520998,99,99,4534.0,0.045137791288325506,0.9183304347826118,1.688425237520998,99,4534.0,0.9183304347826118
33560.0,100,4561.0,36.488,1.6162247156823943,100,100,4469.0,0.04813508144096363,0.9160055941132466,1.6162247156823943,100,4469.0,0.9160055941132466
33565.0,99,4585.0,36.975806451612904,1.6021889517726555,99,99,4585.0,0.057720855733398906,1.0428823980938875,1.6021889517726555,99,4585.0,1.0428823980938875
33570.0,95,4593.0,37.04032258064516,1.7672610398796464,95,95,4593.0,0.06442179323976294,1.1151221270931153,1.7672610398796464,95,4593.0,1.1151221270931153
33575.0,90,4583.0,36.95967741935484,2.311776225551023,90,90,4583.0,0.08795757840453476,1.533344701931096,2.311776225551023,90,4583.0,1.533344701931096
33580.0,88,4553.0,35.8503937007874,2.2608441794424046,88,88,4553.0,0.07331684235099667,1.3771897569337306,2.2608441794424046,88,4553.0,1.3771897569337306
33585.0,85,4423.0,35.1031746031746,2.2468563683101226,85,85,4423.0,0.07292025966959345,1.4259036598004329,2.2468563683101226,85,4423.0,1.4259036598004329
33590.0,89,4376.0,34.73015873015873,2.087379190577362,88,89,4375.0,0.06917247250616904,1.3552317422950155,2.087379190577362,88,4375.0,1.3552317422950155
33595.0,88,4325.0,34.6,2.1865059454481792,88,88,4324.0,0.07302438772438413,1.3929176705763455,2.1865059454481792,88,4324.0,1.3929176705763455
33600.0,82,4203.0,33.624,2.349912685865511,82,82,4203.0,0.07462731880078889,1.407788413284928,2.349912685865511,82,4203.0,1.407788413284928
33605.0,82,4200.0,32.55813953488372,2.4718083120463517,82,82,4181.0,0.08229482074144642,1.5432008906544619,2.4718083120463517,82,4181.0,1.5432008906544619
33610.0,79,4451.0,34.7734375,2.802056915297512,79,79,4451.0,0.10212228506621472,1.8866932096470062,2.802056915297512,79,4451.0,1.8866932096470062
33615.0,82,4749.0,36.81395348837209,2.5502953684157004,81,82,4748.0,0.08453363938037929,1.5945668651607066,2.5502953684157004,81,4748.0,1.5945668651607066
33620.0,85,5062.0,39.546875,2.493338416185115,85,85,5053.0,0.07564050542245696,1.459343181849982,2.493338416185115,85,5053.0,1.459343181849982
33625.0,92,5420.0,42.01550387596899,2.0977932199989735,92,92,5420.0,0.05765495582994185,1.1013612515395028,2.0977932199989735,92,5420.0,1.1013612515395028
33630.0,92,5763.0,45.0234375,2.0969127819787383,92,92,5763.0,0.05573449187177957,1.0988731908863478,2.0969127819787383,92,5763.0,1.0988731908863478
33635.0,88,6064.0,48.12698412698413,2.1137763083059813,88,88,6051.0,0.05882424307710568,1.1189518829384162,2.1137763083059813,88,6051.0,1.1189518829384162
33640.0,86,6354.0,49.25581395348837,2.306397023824845,86,86,6354.0,0.06568889455252191,1.2182756711707277,2.306397023824845,86,6354.0,1.2182756711707277
33645.0,85,6611.0,52.05511811023622,2.2797944149935336,85,85,6611.0,0.06219735033005048,1.211145072893264,2.2797944149935336,85,6611.0,1.211145072893264
33650.0,92,6981.0,53.7,2.0709355842367594,92,92,6920.0,0.0488126156648732,0.909793702920152,2.0709355842367594,92,6920.0,0.909793702920152
33655.0,95,7378.0,57.640625,2.0636299991421527,95,95,7378.0,0.053945314724691225,1.0033777737166039,2.0636299991421527,95,7378.0,1.0033777737166039
33660.0,94,7683.0,61.464,1.8098529693902747,94,94,7683.0,0.037129994213374,0.7022640477049141,1.8098529693902747,94,7683.0,0.7022640477049141
33665.0,91,7999.0,63.992,1.9298154987186478,91,91,7970.0,0.05572524645227586,0.9986062605297691,1.9298154987186478,91,7970.0,0.9986062605297691
33670.0,93,8404.0,67.232,2.0248114000963557,93,93,8404.0,0.06201952158465367,1.118116279506098,2.0248114000963557,93,8404.0,1.118116279506098
33675.0,98,8884.0,70.5079365079365,1.8061568750750245,98,98,8884.0,0.052407075356213494,0.9144520715719779,1.8061568750750245,98,8884.0,0.9144520715719779
33680.0,104,9391.0,75.128,1.6113445116052223,104,104,9391.0,0.036821431049362766,0.7013700141562189,1.6113445116052223,104,9391.0,0.7013700141562189
33685.0,107,9911.0,78.03937007874016,1.5759455979902495,107,107,9911.0,0.03223157609183825,0.6205073080210995,1.5759455979902495,107,9911.0,0.6205073080210995
33690.0,107,10442.0,84.20967741935483,1.4761232130420225,107,107,10442.0,0.033073406722971876,0.6556585151081874,1.4761232130420225,107,10442.0,0.6556585151081874
33695.0,107,10977.0,88.5241935483871,1.565689613840966,107,107,10977.0,0.03571753470267554,0.7112019024141368,1.565689613840966,107,10977.0,0.7112019024141368
33700.0,107,11503.0,91.2936507936508,1.4369883901786176,107,107,11503.0,0.028870238569557005,0.5691394288943845,1.4369883901786176,107,11503.0,0.5691394288943845
33705.0,108,12040.0,97.88617886178862,1.2802271865298862,108,108,12032.0,0.03672697078591711,0.6558609043450488,1.2802271865298862,108,12032.0,0.6558609043450488
33710.0,109,12582.0,100.656,1.1722039501385073,109,109,12582.0,0.03526004404384442,0.5666282270292756,1.1722039501385073,109,12582.0,0.5666282270292756
33715.0,106,12506.0,100.048,1.3058902505316676,106,106,12506.0,0.03308793261300419,0.5760716599043139,1.3058902505316676,106,12506.0,0.5760716599043139
33720.0,102,11997.0,96.75,1.448452421056925,102,102,11794.0,0.03938086370716314,0.6808186067471216,1.448452421056925,102,11794.0,0.6808186067471216
33725.0,98,11468.0,92.48387096774194,1.576856973619852,98,98,11468.0,0.0542985074521772,0.9300863745864216,1.576856973619852,98,11468.0,0.9300863745864216
33730.0,93,10918.0,89.49180327868852,1.8188233394555724,93,93,10918.0,0.06512456335098597,1.150117875150618,1.8188233394555724,93,10918.0,1.150117875150618
33735.0,90,10348.0,84.81967213114754,1.9427028814922274,90,90,10348.0,0.07259433850691134,1.277066286519801,1.9427028814922274,90,10348.0,1.277066286519801
33740.0,85,9758.0,79.98360655737704,2.3621037638821565,85,85,9758.0,0.09319471705404628,1.6745198153345455,2.3621037638821565,85,9758.0,1.6745198153345455
33745.0,83,9146.0,73.75806451612904,2.551538858583331,83,83,9146.0,0.09711131725923101,1.817643702940661,2.551538858583331,83,9146.0,1.817643702940661
33750.0,81,8207.0,66.18548387096774,2.6163322909412017,81,81,8207.0,0.09411812845835749,1.8217264882569462,2.6163322909412017,81,8207.0,1.8217264882569462
33755.0,79,7040.0,56.774193548387096,2.6331186284988775,79,79,7040.0,0.08846303696993485,1.7120506939494378,2.6331186284988775,79,7040.0,1.7120506939494378
33760.0,80,5854.0,47.20967741935484,2.4892366400826416,79,80,5851.0,0.08100195451121948,1.5965735275691175,2.4892366400826416,79,5851.0,1.5965735275691175
33765.0,77,4649.0,37.796747967479675,2.571983245959534,77,77,4645.0,0.08372505299223192,1.645845997989895,2.571983245959534,77,4645.0,1.645845997989895
33770.0,75,3428.0,27.64516129032258,2.472733727195097,75,75,3427.0,0.07894997587125334,1.5360439921744897,2.472733727195097,75,3427.0,1.5360439921744897
33775.0,70,2384.0,19.225806451612904,2.8481082368407264,70,70,2365.0,0.1030462899138236,1.906357936451446,2.8481082368407264,70,2365.0,1.906357936451446
33780.0,67,1641.0,13.561983471074381,3.008541069344019,67,67,1641.0,0.11133654951633247,2.0674539109333905,3.008541069344019,67,1641.0,2.0674539109333905
33785.0,68,1171.0,9.443548387096774,2.864186169456053,68,68,1171.0,0.09925437769971296,1.8985963029151933,2.864186169456053,68,1171.0,1.8985963029151933
33790.0,72,931.0,7.388888888888889,2.8356887605828462,72,72,875.0,0.09014270854845749,1.7121628231405983,2.8356887605828462,72,875.0,1.7121628231405983
33795.0,76,1027.0,8.0234375,2.688396458278116,76,76,1027.0,0.08144737960711092,1.5037464979915038,2.688396458278116,76,1027.0,1.5037464979915038
33800.0,79,1176.0,9.333333333333334,2.489435342846293,79,79,1176.0,0.07139738002320972,1.3707700873235065,2.489435342846293,79,1176.0,1.3707700873235065
33805.0,80,1277.0,10.216,2.4108484839931457,80,80,1244.0,0.0685345064032237,1.3200136060935972,2.4108484839931457,80,1244.0,1.3200136060935972
33810.0,81,1389.0,11.023809523809524,2.530366108296521,81,81,1389.0,0.08749830371983973,1.6062325444106886,2.530366108296521,81,1389.0,1.6062325444106886
33815.0,77,1499.0,11.803149606299213,2.8164265514581466,77,77,1499.0,0.09788888669405468,1.7539927252526895,2.8164265514581466,77,1499.0,1.7539927252526895
33820.0,76,1499.0,11.7109375,2.539696071312267,76,76,1499.0,0.0845830887072301,1.5396401452268649,2.539696071312267,76,1499.0,1.5396401452268649
33825.0,73,1471.0,11.4031007751938,2.712327002817768,73,73,1438.0,0.08791216116856272,1.6168481387079197,2.712327002817768,73,1438.0,1.6168481387079197
33830.0,72,1479.0,11.465116279069768,2.749627141060001,72,72,1479.0,0.09153746310502865,1.6754188109133028,2.749627141060001,72,1479.0,1.6754188109133028
33835.0,73,1273.0,10.023622047244094,2.65792548462943,73,73,1273.0,0.08428934919222923,1.576507839060697,2.65792548462943,73,1273.0,1.576507839060697
33840.0,78,1307.0,10.373015873015873,2.6923346380001383,78,78,1180.0,0.07912462788938332,1.5153981073797362,2.6923346380001383,78,1180.0,1.5153981073797362
33845.0,80,1352.0,10.4,2.664748667426342,80,80,1352.0,0.07464934934885482,1.4237852187909668,2.664748667426342,80,1352.0,1.4237852187909668
33850.0,79,1362.0,10.640625,2.7091315978780264,79,79,1362.0,0.07452907974423523,1.4454274007944181,2.7091315978780264,79,1362.0,1.4454274007944181
33855.0,82,1525.0,12.007874015748031,2.4795834601830093,82,82,1477.0,0.0754888956462997,1.3936006225865907,2.4795834601830093,82,1477.0,1.3936006225865907
33860.0,87,1775.0,14.087301587301587,2.438007289645953,87,87,1775.0,0.07709710555870362,1.370589895991483,2.438007289645953,87,1775.0,1.370589895991483
33865.0,91,1952.0,15.131782945736434,2.1988266574999398,91,91,1952.0,0.05718799115461687,1.0382513794566381,2.1988266574999398,91,1952.0,1.0382513794566381
33870.0,85,2060.0,15.968992248062015,2.520723004556847,85,85,2032.0,0.06795692255336785,1.2342613084833036,2.520723004556847,85,2032.0,1.2342613084833036
33875.0,81,2150.0,17.2,2.577498424110038,81,81,2150.0,0.07905278579041129,1.411391749201529,2.577498424110038,81,2150.0,1.411391749201529
33880.0,80,2368.0,19.096774193548388,2.5668638470816165,80,80,2368.0,0.08367183206617887,1.51596201919236,2.5668638470816165,80,2368.0,1.51596201919236
33885.0,83,2624.0,21.508196721311474,2.352952476803242,83,83,2624.0,0.07431341413787766,1.3318769573049143,2.352952476803242,83,2624.0,1.3318769573049143
33890.0,88,2907.0,23.827868852459016,1.9966896457425456,88,88,2907.0,0.061628302467878475,1.1041415661735463,1.9966896457425456,88,2907.0,1.1041415661735463
33895.0,89,3201.0,26.454545454545453,2.0313669014914266,89,89,3201.0,0.054927341991107985,1.0536427191031126,2.0313669014914266,89,3201.0,1.0536427191031126
33900.0,87,3391.0,28.024793388429753,2.0623750341318736,87,87,3391.0,0.05286293513623451,1.0181753523115067,2.0623750341318736,87,3391.0,1.0181753523115067
33905.0,86,3635.0,29.08,2.2536004333850252,86,86,3602.0,0.06562922156756983,1.22356918592928,2.2536004333850252,86,3602.0,1.22356918592928
33910.0,87,3917.0,31.588709677419356,2.401463918339732,87,87,3917.0,0.075446264441212,1.3740606463506513,2.401463918339732,87,3917.0,1.3740606463506513
33915.0,88,4203.0,34.170731707317074,2.219705816592383,88,88,4203.0,0.0687657105492628,1.2589798809387798,2.219705816592383,88,4203.0,1.2589798809387798
33920.0,86,4204.0,34.17886178861789,2.1833466318622157,86,86,4204.0,0.06368447775547528,1.2143706608500717,2.1833466318622157,86,4204.0,1.2143706608500717
33925.0,87,4123.0,33.25,2.368535432222856,87,87,4025.0,0.07117315962476278,1.3250645849640192,2.368535432222856,87,4025.0,1.3250645849640192
33930.0,86,4052.0,33.21311475409836,2.3970418978009422,86,86,4052.0,0.07606035665019242,1.380878187067188,2.3970418978009422,86,4052.0,1.380878187067188
33935.0,89,3990.0,33.529411764705884,2.0294470360479595,89,89,3990.0,0.0602435088989272,1.1087975297933532,2.0294470360479595,89,3990.0,1.1087975297933532
33940.0,90,3936.0,32.26229508196721,1.9914621318004917,90,90,3936.0,0.05300925357022499,0.9630548162301198,1.9914621318004917,90,3936.0,0.9630548162301198
33945.0,92,3892.0,31.901639344262296,1.9542615605734317,92,92,3892.0,0.0441482163540029,0.8385533357719697,1.9542615605734317,92,3892.0,0.8385533357719697
33950.0,90,3817.0,31.03252032520325,1.8097138911117776,90,90,3817.0,0.04336416509492421,0.8032694896745812,1.8097138911117776,90,3817.0,0.8032694896745812
33955.0,92,3770.0,30.650406504065042,1.857707584011454,92,92,3751.0,0.048502820317279274,0.8473061869222891,1.857707584011454,92,3751.0,0.8473061869222891
33960.0,92,3730.0,30.57377049180328,1.97631271894331,92,92,3730.0,0.05856919454394132,1.0232694896745833,1.97631271894331,92,3730.0,1.0232694896745833
33965.0,93,3757.0,30.795081967213115,1.7604736414216349,93,93,3757.0,0.04656010162251663,0.8606156602367252,1.7604736414216349,93,3757.0,0.8606156602367252
33970.0,91,3785.0,31.28099173553719,1.7705630444652067,91,91,3785.0,0.05333935917381966,0.9639157630895564,1.7705630444652067,91,3785.0,0.9639157630895564
33975.0,90,3805.0,30.934959349593495,1.8114743409786458,90,90,3722.0,0.05531348161138661,1.045221153093638,1.8114743409786458,90,3722.0,1.045221153093638
33980.0,91,3835.0,31.958333333333332,1.8019694763998626,91,91,3835.0,0.06346018126167784,1.1625845349311683,1.8019694763998626,91,3835.0,1.1625845349311683
33985.0,94,3859.0,31.3739837398374,1.8460916463224855,94,94,3859.0,0.06091010883664799,1.1329837833604772,1.8460916463224855,94,3859.0,1.1329837833604772
33990.0,92,3892.0,31.901639344262296,1.8611172092125003,92,92,3887.0,0.05624171352388629,1.029345758750409,1.8611172092125003,92,3887.0,1.029345758750409
33995.0,93,3931.0,32.75833333333333,1.88364704197489,93,93,3931.0,0.06393470152616296,1.1461387868964883,1.88364704197489,93,3931.0,1.1461387868964883
34000.0,93,3774.0,30.682926829268293,1.6760786092067073,93,93,3774.0,0.041314076981090145,0.7881346963107647,1.6760786092067073,93,3774.0,0.7881346963107647
34005.0,89,3477.0,28.5,1.865937994693362,89,89,3414.0,0.0554608290436316,1.0187653269413928,1.865937994693362,89,3414.0,1.0187653269413928
34010.0,84,3157.0,25.666666666666668,1.9326679868990237,84,84,3157.0,0.06533374942035566,1.1875872320794283,1.9326679868990237,84,3157.0,1.1875872320794283
34015.0,82,2732.0,22.211382113821138,2.0292447399646916,82,82,2732.0,0.05972045820001789,1.1480254151827465,2.0292447399646916,82,2732.0,1.1480254151827465
34020.0,77,2236.0,18.178861788617887,2.359620228984422,77,77,2208.0,0.07143442286322721,1.3591637659181952,2.359620228984422,77,2208.0,1.3591637659181952
34025.0,74,1911.0,15.288,2.4775870271818423,74,74,1911.0,0.08233684652335703,1.5355952538701894,2.4775870271818423,74,1911.0,1.5355952538701894
34030.0,73,1782.0,14.60655737704918,2.6173542976969046,73,73,1782.0,0.09676588810841014,1.800917671582316,2.6173542976969046,73,1782.0,1.800917671582316
34035.0,74,1607.0,12.959677419354838,2.337014311497934,74,74,1607.0,0.07981674230038537,1.5448348063689459,2.337014311497934,74,1607.0,1.5448348063689459
34040.0,77,1511.0,12.185483870967742,2.5524991938417423,77,77,1480.0,0.08725354890903196,1.6374579041778643,2.5524991938417423,77,1480.0,1.6374579041778643
34045.0,79,1421.0,11.368,2.7672317671578677,79,79,1421.0,0.08954489289358725,1.652511914524247,2.7672317671578677,79,1421.0,1.652511914524247
34050.0,76,1283.0,10.264,2.722412694931209,76,76,1283.0,0.07827782835644996,1.5136489210026045,2.722412694931209,76,1283.0,1.5136489210026045
34055.0,73,1282.0,10.256,3.1158594077364885,73,73,1249.0,0.09438954439505816,1.799436214088695,3.1158594077364885,73,1249.0,1.799436214088695
34060.0,76,1325.0,10.6,2.7866919125390965,76,76,1325.0,0.08533720390315283,1.5705864197530839,2.7866919125390965,76,1325.0,1.5705864197530839
34065.0,77,1379.0,11.120967741935484,2.73290090383832,77,77,1379.0,0.07893127438932004,1.4738170087669755,2.73290090383832,77,1379.0,1.4738170087669755
34070.0,77,1468.0,11.744,2.542060612038242,77,77,1467.0,0.07422664842677713,1.3363646636765656,2.542060612038242,77,1467.0,1.3363646636765656
34075.0,83,1694.0,13.552,2.55185439881124,83,83,1694.0,0.07202107591964256,1.309968815285221,2.55185439881124,83,1694.0,1.309968815285221
34080.0,85,1808.0,14.819672131147541,2.355561338584994,85,85,1808.0,0.06453037145789019,1.1895305751752585,2.355561338584994,85,1808.0,1.1895305751752585
34085.0,84,1831.0,14.766129032258064,2.1549577378660896,84,84,1788.0,0.056627326023238535,1.0158640623166397,2.1549577378660896,84,1788.0,1.0158640623166397
34090.0,81,1845.0,15.12295081967213,2.387999667434986,81,81,1845.0,0.07724338505267321,1.3694276184491925,2.387999667434986,81,1845.0,1.3694276184491925
34095.0,76,1835.0,15.165289256198347,2.5120678017515745,76,76,1835.0,0.08522233204981182,1.5845513653302485,2.5120678017515745,76,1835.0,1.5845513653302485
34100.0,75,1716.0,14.3,2.3977161400383102,75,75,1716.0,0.08351835801079696,1.5751015267146318,2.3977161400383102,75,1716.0,1.5751015267146318
34105.0,77,1658.0,13.479674796747968,2.373961572409579,77,77,1658.0,0.07971119612592908,1.4835513817029093,2.373961572409579,77,1658.0,1.4835513817029093
34110.0,75,1623.0,13.413223140495868,2.4527236142776414,75,75,1590.0,0.08338761217879996,1.5559477517901146,2.4527236142776414,75,1590.0,1.5559477517901146
34115.0,75,1533.0,12.882352941176471,2.4527854402700036,75,75,1532.0,0.08915659546163475,1.6017739102034427,2.4527854402700036,75,1532.0,1.6017739102034427
34120.0,76,1494.0,12.347107438016529,2.1541076431198722,75,76,1467.0,0.07142340010062975,1.3101885864428138,2.1541076431198722,75,1467.0,1.3101885864428138
34125.0,77,1466.0,12.319327731092438,2.116434504554828,77,77,1439.0,0.07207336966552863,1.3141402027525697,2.116434504554828,77,1439.0,1.3141402027525697
34130.0,77,1458.0,11.950819672131148,2.3136499219613555,77,77,1458.0,0.08706118778548957,1.54772990995348,2.3136499219613555,77,1458.0,1.54772990995348
34135.0,78,1527.0,12.51639344262295,2.224626882630107,78,78,1527.0,0.06626680357687213,1.2725045273553697,2.224626882630107,78,1527.0,1.2725045273553697
34140.0,78,1557.0,12.762295081967213,2.3725308386019037,78,78,1524.0,0.07411540709918954,1.3767192919005693,2.3725308386019037,78,1524.0,1.3767192919005693
34145.0,79,1589.0,13.024590163934427,2.2015359712323237,79,79,1589.0,0.06747105650021903,1.2461643765108956,2.2015359712323237,79,1589.0,1.2461643765108956
34150.0,78,1644.0,13.7,2.175786491125331,78,78,1644.0,0.06373881814326285,1.196945162777897,2.175786491125331,78,1644.0,1.196945162777897
34155.0,81,1853.0,15.188524590163935,2.257266273493927,81,81,1851.0,0.06937247183604368,1.2840966762574477,2.257266273493927,81,1851.0,1.2840966762574477
34160.0,86,2093.0,17.297520661157026,2.140581526829712,86,86,2093.0,0.06238117728388925,1.1869274065838071,2.140581526829712,86,2093.0,1.1869274065838071
34165.0,90,2206.0,17.79032258064516,2.090276329181367,90,90,2206.0,0.05453965820797985,1.0244396727395702,2.090276329181367,90,2206.0,1.0244396727395702
34170.0,83,2205.0,17.782258064516128,2.3098204724288953,83,83,2157.0,0.06653670640038872,1.2221327400752955,2.3098204724288953,83,2157.0,1.2221327400752955
34175.0,80,2189.0,18.09090909090909,2.488458930282873,80,80,2189.0,0.08222582846614865,1.5074921061544608,2.488458930282873,80,2189.0,1.5074921061544608
34180.0,78,2143.0,17.282258064516128,2.366085989632432,78,78,2143.0,0.06713944181746799,1.2602542059484965,2.366085989632432,78,2143.0,1.2602542059484965
34185.0,81,2225.0,18.388429752066116,2.226227026328915,81,81,2216.0,0.06431124725948963,1.2024403328628683,2.226227026328915,81,2216.0,1.2024403328628683
34190.0,86,2395.0,19.631147540983605,2.0791464245440947,86,86,2395.0,0.06585489457051327,1.1672811053433654,2.0791464245440947,86,2395.0,1.1672811053433654
34195.0,89,2185.0,18.361344537815125,1.7040971035592907,89,89,2185.0,0.0529999481590337,0.9750691366122991,1.7040971035592907,89,2185.0,0.9750691366122991
34200.0,88,2356.0,19.798319327731093,1.9174596186461192,88,88,2165.0,0.052825721106473836,1.00405295310337,1.9174596186461192,88,2165.0,1.00405295310337
34205.0,90,2549.0,21.06611570247934,1.8718888234250939,90,90,2549.0,0.05945092523660962,1.0535453568781425,1.8718888234250939,90,2549.0,1.0535453568781425
34210.0,88,2565.0,21.554621848739497,1.809788298840084,88,88,2565.0,0.060942371913036496,1.087724671872971,1.809788298840084,88,2565.0,1.087724671872971
34215.0,84,2447.0,20.057377049180328,1.8551247879533894,84,84,2389.0,0.05487349865589126,0.9875074870780415,1.8551247879533894,84,2389.0,0.9875074870780415
34220.0,82,2485.0,20.368852459016395,2.2009285232478493,82,82,2485.0,0.06706073332446987,1.2308525632767402,2.2009285232478493,82,2485.0,1.2308525632767402
34225.0,85,2595.0,20.76,2.301738482523907,85,85,2595.0,0.0763290876312922,1.3538794728762829,2.301738482523907,85,2595.0,1.3538794728762829
34230.0,82,2667.0,21.682926829268293,2.099075059380613,82,82,2667.0,0.059321997144260126,1.0895638324898147,2.099075059380613,82,2667.0,1.0895638324898147
34235.0,84,2786.0,23.41176470588235,2.0924563972543364,84,84,2764.0,0.06789431446117682,1.2274953922499658,2.0924563972543364,84,2764.0,1.2274953922499658
34240.0,84,2906.0,24.016528925619834,2.1053135411495054,84,84,2906.0,0.06943741600162143,1.2070493452768816,2.1053135411495054,84,2906.0,1.2070493452768816
34245.0,86,3033.0,25.275,1.9549608263416942,86,86,3033.0,0.05596264314155084,1.0188790689619893,1.9549608263416942,86,3033.0,1.0188790689619893
34250.0,86,3163.0,25.715447154471544,2.010330161720383,86,86,3163.0,0.04949083154535408,0.9220550756473573,2.010330161720383,86,3163.0,0.9220550756473573
34255.0,88,3303.0,27.07377049180328,1.9836072484690161,88,88,3303.0,0.05061159125168789,0.9087926384424083,1.9836072484690161,88,3303.0,0.9087926384424083
34260.0,89,3618.0,29.90082644628099,1.9970736688975064,89,89,3618.0,0.050543039277300604,0.9447753700020575,1.9970736688975064,89,3618.0,0.9447753700020575
34265.0,96,4081.0,33.450819672131146,1.6043337245937233,96,96,4081.0,0.039854108583965535,0.7632526862921983,1.6043337245937233,96,4081.0,0.7632526862921983
34270.0,99,4549.0,37.90833333333333,1.4764199037200436,99,99,4549.0,0.04106744748252481,0.8004307308069724,1.4764199037200436,99,4549.0,0.8004307308069724
34275.0,104,5059.0,41.467213114754095,1.2715356927734964,104,104,5044.0,0.036310997260447446,0.6587838460221535,1.2715356927734964,104,5044.0,0.6587838460221535
34280.0,105,5583.0,45.76229508196721,1.3143469232374487,105,105,5583.0,0.04344828989365399,0.7518135009707139,1.3143469232374487,105,5583.0,0.7518135009707139
34285.0,108,6113.0,50.10655737704918,1.2954563524060596,108,108,6113.0,0.04187653361223997,0.764035460897615,1.2954563524060596,108,6113.0,0.764035460897615
34290.0,108,6649.0,54.950413223140494,1.1315451986140534,108,108,6649.0,0.03198203292612699,0.6320527774241312,1.1315451986140534,108,6649.0,0.6320527774241312
34295.0,109,7193.0,59.94166666666667,1.110417024099714,109,109,7193.0,0.03501263968451189,0.6972266904676069,1.110417024099714,109,7193.0,0.6972266904676069
34300.0,108,7375.0,60.450819672131146,0.8577550370777335,108,108,7375.0,0.02279680892547501,0.4590958729630798,0.8577550370777335,108,7375.0,0.4590958729630798
34305.0,104,7301.0,59.84426229508197,1.1094625486895393,104,104,7183.0,0.036536227652651326,0.686682079859628,1.1094625486895393,104,7183.0,0.686682079859628
34310.0,100,7207.0,58.12096774193548,1.2557396596782449,100,100,7207.0,0.04487556668494384,0.8060189002609742,1.2557396596782449,100,7207.0,0.8060189002609742
34315.0,97,6843.0,55.185483870967744,1.4084740094705723,97,97,6843.0,0.04172240921324999,0.8182768523816923,1.4084740094705723,97,6843.0,0.8182768523816923
34320.0,92,6288.0,50.70967741935484,1.6072907823185267,92,92,6205.0,0.047881135662960914,0.9049854234402831,1.6072907823185267,92,6205.0,0.9049854234402831
34325.0,89,5717.0,45.01574803149607,1.8570704090114678,89,89,5717.0,0.06335580395080036,1.1747916259250697,1.8570704090114678,89,5717.0,1.1747916259250697
34330.0,85,5039.0,39.992063492063494,1.9594226480009937,85,85,5039.0,0.06530410713955184,1.26268601377613,1.9594226480009937,85,5039.0,1.26268601377613
34335.0,85,4429.0,34.6015625,2.03059372862266,85,85,4392.0,0.06875287794608363,1.272499999999993,2.03059372862266,85,4392.0,1.272499999999993
34340.0,86,3831.0,29.9296875,2.2456513666783966,86,86,3831.0,0.07613173106983194,1.4014684707945322,2.2456513666783966,86,3831.0,1.4014684707945322
34345.0,90,3239.0,24.915384615384614,2.158017159091201,90,90,3239.0,0.0723522779805767,1.3310069934990327,2.158017159091201,90,3239.0,1.3310069934990327
34350.0,85,2541.0,19.546153846153846,2.2490978031955704,85,85,2541.0,0.06717780302551385,1.2844274274361926,2.2490978031955704,85,2541.0,1.2844274274361926
34355.0,81,1912.0,14.707692307692307,2.4822615485504316,81,81,1879.0,0.07832834370407127,1.432834297584315,2.4822615485504316,81,1879.0,1.432834297584315
34360.0,78,1521.0,11.436090225563909,2.5263353368222528,78,78,1521.0,0.07744345263765856,1.390245334816014,2.5263353368222528,78,1521.0,1.390245334816014
34365.0,78,1329.0,10.223076923076922,2.4974927304739163,78,78,1329.0,0.07293342059741514,1.3891534169759934,2.4974927304739163,78,1329.0,1.3891534169759934
34370.0,80,1320.0,10.076335877862595,2.330464711291924,80,80,1287.0,0.06875331059733997,1.2633425761860868,2.330464711291924,80,1287.0,1.2633425761860868
34375.0,83,1383.0,10.638461538461538,2.4282112097798145,83,83,1383.0,0.07364896855614173,1.3422804796171575,2.4282112097798145,83,1383.0,1.3422804796171575
34380.0,83,1422.0,11.023255813953488,2.3372534841393002,83,83,1422.0,0.0640828400659273,1.1944092063388432,2.3372534841393002,83,1422.0,1.1944092063388432
34385.0,84,1492.0,11.476923076923077,2.2650759039102577,84,84,1475.0,0.0633354162125094,1.1844749262536842,2.2650759039102577,84,1475.0,1.1844749262536842
34390.0,85,1566.0,12.13953488372093,2.4207932633893128,85,85,1566.0,0.07178368337791428,1.341472140966356,2.4207932633893128,85,1566.0,1.341472140966356
34395.0,85,1608.0,12.5625,2.1793948548851603,85,85,1608.0,0.05787061423828725,1.1188013391401004,2.1793948548851603,85,1608.0,1.1188013391401004
34400.0,86,1686.0,13.275590551181102,2.176014278242578,86,86,1654.0,0.06712327954623175,1.244496499599282,2.176014278242578,86,1654.0,1.244496499599282
34405.0,90,1769.0,13.607692307692307,2.1828567944818458,90,90,1769.0,0.0645211532011832,1.2313277481302367,2.1828567944818458,90,1769.0,1.2313277481302367
34410.0,87,1908.0,14.676923076923076,2.374912494188709,87,87,1908.0,0.06921819733681635,1.341055922621206,2.374912494188709,87,1908.0,1.341055922621206
34415.0,93,2193.0,17.26771653543307,2.1201731513079407,93,93,2193.0,0.0638457060846243,1.198649394415781,2.1201731513079407,93,2193.0,1.198649394415781
34420.0,102,2659.0,20.937007874015748,1.549807348246966,102,102,2659.0,0.040911702706100214,0.7502787898433363,1.549807348246966,102,2659.0,0.7502787898433363
34425.0,105,3003.0,24.024,1.3423937571320979,105,105,3003.0,0.03619741248280448,0.6693015237596884,1.3423937571320979,105,3003.0,0.6693015237596884
34430.0,105,3226.0,25.401574803149607,1.2682138719044338,105,105,3168.0,0.0345409192189136,0.5992454170534639,1.2682138719044338,105,3168.0,0.5992454170534639
34435.0,101,3436.0,27.488,1.4383123620287448,101,101,3436.0,0.048377566721641924,0.839550225661205,1.4383123620287448,101,3436.0,0.839550225661205
34440.0,96,3446.0,27.79032258064516,1.472881888296814,96,96,3446.0,0.04443686560338542,0.8268651857106185,1.472881888296814,96,3446.0,0.8268651857106185
34445.0,93,3318.0,26.333333333333332,1.5037427547727755,93,93,3260.0,0.049092396367712156,0.8937004023934688,1.5037427547727755,93,3260.0,0.8937004023934688
34450.0,89,3172.0,25.376,1.8753712227365718,89,89,3172.0,0.0704928518906579,1.2577782794255925,1.8753712227365718,89,3172.0,1.2577782794255925
34455.0,86,2976.0,23.25,1.900209105238453,86,86,2976.0,0.06829966056681638,1.2125679375292613,1.900209105238453,86,2976.0,1.2125679375292613
34460.0,86,2806.0,21.921875,2.1760683416209767,86,86,2787.0,0.07162602434947815,1.2973165571034497,2.1760683416209767,86,2787.0,1.2973165571034497
34465.0,91,2644.0,20.338461538461537,2.2070908530377085,91,91,2644.0,0.07403035804201737,1.352600264933496,2.2070908530377085,91,2644.0,1.352600264933496
34470.0,87,2391.0,18.392307692307693,2.1942256118298995,87,87,2391.0,0.062051962397563706,1.1992173936349282,2.1942256118298995,87,2391.0,1.1992173936349282
34475.0,83,2063.0,15.992248062015504,2.3619519260691173,83,83,2035.0,0.0735140100107691,1.3922273000690615,2.3619519260691173,83,2035.0,1.3922273000690615
34480.0,80,1716.0,13.0,2.4099821482710193,80,80,1716.0,0.07569100949361042,1.3918222037896923,2.4099821482710193,80,1716.0,1.3918222037896923
34485.0,77,1360.0,10.461538461538462,2.4440706782331736,77,77,1360.0,0.07616529974048845,1.4328962021128386,2.4440706782331736,77,1360.0,1.4328962021128386
34490.0,76,1145.0,8.807692307692308,2.359016060406217,76,76,1117.0,0.07565213097020954,1.4045411217561508,2.359016060406217,76,1117.0,1.4045411217561508
34495.0,78,1163.0,9.0859375,2.388739627357379,78,78,1163.0,0.08558062853151305,1.5209153923801162,2.388739627357379,78,1163.0,1.5209153923801162
34500.0,81,1164.0,9.238095238095237,2.1553904174677867,81,81,1164.0,0.07303155489784197,1.338592107796936,2.1553904174677867,81,1164.0,1.338592107796936
34505.0,87,1291.0,9.930769230769231,2.0461839572776226,87,87,1214.0,0.060939475265537314,1.122262110944063,2.0461839572776226,87,1214.0,1.122262110944063
34510.0,88,1430.0,11.085271317829458,2.166687613310322,88,88,1430.0,0.07069381551928336,1.269187398300386,2.166687613310322,88,1430.0,1.269187398300386
34515.0,86,1466.0,11.276923076923078,2.048584367977944,86,86,1466.0,0.05986235252568311,1.1250648878486729,2.048584367977944,86,1466.0,1.1250648878486729
34520.0,86,1581.0,12.255813953488373,2.230123975670249,86,86,1540.0,0.07319059433760271,1.3419239323249321,2.230123975670249,86,1540.0,1.3419239323249321
34525.0,90,1714.0,12.984848484848484,2.2395309989224748,90,90,1714.0,0.0751480728100178,1.31103654941167,2.2395309989224748,90,1714.0,1.31103654941167
34530.0,86,1752.0,13.476923076923077,2.140749464543034,86,86,1752.0,0.06978144839036324,1.245396600029933,2.140749464543034,86,1752.0,1.245396600029933
34535.0,86,1809.0,14.1328125,2.251332745415734,86,86,1766.0,0.07433195388808536,1.335582190695925,2.251332745415734,86,1766.0,1.335582190695925
34540.0,89,1994.0,15.338461538461539,2.1039061974347595,89,89,1994.0,0.06492300541245896,1.1480127466038876,2.1039061974347595,89,1994.0,1.1480127466038876
34545.0,92,2093.0,16.224806201550386,2.00769341887865,92,92,2093.0,0.0533689344097826,0.9740222801596538,2.00769341887865,92,2093.0,0.9740222801596538
34550.0,92,2101.0,16.286821705426355,1.9063255277817708,92,92,2058.0,0.053627305104892865,0.9361245765626294,1.9063255277817708,92,2058.0,0.9361245765626294
34555.0,88,2096.0,16.634920634920636,1.982286189161347,88,88,2096.0,0.06655025108056653,1.161805094644411,1.982286189161347,88,2096.0,1.161805094644411
34560.0,85,2057.0,16.325396825396826,2.097765274470731,85,85,2057.0,0.0656094751524747,1.1964731133313367,2.097765274470731,85,2057.0,1.1964731133313367
34565.0,87,2040.0,15.692307692307692,2.109354043813104,87,87,2025.0,0.059997624144229905,1.101810862677504,2.109354043813104,87,2025.0,1.101810862677504
34570.0,88,2029.0,15.607692307692307,2.205185328125703,88,88,2029.0,0.06248290180821761,1.1775498308940715,2.205185328125703,88,2029.0,1.1775498308940715
34575.0,87,1919.0,14.537878787878787,2.149871216002159,87,87,1919.0,0.05699036353341635,1.1207758620689627,2.149871216002159,87,1919.0,1.1207758620689627
34580.0,86,1882.0,14.589147286821705,2.1922392606041448,86,86,1839.0,0.07313932125993873,1.3527308640151399,2.1922392606041448,86,1839.0,1.3527308640151399
34585.0,90,1865.0,14.346153846153847,2.119839273600444,90,90,1865.0,0.07562221122532514,1.3579058341145571,2.119839273600444,90,1865.0,1.3579058341145571
34590.0,86,1804.0,14.09375,2.013267863847458,86,86,1804.0,0.07019831823179698,1.300113612737787,2.013267863847458,86,1804.0,1.300113612737787
34595.0,86,1807.0,14.1171875,2.201428743087214,86,86,1764.0,0.07184309588166195,1.3363022341386732,2.201428743087214,86,1764.0,1.3363022341386732
34600.0,91,1996.0,15.472868217054264,1.9094965626264773,91,91,1996.0,0.05987187758623817,1.0565830572354118,1.9094965626264773,91,1996.0,1.0565830572354118
34605.0,92,2096.0,16.375,1.8928340073922099,92,92,2096.0,0.05092811790023284,0.9522280575526033,1.8928340073922099,92,2096.0,0.9522280575526033
34610.0,91,2104.0,16.4375,1.921095543202274,91,91,2061.0,0.05515853917023681,0.9929995490382296,1.921095543202274,91,2061.0,0.9929995490382296
34615.0,88,2098.0,16.519685039370078,2.0724924225477515,88,88,2098.0,0.06462702858462217,1.1842361029218673,2.0724924225477515,88,2098.0,1.1842361029218673
34620.0,83,2018.0,16.015873015873016,2.0701382989672035,83,83,2018.0,0.06306473899951213,1.1520963012330696,2.0701382989672035,83,2018.0,1.1520963012330696
34625.0,84,1988.0,15.292307692307693,2.214452794611027,84,84,1961.0,0.06224196286530066,1.1725616866116502,2.214452794611027,84,1961.0,1.1725616866116502
34630.0,85,1962.0,15.209302325581396,2.362560154647594,85,85,1962.0,0.07224036804167507,1.3571523298865051,2.362560154647594,85,1962.0,1.3571523298865051
34635.0,83,1890.0,14.318181818181818,2.351977059239863,83,83,1890.0,0.06424170817423544,1.2286841970728661,2.351977059239863,83,1890.0,1.2286841970728661
34640.0,80,1773.0,13.534351145038167,2.599724181415756,80,80,1760.0,0.07635870464337947,1.4544282526422425,2.599724181415756,80,1760.0,1.4544282526422425
34645.0,79,1636.0,12.488549618320612,2.6797949572319095,79,79,1636.0,0.08992165697290219,1.631893479448788,2.6797949572319095,79,1636.0,1.631893479448788
34650.0,74,1561.0,12.1953125,2.522964181301299,74,74,1561.0,0.0829027041741547,1.5541245678673563,2.522964181301299,74,1561.0,1.5541245678673563
34655.0,79,1669.0,13.246031746031745,2.4640471421202665,79,79,1659.0,0.08281380238369543,1.5422936899773692,2.4640471421202665,79,1659.0,1.5422936899773692
34660.0,88,1986.0,15.395348837209303,2.1864466459990015,88,88,1986.0,0.06562466713047782,1.1999445558838402,2.1864466459990015,88,1986.0,1.1999445558838402
34665.0,92,2297.0,17.9453125,2.0632204097376303,92,92,2297.0,0.046294955451215224,0.9213489313339424,2.0632204097376303,92,2297.0,0.9213489313339424
34670.0,97,2698.0,21.244094488188978,1.7486800428362408,97,97,2636.0,0.041873485139029006,0.8201809036954533,1.7486800428362408,97,2636.0,0.8201809036954533
34675.0,98,3104.0,24.634920634920636,1.5866024599208555,98,98,3101.0,0.045457568742450855,0.8343896674004033,1.5866024599208555,98,3101.0,0.8343896674004033
34680.0,98,3519.0,28.152,1.603647122010895,98,98,3519.0,0.037810933702609184,0.7318365654204747,1.603647122010895,98,3519.0,0.7318365654204747
34685.0,101,3964.0,30.728682170542637,1.5836333793040538,101,101,3964.0,0.03604826644018132,0.7231052592375037,1.5836333793040538,101,3964.0,0.7231052592375037
34690.0,104,4458.0,35.38095238095238,1.4444664217494296,104,104,4458.0,0.037296816786320734,0.7443766540537176,1.4444664217494296,104,4458.0,0.7443766540537176
34695.0,110,4997.0,39.0390625,1.247720477731466,110,110,4984.0,0.032559000015112124,0.5848739495798319,1.247720477731466,110,4984.0,0.5848739495798319
34700.0,110,5547.0,44.023809523809526,1.221471861927851,110,110,5547.0,0.04297209564817414,0.7505039827866196,1.221471861927851,110,5547.0,0.7505039827866196
34705.0,115,6105.0,47.6953125,1.1789727282919151,115,115,6105.0,0.035239383639530525,0.6556076964814515,1.1789727282919151,115,6105.0,0.6556076964814515
34710.0,113,6667.0,52.91269841269841,1.0701256037182278,113,113,6667.0,0.032282784353538714,0.5940181565517609,1.0701256037182278,113,6667.0,0.5940181565517609
34715.0,115,7238.0,57.44444444444444,1.0546524262763004,115,115,7238.0,0.03162942265838232,0.5686424778833863,1.0546524262763004,115,7238.0,0.5686424778833863
34720.0,113,7464.0,58.3125,0.8465891507400896,113,113,7464.0,0.025619119259743223,0.44673578135627445,0.8465891507400896,113,7464.0,0.44673578135627445
34725.0,111,7448.0,58.1875,0.9940264714204243,111,111,7335.0,0.03502984676909865,0.584271841011386,0.9940264714204243,111,7335.0,0.584271841011386
34730.0,106,7413.0,57.02307692307692,1.129680892472963,106,106,7413.0,0.04562180756774789,0.7426047672838043,1.129680892472963,106,7413.0,0.7426047672838043
34735.0,104,7317.0,56.72093023255814,1.1515666722091624,104,104,7317.0,0.04125357740166436,0.6829820166796179,1.1515666722091624,104,7317.0,0.6829820166796179
34740.0,104,7262.0,56.29457364341085,1.317836506023108,104,104,7240.0,0.043247403921304675,0.7492564896052403,1.317836506023108,104,7240.0,0.7492564896052403
34745.0,105,7209.0,54.203007518796994,1.455943909232703,105,105,7209.0,0.043180593649923715,0.7562866444325004,1.455943909232703,105,7209.0,0.7562866444325004
34750.0,106,7134.0,54.458015267175576,1.2949615812633957,105,106,7133.0,0.04319008719043626,0.7991862923135594,1.2949615812633957,105,7133.0,0.7991862923135594
34755.0,105,7083.0,53.65909090909091,1.4644927205668343,105,105,7083.0,0.048847874861962744,0.9189795153922342,1.4644927205668343,105,7083.0,0.9189795153922342
34760.0,107,7038.0,53.31818181818182,1.4940215112061657,107,107,7013.0,0.04410250142513896,0.8530009180622696,1.4940215112061657,107,7013.0,0.8530009180622696
34765.0,108,6991.0,52.17164179104478,1.4759997078055138,108,108,6991.0,0.04345320170799605,0.8304196848956331,1.4759997078055138,108,6991.0,0.8304196848956331
34770.0,107,6948.0,51.850746268656714,1.563406491758886,107,107,6946.0,0.04716454624282839,0.8718203142498363,1.563406491758886,107,6946.0,0.8718203142498363
34775.0,107,6908.0,51.55223880597015,1.6832159850387736,107,107,6908.0,0.05284982001496248,0.9942396690885459,1.6832159850387736,107,6908.0,0.9942396690885459
34780.0,108,6961.0,51.56296296296296,1.4069286583269758,108,108,6961.0,0.028945917423355363,0.5906586675017887,1.4069286583269758,108,6961.0,0.5906586675017887
34785.0,109,7288.0,55.21212121212121,1.2998125064425134,109,109,7288.0,0.03427624714086602,0.6780028642299438,1.2998125064425134,109,7288.0,0.6780028642299438
34790.0,115,7848.0,59.00751879699248,1.0449717995645633,115,115,7847.0,0.028756309148958933,0.5586497699611566,1.0449717995645633,115,7847.0,0.5586497699611566
34795.0,121,8440.0,62.985074626865675,0.8871002083861993,121,121,8440.0,0.024355581323312222,0.46437985675262305,0.8871002083861993,121,8440.0,0.46437985675262305
34800.0,122,9045.0,67.5,0.8008143365352017,122,122,9045.0,0.01979515213503695,0.3856365494973628,0.8008143365352017,122,9045.0,0.3856365494973628
34805.0,126,9665.0,70.03623188405797,0.7470480406422797,126,126,9665.0,0.016700493418295916,0.332118089036849,0.7470480406422797,126,9665.0,0.332118089036849
34810.0,125,10273.0,74.44202898550725,0.863788385682396,125,125,10273.0,0.02248355879413618,0.45280045492685816,0.863788385682396,125,10273.0,0.45280045492685816
34815.0,126,10899.0,78.97826086956522,0.7236385169720085,126,126,10885.0,0.02279228731986449,0.42243002197757906,0.7236385169720085,126,10885.0,0.42243002197757906
34820.0,126,11529.0,83.54347826086956,0.8552234994166472,126,126,11529.0,0.032545562491196035,0.5981557505577325,0.8552234994166472,126,11529.0,0.5981557505577325
34825.0,125,11883.0,84.87857142857143,0.9247099967987849,125,125,11883.0,0.027327483852893752,0.5333567893543116,0.9247099967987849,125,11883.0,0.5333567893543116
34830.0,120,12041.0,86.62589928057554,1.1270410778300344,120,120,11953.0,0.035574362752413866,0.6698927253686744,1.1270410778300344,120,11953.0,0.6698927253686744
34835.0,115,12176.0,88.87591240875912,1.2665259739261348,115,115,12176.0,0.048220210993741165,0.8640049986443323,1.2665259739261348,115,12176.0,0.8640049986443323
34840.0,113,11725.0,84.35251798561151,1.1494921799661688,113,113,11725.0,0.03327421778843639,0.6128621568401913,1.1494921799661688,113,11725.0,0.6128621568401913
34845.0,108,10875.0,78.80434782608695,1.4109059859257798,108,108,10687.0,0.04769674021786727,0.8306933684115386,1.4109059859257798,108,10687.0,0.8306933684115386
34850.0,104,10003.0,71.45,1.5738002187181444,104,104,10003.0,0.05361073023931776,0.9078150288470455,1.5738002187181444,104,10003.0,0.9078150288470455
34855.0,100,9068.0,64.77142857142857,1.73140046862863,100,100,9068.0,0.05627815217463671,0.9958034359039359,1.73140046862863,100,9068.0,0.9958034359039359
34860.0,101,8170.0,58.357142857142854,1.8623385604759197,101,101,8147.0,0.05539209452049835,0.9943266362084765,1.8623385604759197,101,8147.0,0.9943266362084765
34865.0,101,7275.0,51.232394366197184,1.8686984030470273,101,101,7275.0,0.05849331036226273,1.0446630506881394,1.8686984030470273,101,7275.0,1.0446630506881394
34870.0,99,6285.0,44.892857142857146,1.8299547791356165,99,99,6285.0,0.05453872838336362,1.0168625056789589,1.8299547791356165,99,6285.0,1.0168625056789589
34875.0,94,5215.0,36.725352112676056,2.0727337606331164,94,94,5187.0,0.0621370310894192,1.1632906865554906,2.0727337606331164,94,5187.0,1.1632906865554906
34880.0,91,4125.0,29.049295774647888,2.3571740789448636,91,91,4125.0,0.07731633795031016,1.4173752251129663,2.3571740789448636,91,4125.0,1.4173752251129663
34885.0,88,2927.0,20.612676056338028,2.2508203263525894,88,88,2927.0,0.06948531148957074,1.325533030782163,2.2508203263525894,88,2927.0,1.325533030782163
34890.0,83,1889.0,13.492857142857142,2.384452793902311,83,83,1861.0,0.07886848890410986,1.4971650045540486,2.384452793902311,83,1861.0,1.4971650045540486
34895.0,84,1448.0,10.342857142857143,2.5265668414639575,84,84,1448.0,0.08819993533129454,1.622633387573673,2.5265668414639575,84,1448.0,1.622633387573673
34900.0,88,1222.0,8.48611111111111,2.2702790399432233,87,88,1221.0,0.06646789244492449,1.2669409062886425,2.2702790399432233,87,1221.0,1.2669409062886425
34905.0,86,1201.0,8.45774647887324,2.2334991635615236,86,86,1188.0,0.06625487220826445,1.284154222233407,2.2334991635615236,86,1188.0,1.284154222233407
34910.0,89,1252.0,8.63448275862069,2.2031891904333385,89,89,1252.0,0.0638722939915234,1.192210937500001,2.2031891904333385,89,1252.0,1.192210937500001
34915.0,90,1242.0,8.871428571428572,1.9160295313139377,90,90,1242.0,0.059659020554231966,1.1379777587105415,1.9160295313139377,90,1242.0,1.1379777587105415
34920.0,90,1298.0,9.271428571428572,1.971696618987722,90,90,1264.0,0.05656872444630625,1.0897588224230612,1.971696618987722,90,1264.0,1.0897588224230612
34925.0,90,1363.0,9.598591549295774,2.0582666540352395,90,90,1363.0,0.06174709610939206,1.1598163759767703,2.0582666540352395,90,1363.0,1.1598163759767703
34930.0,89,1338.0,9.48936170212766,2.1112080343770625,89,89,1338.0,0.06580236451179357,1.2382800021849487,2.1112080343770625,89,1338.0,1.2382800021849487
34935.0,85,1287.0,9.06338028169014,2.219105886982643,85,85,1259.0,0.0708276173976944,1.3092983832912455,2.219105886982643,85,1259.0,1.3092983832912455
34940.0,87,1333.0,9.589928057553957,2.248030175132617,87,87,1333.0,0.07822177483059281,1.4674062109659276,2.248030175132617,87,1333.0,1.4674062109659276
34945.0,89,1386.0,9.829787234042554,2.2475953012504672,89,89,1386.0,0.07880385515444314,1.4394970315467155,2.2475953012504672,89,1386.0,1.4394970315467155
34950.0,87,1522.0,10.71830985915493,2.374294471161698,87,87,1522.0,0.07788902845928428,1.4690718653963608,2.374294471161698,87,1522.0,1.4690718653963608
34955.0,94,1742.0,12.442857142857143,2.128336798010471,94,94,1724.0,0.07147017124704831,1.317484972858582,2.128336798010471,94,1724.0,1.317484972858582
34960.0,99,1998.0,14.070422535211268,1.9858780456739273,99,99,1998.0,0.06053598244011581,1.0702049210313598,1.9858780456739273,99,1998.0,1.0702049210313598
34965.0,97,2138.0,15.163120567375886,2.0362138105021557,97,97,2138.0,0.05932688049872742,1.0856143815860448,2.0362138105021557,97,2138.0,1.0856143815860448
34970.0,97,2209.0,15.340277777777779,2.179377691713329,97,97,2160.0,0.05862809586155928,1.0684551781314537,2.179377691713329,97,2160.0,1.0684551781314537
34975.0,97,2287.0,15.881944444444445,2.3779820290118536,97,97,2287.0,0.07003562258316041,1.2257196615675556,2.3779820290118536,97,2287.0,1.2257196615675556
34980.0,95,2269.0,15.867132867132867,2.3114693579695347,95,95,2269.0,0.06183241361338307,1.1493628670514027,2.3114693579695347,95,2269.0,1.1493628670514027
34985.0,93,2181.0,15.359154929577464,2.192838795636158,93,93,2153.0,0.06382285671851777,1.1826975533553497,2.192838795636158,93,2153.0,1.1826975533553497
34990.0,87,2099.0,14.886524822695035,2.5499645019139576,87,87,2099.0,0.08499638379439288,1.5431831337821877,2.5499645019139576,87,2099.0,1.5431831337821877
34995.0,87,1844.0,12.985915492957746,2.4529602992002872,87,87,1844.0,0.07460847651674173,1.4228286397345693,2.4529602992002872,87,1844.0,1.4228286397345693
35000.0,93,1893.0,13.521428571428572,2.339347441745416,93,93,1741.0,0.06865055974051579,1.3223779961623894,2.339347441745416,93,1741.0,1.3223779961623894
35005.0,98,1965.0,14.035714285714286,2.103310504264661,98,98,1965.0,0.059875980079806226,1.127054767972233,2.103310504264661,98,1965.0,1.127054767972233
35010.0,95,1968.0,14.26086956521739,2.071513378652699,95,95,1968.0,0.056899055568654745,1.090969187040226,2.071513378652699,95,1968.0,1.090969187040226
35015.0,94,2028.0,14.911764705882353,2.2148619715876756,94,94,1994.0,0.07279169453791184,1.3021679044148038,2.2148619715876756,94,1994.0,1.3021679044148038
35020.0,96,2096.0,15.299270072992702,2.0555426607823395,96,96,2096.0,0.0663125795107488,1.1854243974187941,2.0555426607823395,96,2096.0,1.1854243974187941
35025.0,93,2030.0,14.926470588235293,2.0101869188370856,93,93,2030.0,0.05658897101625298,1.0490354231298644,2.0101869188370856,93,2030.0,1.0490354231298644
35030.0,89,1909.0,14.036764705882353,2.030295346634774,89,89,1866.0,0.06075840674829222,1.0754925310814916,2.030295346634774,89,1866.0,1.0754925310814916
35035.0,91,2006.0,14.75,2.1884564661060004,91,91,2006.0,0.06826222304466889,1.2231965889863,2.1884564661060004,91,2006.0,1.2231965889863
35040.0,97,2225.0,16.1231884057971,2.158937160451708,97,97,2225.0,0.05764243650257247,1.083182692762301,2.158937160451708,97,2225.0,1.083182692762301
35045.0,104,2501.0,17.992805755395683,1.7577282707750237,104,104,2485.0,0.040765836420789056,0.7484002986612125,1.7577282707750237,104,2485.0,0.7484002986612125
35050.0,109,2810.0,20.66176470588235,1.527114115547514,109,109,2810.0,0.04191655578486652,0.7743130962719129,1.527114115547514,109,2810.0,0.7743130962719129
35055.0,107,3093.0,22.576642335766422,1.4270936753052885,107,107,3093.0,0.03528623948216495,0.6777225149796866,1.4270936753052885,107,3093.0,0.6777225149796866
35060.0,108,3407.0,24.868613138686133,1.5994551398388164,108,108,3388.0,0.045089923019453686,0.8374451816463528,1.5994551398388164,108,3388.0,0.8374451816463528
35065.0,110,3722.0,26.776978417266186,1.7395015557713047,110,110,3722.0,0.05356346227009922,0.9752806905968048,1.7395015557713047,110,3722.0,0.9752806905968048
35070.0,106,3944.0,28.78832116788321,1.633222243953417,106,106,3944.0,0.04120506276604445,0.8076342086168025,1.633222243953417,106,3944.0,0.8076342086168025
35075.0,101,4084.0,29.81021897810219,1.8802266347499919,101,101,4056.0,0.05460848048234827,1.041460361542779,1.8802266347499919,101,4056.0,1.041460361542779
35080.0,98,4203.0,30.904411764705884,1.7971928913154314,98,98,4203.0,0.05591191231571205,1.0373695726140513,1.7971928913154314,98,4203.0,1.0373695726140513
35085.0,94,4039.0,29.918518518518518,1.820364966263685,94,94,4039.0,0.056020552911275195,1.0641127521054219,1.820364966263685,94,4039.0,1.0641127521054219
35090.0,91,3741.0,27.917910447761194,1.7605463584634822,91,91,3653.0,0.05811906554088812,1.0887603127920182,1.7605463584634822,91,3653.0,1.0887603127920182
35095.0,92,3599.0,26.659259259259258,2.042741704616964,92,92,3599.0,0.06721798685527981,1.2252911350280238,2.042741704616964,92,3599.0,1.2252911350280238
35100.0,93,3434.0,25.437037037037037,1.9621067650420712,93,93,3434.0,0.06147527866159635,1.1561595288942392,1.9621067650420712,93,3434.0,1.1561595288942392
35105.0,95,3303.0,23.762589928057555,2.040897208936087,95,95,3289.0,0.05509582375613904,1.0249567103324158,2.040897208936087,95,3289.0,1.0249567103324158
35110.0,97,3183.0,22.735714285714284,2.1963090098649967,97,97,3183.0,0.06021057809987258,1.1437410566497617,2.1963090098649967,97,3183.0,1.1437410566497617
35115.0,96,2980.0,21.134751773049647,2.1352302706294317,96,96,2980.0,0.051547551025858035,0.9993927075486636,2.1352302706294317,96,2980.0,0.9993927075486636
35120.0,92,2699.0,19.41726618705036,2.314398840957137,92,92,2671.0,0.06556619087476355,1.2691111441705958,2.314398840957137,92,2671.0,1.2691111441705958
35125.0,90,2396.0,17.237410071942445,2.3559924713958598,90,90,2396.0,0.07572220335756762,1.3937425449827572,2.3559924713958598,90,2396.0,1.3937425449827572
35130.0,84,1987.0,14.503649635036496,2.380538148437751,84,84,1987.0,0.07543177555671723,1.445454936221114,2.380538148437751,84,1987.0,1.445454936221114
35135.0,81,1547.0,11.544776119402986,2.3454143842863613,81,81,1519.0,0.07985579757595343,1.5102761908582942,2.3454143842863613,81,1519.0,1.5102761908582942
35140.0,84,1263.0,9.355555555555556,2.229095001369,84,84,1263.0,0.07974715825833632,1.4527398373983695,2.229095001369,84,1263.0,1.4527398373983695
35145.0,84,1161.0,8.474452554744525,2.2385423138827405,84,84,1161.0,0.07289218388118017,1.3820862705050057,2.2385423138827405,84,1161.0,1.3820862705050057
35150.0,91,1297.0,9.398550724637682,2.0369439126764375,91,91,1235.0,0.060939691707354714,1.1359179960925108,2.0369439126764375,91,1235.0,1.1359179960925108
35155.0,98,1472.0,10.666666666666666,1.8285850335484295,98,98,1472.0,0.05540627609565816,0.9982089802815278,1.8285850335484295,98,1472.0,0.9982089802815278
35160.0,97,1572.0,11.474452554744525,1.8047387426035542,97,97,1572.0,0.04787012215234074,0.9113167750605929,1.8047387426035542,97,1572.0,0.9113167750605929
35165.0,97,1745.0,12.553956834532373,1.8616644159753095,97,97,1706.0,0.05558933430059629,1.0241454670210015,1.8616644159753095,97,1706.0,1.0241454670210015
35170.0,97,1930.0,13.985507246376812,2.003771268106642,97,97,1930.0,0.06475293523140968,1.1881466307571753,2.003771268106642,97,1930.0,1.1881466307571753
35175.0,95,1979.0,14.237410071942445,1.9912583604513587,95,95,1979.0,0.06302727125908271,1.16588870175393,1.9912583604513587,95,1979.0,1.16588870175393
35180.0,92,1970.0,14.485294117647058,2.03294971469165,92,92,1927.0,0.06769647787508735,1.247362651852703,2.03294971469165,92,1927.0,1.247362651852703
35185.0,94,2057.0,14.905797101449275,2.259345631533889,94,94,2057.0,0.07660029324341976,1.4015613401442186,2.259345631533889,94,2057.0,1.4015613401442186
35190.0,95,2088.0,14.914285714285715,2.108655175405547,95,95,2088.0,0.061437923696707974,1.1987153230247167,2.108655175405547,95,2088.0,1.1987153230247167
35195.0,96,2113.0,14.98581560283688,2.1785487948675715,96,96,2070.0,0.061814960036289696,1.1756147531121117,2.1785487948675715,96,2070.0,1.1756147531121117
35200.0,100,2152.0,15.594202898550725,1.7883181176526146,100,100,2152.0,0.05370802776176234,0.9659867699207706,1.7883181176526146,100,2152.0,0.9659867699207706
35205.0,96,2146.0,15.55072463768116,1.878818401097515,96,96,2146.0,0.05816089824109684,1.0555401782599467,1.878818401097515,96,2146.0,1.0555401782599467
35210.0,96,2176.0,15.542857142857143,1.919825907812955,96,96,2154.0,0.05189617160650186,0.9369534113542067,1.919825907812955,96,2154.0,0.9369534113542067
35215.0,97,2211.0,15.792857142857143,2.0949275175400723,97,97,2211.0,0.060671126101889926,1.0820425366955868,2.0949275175400723,97,2211.0,1.0820425366955868
35220.0,94,2150.0,15.579710144927537,2.087360685237468,94,94,2150.0,0.058041665092211814,1.061780556866328,2.087360685237468,94,2150.0,1.061780556866328
35225.0,91,2011.0,14.467625899280575,2.09671444409033,91,91,1983.0,0.05944580014728562,1.0819677326664343,2.09671444409033,91,1983.0,1.0819677326664343
35230.0,86,1851.0,13.41304347826087,2.4226877691989253,86,86,1851.0,0.08015797388302255,1.4471969763768127,2.4226877691989253,86,1851.0,1.4471969763768127
35235.0,82,1579.0,11.278571428571428,2.5130783487276247,82,82,1579.0,0.07737566360601839,1.441650418249353,2.5130783487276247,82,1579.0,1.441650418249353
35240.0,79,1295.0,9.452554744525548,2.611964293700485,79,79,1267.0,0.08442569569575167,1.5571252802171942,2.611964293700485,79,1267.0,1.5571252802171942
35245.0,81,1167.0,8.518248175182482,2.6719974496548633,81,81,1167.0,0.09247876484704086,1.6809878457377496,2.6719974496548633,81,1167.0,1.6809878457377496
35250.0,84,1147.0,8.372262773722628,2.368843531804328,84,84,1147.0,0.07849691674254261,1.4625903860183354,2.368843531804328,84,1147.0,1.4625903860183354
35255.0,90,1282.0,9.289855072463768,2.3467028525213123,90,90,1236.0,0.07259378667678268,1.3588844925139836,2.3467028525213123,90,1236.0,1.3588844925139836
35260.0,98,1454.0,10.385714285714286,1.9155595613742353,98,98,1454.0,0.04816005322904361,0.8593041819486325,1.9155595613742353,98,1454.0,0.8593041819486325
35265.0,96,1563.0,11.492647058823529,1.8012257543495533,96,96,1563.0,0.054589767538691256,0.9764601794606382,1.8012257543495533,96,1563.0,0.9764601794606382
35270.0,95,1731.0,12.635036496350365,1.8592480869141268,95,95,1694.0,0.05755469115437213,1.00498266023863,1.8592480869141268,95,1694.0,1.00498266023863
35275.0,96,1911.0,14.051470588235293,1.9338985206940773,96,96,1911.0,0.06282668782600337,1.0772612016994891,1.9338985206940773,96,1911.0,1.0772612016994891
35280.0,96,2093.0,15.503703703703703,1.9252917061662944,96,96,2093.0,0.056508180605860575,1.0282515983043767,1.9252917061662944,96,2093.0,1.0282515983043767
35285.0,98,2331.0,17.139705882352942,1.8779176835066025,98,98,2331.0,0.05412499285364428,1.0179333945584828,1.8779176835066025,98,2331.0,1.0179333945584828
35290.0,100,2515.0,18.49264705882353,1.7640684175862027,100,100,2515.0,0.04847801031616198,0.9304337770812341,1.7640684175862027,100,2515.0,0.9304337770812341
35295.0,104,2720.0,19.71014492753623,1.670941168110346,104,104,2667.0,0.04747233409672515,0.8960118068524071,1.670941168110346,104,2667.0,0.8960118068524071
35300.0,106,2970.0,21.83823529411765,1.6677239792263825,106,106,2970.0,0.05496140081216191,1.0070597367331344,1.6677239792263825,106,2970.0,1.0070597367331344
35305.0,108,3061.0,22.181159420289855,1.545356404386657,108,108,3061.0,0.0448321463416317,0.8328388928594606,1.545356404386657,108,3061.0,0.8328388928594606
35310.0,102,3028.0,22.264705882352942,1.6672628560308889,102,102,2975.0,0.05132280375934324,0.9552560548657538,1.6672628560308889,102,2975.0,0.9552560548657538
35315.0,98,2978.0,21.897058823529413,1.9915669560121125,98,98,2978.0,0.06579650324153126,1.2001324986232662,1.9915669560121125,98,2978.0,1.2001324986232662
35320.0,99,2915.0,21.1231884057971,1.8222740208085542,99,99,2915.0,0.05747508591853131,1.026709589988223,1.8222740208085542,99,2915.0,1.026709589988223
35325.0,99,2860.0,20.875912408759124,1.9104927222914345,99,99,2860.0,0.05632618502350212,1.0181917135030623,1.9104927222914345,99,2860.0,1.0181917135030623
35330.0,99,2805.0,20.32608695652174,1.8628861727122685,99,99,2805.0,0.05043824700119473,0.9224097449699961,1.8628861727122685,99,2805.0,0.9224097449699961
35335.0,98,2643.0,19.291970802919707,1.8255841184372736,98,98,2643.0,0.05131122363979384,0.9257964873929181,1.8255841184372736,98,2643.0,0.9257964873929181
35340.0,96,2553.0,18.91111111111111,1.7960521873291528,96,96,2513.0,0.05951833970181794,1.0248095313530303,1.7960521873291528,96,2513.0,1.0248095313530303
35345.0,97,2487.0,18.02173913043478,1.8953625625431365,97,97,2487.0,0.06287516298905231,1.0753235217319441,1.8953625625431365,97,2487.0,1.0753235217319441
35350.0,95,2286.0,16.808823529411764,1.8688769981946665,95,95,2286.0,0.06205728871600691,1.1172604171429408,1.8688769981946665,95,2286.0,1.1172604171429408
35355.0,92,2073.0,15.021739130434783,2.084314356989556,92,92,2030.0,0.06712617608282105,1.2220664626253255,2.084314356989556,92,2030.0,1.2220664626253255
35360.0,92,2051.0,15.192592592592593,2.0367872345453337,92,92,2051.0,0.07336840905977618,1.354929224987452,2.0367872345453337,92,2051.0,1.354929224987452
35365.0,100,2239.0,16.343065693430656,1.7643902968136638,100,100,2239.0,0.05917640030954045,1.1111938211187877,1.7643902968136638,100,2239.0,1.1111938211187877
35370.0,106,2523.0,18.416058394160583,1.6326685054765138,106,106,2523.0,0.04814028281540105,0.9335397946599238,1.6326685054765138,106,2523.0,0.9335397946599238
35375.0,110,2841.0,20.889705882352942,1.5078905460723253,110,110,2841.0,0.042039354127770344,0.8376350506241885,1.5078905460723253,110,2841.0,0.8376350506241885
35380.0,111,3109.0,22.366906474820144,1.33028995462824,111,111,3109.0,0.030179043912732018,0.5920793952701652,1.33028995462824,111,3109.0,0.5920793952701652
35385.0,110,3432.0,24.690647482014388,1.539069939009733,110,110,3404.0,0.042937114603252086,0.7915505259896721,1.539069939009733,110,3404.0,0.7915505259896721
35390.0,110,3757.0,26.645390070921987,1.5511593186119716,110,110,3757.0,0.04196412989713991,0.708480468750001,1.5511593186119716,110,3757.0,0.708480468750001
35395.0,111,4087.0,28.98581560283688,1.6227603255447114,111,111,4087.0,0.03576052872338999,0.690560445292596,1.6227603255447114,111,4087.0,0.690560445292596
35400.0,111,4417.0,31.55,1.6216658043660488,111,111,4417.0,0.028285164865602133,0.5492338709677448,1.6216658043660488,111,4417.0,0.5492338709677448
35405.0,112,4751.0,33.93571428571428,1.498110025103371,112,112,4751.0,0.0352801665611208,0.6753035781035799,1.498110025103371,112,4751.0,0.6753035781035799
35410.0,109,4947.0,36.375,1.3602099919360824,109,109,4947.0,0.038058036478093964,0.7496554204802168,1.3602099919360824,109,4947.0,0.7496554204802168
35415.0,106,5103.0,37.24817518248175,1.356133417223188,106,106,5060.0,0.043524966213829085,0.80930685163648,1.356133417223188,106,5060.0,0.80930685163648
35420.0,107,5413.0,39.51094890510949,1.5495167961358682,107,107,5413.0,0.05652217435220025,1.0367212997998685,1.5495167961358682,107,5413.0,1.0367212997998685
35425.0,109,5409.0,38.635714285714286,1.4817136722691586,109,109,5409.0,0.04457251417379713,0.8594147118388115,1.4817136722691586,109,5409.0,0.8594147118388115
35430.0,106,5187.0,36.787234042553195,1.6412919178700232,106,106,5084.0,0.05058563940983572,0.9780427511706726,1.6412919178700232,106,5084.0,0.9780427511706726
35435.0,102,4951.0,35.11347517730496,1.8593500667779406,102,102,4951.0,0.06006465238799325,1.120629203824993,1.8593500667779406,102,4951.0,1.120629203824993
35440.0,101,4671.0,32.66433566433567,1.717199602367564,101,101,4671.0,0.05229970748741089,0.96604368886927,1.717199602367564,101,4671.0,0.96604368886927
35445.0,101,4426.0,30.95104895104895,1.9018211664749702,101,101,4406.0,0.05375842243755711,1.0028089625112513,1.9018211664749702,101,4406.0,1.0028089625112513
35450.0,102,4186.0,28.868965517241378,1.9134544487284835,102,102,4186.0,0.05536527321333743,0.9862615914385374,1.9134544487284835,102,4186.0,0.9862615914385374
35455.0,99,3850.0,26.923076923076923,1.897274331400283,99,99,3850.0,0.053921614177160834,0.9968314048335681,1.897274331400283,99,3850.0,0.9968314048335681
35460.0,95,3435.0,24.535714285714285,1.9691617783631947,95,95,3407.0,0.05710678425576494,1.0503542750335342,1.9691617783631947,95,3407.0,1.0503542750335342
35465.0,91,2998.0,21.112676056338028,2.190951964982493,91,91,2998.0,0.07064395354778288,1.2642038477696593,2.190951964982493,91,2998.0,1.2642038477696593
35470.0,87,2454.0,17.52857142857143,2.215726180732047,87,87,2454.0,0.07133107426402621,1.301576810732929,2.215726180732047,87,2454.0,1.301576810732929
35475.0,83,1899.0,13.46808510638298,2.3811037182799333,83,83,1871.0,0.07775585740140557,1.4298549297145895,2.3811037182799333,83,1871.0,1.4298549297145895
35480.0,85,1502.0,10.652482269503546,2.519415892871041,85,85,1502.0,0.08499075778059771,1.5690075897170148,2.519415892871041,85,1502.0,1.5690075897170148
35485.0,88,1237.0,8.711267605633802,2.3647256872132387,88,88,1237.0,0.07621551097417831,1.425302936319806,2.3647256872132387,88,1237.0,1.425302936319806
35490.0,90,1271.0,8.888111888111888,2.3908199144561406,90,90,1230.0,0.07200018524924014,1.3504628162092134,2.3908199144561406,90,1230.0,1.3504628162092134
35495.0,97,1441.0,10.21985815602837,2.142644995134744,97,97,1441.0,0.06497775740120254,1.2027781058841431,2.142644995134744,97,1441.0,1.2027781058841431
35500.0,100,1569.0,11.049295774647888,1.832839897940871,100,100,1569.0,0.046485573959622585,0.9036532375282941,1.832839897940871,100,1569.0,0.9036532375282941
35505.0,101,1770.0,12.642857142857142,1.8169508892466755,101,101,1737.0,0.053249139428978104,0.9971805247360142,1.8169508892466755,101,1737.0,0.9971805247360142
35510.0,102,1980.0,14.042553191489361,1.8181750295208663,102,102,1980.0,0.053867007694922316,0.9665581395348859,1.8181750295208663,102,1980.0,0.9665581395348859
35515.0,102,2178.0,15.66906474820144,1.7060154483891916,101,102,2177.0,0.04951616129229628,0.9536612207191664,1.7060154483891916,101,2177.0,0.9536612207191664
35520.0,103,2445.0,17.717391304347824,1.7007475391959852,103,103,2435.0,0.04549720609363681,0.8877967786273272,1.7007475391959852,103,2435.0,0.8877967786273272
35525.0,109,2828.0,20.05673758865248,1.5721190438299846,109,109,2828.0,0.040260960455183965,0.7675340705283084,1.5721190438299846,109,2828.0,0.7675340705283084
35530.0,113,3235.0,23.442028985507246,1.2743071375405306,113,113,3235.0,0.03713463254207144,0.7359319835830814,1.2743071375405306,113,3235.0,0.7359319835830814
35535.0,117,3761.0,26.673758865248228,1.2787649669999237,117,117,3758.0,0.04134176563657897,0.7357552479227302,1.2787649669999237,117,3758.0,0.7357552479227302
35540.0,123,4362.0,31.381294964028775,1.05888866639777,123,123,4362.0,0.03719144199111388,0.6496567890310773,1.05888866639777,123,4362.0,0.6496567890310773
35545.0,130,4991.0,35.147887323943664,0.9041002435164639,130,130,4991.0,0.02263654683030577,0.38323575349654126,0.9041002435164639,130,4991.0,0.38323575349654126
35550.0,128,5630.0,39.647887323943664,0.9808211938285906,128,128,5630.0,0.025807680498451804,0.423533931722404,0.9808211938285906,128,5630.0,0.423533931722404
35555.0,130,6276.0,44.51063829787234,0.9108030703271572,130,130,6276.0,0.02543665582151187,0.4229922688310152,0.9108030703271572,130,6276.0,0.4229922688310152
35560.0,130,6913.0,48.00694444444444,0.7887606119100099,130,130,6913.0,0.017358736372567483,0.29018554864689755,0.7887606119100099,130,6913.0,0.29018554864689755
35565.0,131,7568.0,53.29577464788732,0.7276161063241166,131,131,7559.0,0.022949298432207277,0.36656508885076494,0.7276161063241166,131,7559.0,0.36656508885076494
35570.0,132,8228.0,57.943661971830984,0.6703810873474849,132,132,8228.0,0.02786628308386724,0.44305533076932296,0.6703810873474849,132,8228.0,0.44305533076932296
35575.0,129,8567.0,60.33098591549296,0.7097947983663128,129,129,8567.0,0.018450861797323803,0.3419921907471286,0.7097947983663128,129,8567.0,0.3419921907471286
35580.0,126,8682.0,61.57446808510638,0.8019062311281037,126,126,8579.0,0.026524921778849176,0.46858186720692196,0.8019062311281037,126,8579.0,0.46858186720692196
35585.0,122,8775.0,61.36363636363637,0.9731101861399278,122,122,8775.0,0.0381753499563202,0.6583903346843696,0.9731101861399278,122,8775.0,0.6583903346843696
35590.0,118,8532.0,60.08450704225352,1.0523957246051145,118,118,8532.0,0.038548538054325975,0.691107422596885,1.0523957246051145,118,8532.0,0.691107422596885
35595.0,114,8058.0,55.958333333333336,1.223206042253629,114,114,7955.0,0.04159008142013663,0.7453059858646446,1.223206042253629,114,7955.0,0.7453059858646446
35600.0,110,7568.0,52.55555555555556,1.5846419335555382,110,110,7568.0,0.05882698434649881,1.0321823265006713,1.5846419335555382,110,7568.0,1.0321823265006713
35605.0,106,6995.0,48.241379310344826,1.6945401952235153,106,106,6995.0,0.06064048501960018,1.075482458019486,1.6945401952235153,106,6995.0,1.075482458019486
35610.0,105,6470.0,44.62068965517241,1.8412264710409443,105,105,6445.0,0.05956037537026831,1.0592633277473353,1.8412264710409443,105,6445.0,1.0592633277473353
35615.0,105,5945.0,41.28472222222222,1.9204214251945493,105,105,5945.0,0.06613173919756776,1.1704451459291572,1.9204214251945493,105,5945.0,1.1704451459291572
35620.0,104,5326.0,36.73103448275862,1.7516082610091481,104,104,5326.0,0.04646627152680023,0.8701859726935048,1.7516082610091481,104,5326.0,0.8701859726935048
35625.0,99,4631.0,32.15972222222222,1.9510657063378778,99,99,4603.0,0.0571220422904756,1.058631469226932,1.9510657063378778,99,4603.0,1.058631469226932
35630.0,94,3911.0,27.15972222222222,2.038274600909796,94,94,3911.0,0.06517235893244128,1.1788773555066376,2.038274600909796,94,3911.0,1.1788773555066376
35635.0,90,3083.0,21.55944055944056,2.1028344759802597,90,90,3083.0,0.06320050960393615,1.1891605855955754,2.1028344759802597,90,3083.0,1.1891605855955754
35640.0,86,2330.0,16.52482269503546,2.3270598926931823,86,86,2302.0,0.07606590669546338,1.380172783367249,2.3270598926931823,86,2302.0,1.380172783367249
35645.0,87,1937.0,13.545454545454545,2.352901251190809,87,87,1937.0,0.07764190658278383,1.4234503324593746,2.352901251190809,87,1937.0,1.4234503324593746
35650.0,88,1512.0,10.573426573426573,2.257793547462323,87,88,1511.0,0.07302023259999965,1.3693336310304083,2.257793547462323,87,1511.0,1.3693336310304083
35655.0,87,1278.0,8.875,2.208843619497587,87,87,1265.0,0.0662181294265765,1.2692475461771353,2.208843619497587,87,1265.0,1.2692475461771353
35660.0,89,1333.0,9.193103448275862,2.3202835950284046,89,89,1333.0,0.07234693048319969,1.3809588055091058,2.3202835950284046,89,1333.0,1.3809588055091058
35665.0,92,1356.0,9.224489795918368,2.1371054403666405,92,92,1356.0,0.06371771212963097,1.2163182936819206,2.1371054403666405,92,1356.0,1.2163182936819206
35670.0,88,1341.0,9.122448979591837,2.3013667031737457,88,88,1328.0,0.07217259219711092,1.3725102061396066,2.3013667031737457,88,1328.0,1.3725102061396066
35675.0,85,1311.0,9.041379310344828,2.330405597500498,85,85,1311.0,0.0803038662730679,1.466899741613524,2.330405597500498,85,1311.0,1.466899741613524
35680.0,83,1096.0,7.611111111111111,2.1703052358047064,83,83,1096.0,0.06925694608243312,1.3034222364598858,2.1703052358047064,83,1096.0,1.3034222364598858
35685.0,84,1105.0,7.836879432624113,2.1775442200306943,84,84,990.0,0.07450793983229836,1.3987299289714386,2.1775442200306943,84,990.0,1.3987299289714386
35690.0,89,1230.0,8.601398601398602,2.0957383851167197,89,89,1230.0,0.06796163066234315,1.2377779814805743,2.0957383851167197,89,1230.0,1.2377779814805743
35695.0,92,1193.0,8.342657342657343,1.9708085865353706,92,92,1193.0,0.058315811594611355,1.0940653285892539,1.9708085865353706,92,1193.0,1.0940653285892539
35700.0,90,1283.0,9.035211267605634,1.957508084031321,90,90,1212.0,0.06201788579050865,1.169060812801807,1.957508084031321,90,1212.0,1.169060812801807
35705.0,97,1593.0,10.986206896551725,1.9701221202722223,97,97,1593.0,0.06439640315614192,1.206621212121222,1.9701221202722223,97,1593.0,1.206621212121222
35710.0,106,1945.0,13.231292517006803,1.769854363019049,106,106,1945.0,0.04877696193899427,0.9367643271752255,1.769854363019049,106,1945.0,0.9367643271752255
35715.0,109,2356.0,15.91891891891892,1.6862237735771877,109,109,2356.0,0.040299225735058106,0.7711820059956147,1.6862237735771877,109,2356.0,0.7711820059956147
35720.0,115,2834.0,19.14864864864865,1.612890324067594,115,115,2834.0,0.042064490914786895,0.7952015318327252,1.612890324067594,115,2834.0,0.7952015318327252
35725.0,117,3299.0,22.29054054054054,1.488957785813797,117,117,3299.0,0.035579364712657,0.7076869111589547,1.488957785813797,117,3299.0,0.7076869111589547
35730.0,119,3836.0,26.095238095238095,1.449667833494121,119,119,3823.0,0.04327218160465396,0.8338096636750949,1.449667833494121,119,3823.0,0.8338096636750949
35735.0,125,4451.0,30.27891156462585,1.3326597548930406,125,125,4451.0,0.04020873341260042,0.7241954130492883,1.3326597548930406,125,4451.0,0.7241954130492883
35740.0,128,4860.0,32.83783783783784,1.0158024615268844,128,128,4860.0,0.026212018168355885,0.44595364866920867,1.0158024615268844,128,4860.0,0.44595364866920867
35745.0,124,5109.0,34.99315068493151,1.1144388572334987,124,124,5035.0,0.028830713988790075,0.5052040734574953,1.1144388572334987,124,5035.0,0.5052040734574953
35750.0,120,5339.0,36.07432432432432,1.3812821304049636,120,120,5339.0,0.037110229860945816,0.6404595894424644,1.3812821304049636,120,5339.0,0.6404595894424644
35755.0,116,5323.0,36.45890410958904,1.4007753142324393,116,116,5323.0,0.03413044539635886,0.6412265119335997,1.4007753142324393,116,5323.0,0.6412265119335997
35760.0,112,5138.0,35.43448275862069,1.6007399464879597,112,112,5065.0,0.04227903308831432,0.7914809865381197,1.6007399464879597,112,5065.0,0.7914809865381197
35765.0,108,4929.0,33.76027397260274,1.7268506707758624,108,108,4929.0,0.05218475746431839,0.9737388059701398,1.7268506707758624,108,4929.0,0.9737388059701398
35770.0,104,4657.0,31.897260273972602,1.8356523317636324,104,104,4657.0,0.052184641294246194,1.0001618053878873,1.8356523317636324,104,4657.0,1.0001618053878873
35775.0,101,4335.0,29.29054054054054,1.8860437883268124,101,101,4322.0,0.05026594544666667,0.9563499206660879,1.8860437883268124,101,4322.0,0.9563499206660879
35780.0,97,3995.0,27.17687074829932,2.073896075312756,97,97,3995.0,0.06499301808051923,1.2003044661206272,2.073896075312756,97,3995.0,1.2003044661206272
35785.0,94,3589.0,24.25,2.0536032598536833,94,94,3589.0,0.05974880036904672,1.1200448393138025,2.0536032598536833,94,3589.0,1.1200448393138025
35790.0,89,3134.0,21.613793103448277,2.1264661487323218,89,89,3121.0,0.06942254856266832,1.3060131372962918,2.1264661487323218,89,3121.0,1.3060131372962918
35795.0,84,2654.0,18.55944055944056,2.306830980949709,84,84,2654.0,0.08164195051171194,1.5204332107608873,2.306830980949709,84,2654.0,1.5204332107608873
35800.0,80,2011.0,13.965277777777779,2.261617109804834,80,80,2011.0,0.07235652996357034,1.3716165323611935,2.261617109804834,80,2011.0,1.3716165323611935
35805.0,79,1530.0,10.851063829787234,2.308864694421434,79,79,1473.0,0.07935625180842903,1.487291544413916,2.308864694421434,79,1473.0,1.487291544413916
35810.0,84,1410.0,9.929577464788732,2.2901306081640618,84,84,1410.0,0.0754859950721994,1.411531924436583,2.2901306081640618,84,1410.0,1.411531924436583
35815.0,88,1270.0,8.943661971830986,2.1060682189324913,88,88,1270.0,0.06381422706150124,1.237607982862651,2.1060682189324913,88,1270.0,1.237607982862651
35820.0,85,1242.0,8.685314685314685,2.2490566712430384,85,85,1229.0,0.06601783128689116,1.238155817943379,2.2490566712430384,85,1229.0,1.238155817943379
35825.0,88,1446.0,9.972413793103449,2.2723354288267137,88,88,1446.0,0.07317396114793821,1.3294683391594462,2.2723354288267137,88,1446.0,1.3294683391594462
35830.0,89,1524.0,10.510344827586207,2.160214043179457,89,89,1524.0,0.06594847370330689,1.2212705432493927,2.160214043179457,89,1524.0,1.2212705432493927
35835.0,89,1538.0,10.462585034013605,2.2187459160088228,88,89,1492.0,0.06575128643909421,1.2291564377646425,2.2187459160088228,88,1492.0,1.2291564377646425
35840.0,90,1592.0,10.829931972789115,2.2295975530265695,90,90,1592.0,0.06782188055212605,1.2815577398816747,2.2295975530265695,90,1592.0,1.2815577398816747
35845.0,95,1583.0,10.768707482993197,2.1165646259210664,95,95,1583.0,0.06221354271750736,1.1827882772517064,2.1165646259210664,95,1583.0,1.1827882772517064
35850.0,95,1681.0,11.593103448275862,2.0264085343228606,95,95,1678.0,0.06451936162182983,1.2330023511933166,2.0264085343228606,95,1678.0,1.2330023511933166
35855.0,100,1856.0,12.8,1.9916408540333048,100,100,1855.0,0.06068944550531689,1.125180286968402,1.9916408540333048,100,1855.0,1.125180286968402
35860.0,104,2007.0,13.746575342465754,1.6759706117778366,104,104,2007.0,0.04517010960600771,0.8386085707527432,1.6759706117778366,104,2007.0,0.8386085707527432
35865.0,100,2121.0,14.832167832167832,1.761903541404107,100,100,2107.0,0.05462777800462448,1.0128283183093203,1.761903541404107,100,2107.0,1.0128283183093203
35870.0,96,2215.0,15.48951048951049,1.889824702624839,96,96,2215.0,0.059577375702121405,1.0527575692188713,1.889824702624839,96,2215.0,1.0527575692188713
35875.0,92,2157.0,15.083916083916083,1.9917083886107905,92,92,2157.0,0.05693394832232963,1.0836948268619275,1.9917083886107905,92,2157.0,1.0836948268619275
35880.0,91,2058.0,14.595744680851064,2.054544455643847,91,91,2015.0,0.06102183134965697,1.160536768275401,2.054544455643847,91,2015.0,1.160536768275401
35885.0,92,1971.0,13.6875,2.157099607380204,92,92,1971.0,0.06421378653351888,1.1905682628096537,2.157099607380204,92,1971.0,1.1905682628096537
35890.0,89,1803.0,12.69718309859155,2.172043762505051,89,89,1803.0,0.06840551129686558,1.2518486146397267,2.172043762505051,89,1803.0,1.2518486146397267
35895.0,90,1743.0,12.274647887323944,2.152450795819933,90,90,1716.0,0.06443988274238566,1.2072204724409394,2.152450795819933,90,1716.0,1.2072204724409394
35900.0,95,1892.0,13.13888888888889,2.3172545744785893,95,95,1892.0,0.07188226782480663,1.3019533171195914,2.3172545744785893,95,1892.0,1.3019533171195914
35905.0,97,1971.0,13.783216783216783,2.1623188741200656,97,97,1971.0,0.06209559292472759,1.1714830062579644,2.1623188741200656,97,1971.0,1.1714830062579644
35910.0,95,1994.0,13.944055944055943,2.127852149686673,95,95,1966.0,0.06624051971013024,1.1885335108337274,2.127852149686673,95,1966.0,1.1885335108337274
35915.0,90,1999.0,13.979020979020978,2.498339619381929,90,90,1999.0,0.08132490553005342,1.482450461636917,2.498339619381929,90,1999.0,1.482450461636917
35920.0,88,1896.0,13.166666666666666,2.2967381840504064,88,88,1896.0,0.061407305325886806,1.1973716476800458,2.2967381840504064,88,1896.0,1.1973716476800458
35925.0,84,1734.0,12.297872340425531,2.414630216437761,84,84,1706.0,0.07504256887050716,1.3786840330312065,2.414630216437761,84,1706.0,1.3786840330312065
35930.0,85,1634.0,11.507042253521126,2.351450948653346,85,85,1634.0,0.07782868588992618,1.3994296182918058,2.351450948653346,85,1634.0,1.3994296182918058
35935.0,87,1542.0,10.783216783216783,2.280642642917722,86,87,1541.0,0.0697184473400128,1.3221225792637337,2.280642642917722,86,1541.0,1.3221225792637337
35940.0,88,1584.0,11.154929577464788,2.1721857277648446,88,88,1571.0,0.06376722212554832,1.2010968593789748,2.1721857277648446,88,1571.0,1.2010968593789748
35945.0,91,1647.0,11.358620689655172,2.135993916808037,91,91,1647.0,0.062142378396004845,1.150199749414833,2.135993916808037,91,1647.0,1.150199749414833
35950.0,90,1632.0,11.412587412587413,2.1282155713881417,90,90,1632.0,0.06675646914148949,1.2206477769646622,2.1282155713881417,90,1632.0,1.2206477769646622
35955.0,90,1687.0,11.797202797202797,2.0554156381549062,90,90,1650.0,0.061406304327433436,1.1736407888589069,2.0554156381549062,90,1650.0,1.1736407888589069
35960.0,90,1752.0,12.338028169014084,2.2260862413901505,90,90,1752.0,0.06963505974146512,1.3220583276764022,2.2260862413901505,90,1752.0,1.3220583276764022
35965.0,93,1821.0,12.645833333333334,2.20119263785179,93,93,1821.0,0.06492073462192863,1.1861819246702445,2.20119263785179,93,1821.0,1.1861819246702445
35970.0,89,1876.0,13.304964539007091,2.2337021875079914,89,89,1876.0,0.07418977419864257,1.3601152899428945,2.2337021875079914,89,1876.0,1.3601152899428945
35975.0,90,1982.0,14.258992805755396,2.0482245660544653,90,90,1963.0,0.0665663080569772,1.2333349320215123,2.0482245660544653,90,1963.0,1.2333349320215123
35980.0,91,2139.0,15.170212765957446,2.047146169869013,91,91,2139.0,0.06786780449720121,1.2297440957610577,2.047146169869013,91,2139.0,1.2297440957610577
35985.0,93,2259.0,16.135714285714286,1.9043923816572983,93,93,2259.0,0.05948251749631245,1.1314564005529089,1.9043923816572983,93,2259.0,1.1314564005529089
35990.0,95,2289.0,16.006993006993007,1.812217087868803,95,95,2241.0,0.05002965606430802,0.9126337776749878,1.812217087868803,95,2241.0,0.9126337776749878
35995.0,93,2326.0,16.380281690140844,2.15752451466155,93,93,2326.0,0.06619208821583127,1.1857979010594963,2.15752451466155,93,2326.0,1.1857979010594963
36000.0,89,2330.0,16.642857142857142,2.1603266326734527,89,89,2330.0,0.06616726852210202,1.2110484182219428,2.1603266326734527,89,2330.0,1.2110484182219428
36005.0,91,2341.0,16.37062937062937,2.0936637810055605,91,91,2328.0,0.057605504482461,1.0843719985688764,2.0936637810055605,91,2328.0,1.0843719985688764
36010.0,90,2355.0,16.46853146853147,2.2515668572708534,90,90,2355.0,0.07009453739708187,1.2813065923300553,2.2515668572708534,90,2355.0,1.2813065923300553
36015.0,90,1724.0,11.889655172413793,2.087572718476248,90,90,1724.0,0.0585383413367214,1.1210816025708945,2.087572718476248,90,1724.0,1.1210816025708945
36020.0,89,1599.0,11.104166666666666,2.2971471184932017,89,89,1327.0,0.06974627932657428,1.3332880729536076,2.2971471184932017,89,1327.0,1.3332880729536076
36025.0,91,1611.0,11.345070422535212,2.206034300249304,91,91,1611.0,0.07425871874289398,1.3238757681275595,2.206034300249304,91,1611.0,1.3238757681275595
36030.0,88,1512.0,10.72340425531915,2.150224041492671,88,88,1512.0,0.07191052155877588,1.3423445610321822,2.150224041492671,88,1512.0,1.3423445610321822
36035.0,87,1516.0,10.75177304964539,2.280702901475225,87,87,1471.0,0.07008447587029235,1.31626131230771,2.280702901475225,87,1471.0,1.31626131230771
36040.0,94,1643.0,11.48951048951049,2.135499289330189,94,94,1643.0,0.062281806594264036,1.126747423094999,2.135499289330189,94,1643.0,1.126747423094999
36045.0,97,1802.0,12.601398601398602,1.9612902723995345,97,97,1802.0,0.053881178303546814,0.9845099250412099,1.9612902723995345,97,1802.0,0.9845099250412099
36050.0,98,2052.0,14.34965034965035,1.8033304554712204,98,98,2023.0,0.04754577091523109,0.8807540814847099,1.8033304554712204,98,2023.0,0.8807540814847099
36055.0,101,2317.0,16.43262411347518,1.7756262760742414,101,101,2317.0,0.05407993094992471,0.9537338110645679,1.7756262760742414,101,2317.0,0.9537338110645679
36060.0,97,2399.0,17.01418439716312,1.8498941388031094,97,97,2399.0,0.048691466019235644,0.9169562372168382,1.8498941388031094,97,2399.0,0.9169562372168382
36065.0,96,2390.0,16.59722222222222,1.9255436849291228,96,96,2332.0,0.05496888153859134,1.0002195672140997,1.9255436849291228,96,2332.0,1.0002195672140997
36070.0,95,2409.0,16.964788732394368,2.168765707148848,95,95,2409.0,0.06819322987382156,1.224435693408865,2.168765707148848,95,2409.0,1.224435693408865
36075.0,99,2403.0,16.572413793103447,2.058131876363224,99,99,2403.0,0.05634737755154655,1.0129378649408847,2.058131876363224,99,2403.0,1.0129378649408847
36080.0,99,2443.0,16.96527777777778,2.185144441751107,99,99,2411.0,0.05821747324834762,1.079559309391718,2.185144441751107,99,2411.0,1.079559309391718
36085.0,104,2490.0,17.291666666666668,1.9281599533133946,104,104,2490.0,0.05161082229898186,0.9734119569598627,1.9281599533133946,104,2490.0,0.9734119569598627
36090.0,99,2428.0,16.86111111111111,2.065168623214927,99,99,2428.0,0.05426735540396782,1.0366554498423755,2.065168623214927,99,2428.0,1.0366554498423755
36095.0,99,2443.0,17.326241134751772,2.002531750908074,99,99,2400.0,0.061092011855428216,1.1214144944325874,2.002531750908074,99,2400.0,1.1214144944325874
36100.0,99,2483.0,17.485915492957748,1.9038440460554917,99,99,2483.0,0.0597387546820043,1.092820324243366,1.9038440460554917,99,2483.0,1.092820324243366
36105.0,99,2439.0,17.42142857142857,1.775605364689067,99,99,2439.0,0.053975695088552045,1.017472203709067,1.775605364689067,99,2439.0,1.017472203709067
36110.0,96,2392.0,16.9645390070922,1.7722740046690753,96,96,2364.0,0.05426486243806613,0.9752638073677082,1.7722740046690753,96,2364.0,0.9752638073677082
36115.0,97,2427.0,17.335714285714285,1.9852808142946783,97,97,2427.0,0.0646990319854844,1.175954296411502,1.9852808142946783,97,2427.0,1.175954296411502
36120.0,98,2524.0,18.28985507246377,1.8189096237199753,98,98,2524.0,0.05232111749296496,0.9643270327409883,1.8189096237199753,98,2524.0,0.9643270327409883
36125.0,102,2855.0,20.392857142857142,1.7984478118212137,102,102,2842.0,0.05159061780736375,0.9478199778721508,1.7984478118212137,102,2842.0,0.9478199778721508
36130.0,108,3231.0,23.41304347826087,1.6810180089216171,108,108,3231.0,0.048089699781561725,0.8846703715729463,1.6810180089216171,108,3231.0,0.8846703715729463
36135.0,108,3402.0,24.127659574468087,1.6466570939016945,108,108,3402.0,0.0378842744097679,0.7210533057939182,1.6466570939016945,108,3402.0,0.7210533057939182
36140.0,105,3407.0,24.163120567375888,1.92824232791752,105,105,3334.0,0.05156554093866446,0.9600776577240216,1.92824232791752,105,3334.0,0.9600776577240216
36145.0,104,3394.0,23.734265734265733,2.009735013096241,104,104,3394.0,0.05949439354202598,1.0770148245227433,2.009735013096241,104,3394.0,1.0770148245227433
36150.0,97,3273.0,23.049295774647888,2.085526545014999,97,97,3273.0,0.059036668961116916,1.1035617719421642,2.085526545014999,97,3273.0,1.1035617719421642
36155.0,94,3074.0,21.957142857142856,2.1939023466386285,94,94,3046.0,0.06600061262505792,1.2431561468687473,2.1939023466386285,94,3046.0,1.2431561468687473
36160.0,93,2858.0,20.26950354609929,2.137013981953683,93,93,2858.0,0.06792012004675803,1.2440157480314833,2.137013981953683,93,2858.0,1.2440157480314833
36165.0,87,2658.0,19.26086956521739,2.258454465795457,87,87,2658.0,0.07958122915612365,1.4567578104822965,2.258454465795457,87,2658.0,1.4567578104822965
36170.0,89,2495.0,17.821428571428573,2.1051274503558894,89,89,2495.0,0.06646851485434806,1.242786278917956,2.1051274503558894,89,2495.0,1.242786278917956
36175.0,94,2430.0,17.608695652173914,2.025330335401573,94,94,2366.0,0.06823171037527138,1.1898687598721993,2.025330335401573,94,2366.0,1.1898687598721993
36180.0,95,2380.0,17.37226277372263,2.1132494004014175,95,95,2380.0,0.06842295692664663,1.2117438113327792,2.1132494004014175,95,2380.0,1.2117438113327792
36185.0,94,2222.0,15.985611510791367,2.0977621190487485,94,94,2222.0,0.057416475255496334,1.0950701010293036,2.0977621190487485,94,2222.0,1.0950701010293036
36190.0,92,2138.0,15.381294964028777,2.357180096303205,92,92,2094.0,0.07346150608652532,1.3617367676959693,2.357180096303205,92,2094.0,1.3617367676959693
36195.0,93,2077.0,14.835714285714285,2.3613019614853297,93,93,2077.0,0.0754951883582734,1.3837374679634038,2.3613019614853297,93,2077.0,1.3837374679634038
36200.0,94,2184.0,15.941605839416058,2.260650683874376,94,94,2184.0,0.07474887879911206,1.375938525550826,2.260650683874376,94,2184.0,1.375938525550826
36205.0,99,2350.0,17.028985507246375,2.1007917316949407,99,99,2350.0,0.06363841604006722,1.2077631014806418,2.1007917316949407,99,2350.0,1.2077631014806418
36210.0,99,2487.0,18.02173913043478,2.070561380904772,99,99,2434.0,0.06521012581503631,1.2198216672003377,2.070561380904772,99,2434.0,1.2198216672003377
36215.0,100,2707.0,19.615942028985508,2.1335397978578796,100,100,2707.0,0.07104395664518649,1.2896816858139397,2.1335397978578796,100,2707.0,1.2896816858139397
36220.0,104,2791.0,19.935714285714287,1.6657969925931253,104,104,2791.0,0.04053084067153585,0.721289724185822,1.6657969925931253,104,2791.0,0.721289724185822
36225.0,102,2785.0,20.181159420289855,1.7892720899841836,102,102,2737.0,0.04898791144630506,0.8366424278161597,1.7892720899841836,102,2737.0,0.8366424278161597
36230.0,97,2755.0,19.678571428571427,2.078748664676953,97,97,2755.0,0.06026833809269104,1.058120342999456,2.078748664676953,97,2755.0,1.058120342999456
36235.0,94,2662.0,19.28985507246377,2.018818557883884,94,94,2662.0,0.057053812674674007,1.018022583406725,2.018818557883884,94,2662.0,1.018022583406725
36240.0,90,2518.0,18.37956204379562,2.1656836570716096,90,90,2505.0,0.059327460116219886,1.0865759942623654,2.1656836570716096,90,2505.0,1.0865759942623654
36245.0,87,2351.0,16.913669064748202,2.229574532618642,87,87,2351.0,0.06306874181136221,1.180359091518231,2.229574532618642,87,2351.0,1.180359091518231
36250.0,82,2166.0,15.926470588235293,2.43967861403165,82,82,2166.0,0.081653178051302,1.5049985260357408,2.43967861403165,82,2166.0,1.5049985260357408
36255.0,81,1926.0,14.161764705882353,2.2718255948261277,81,81,1926.0,0.0779147460085219,1.4387990912594177,2.2718255948261277,81,1926.0,1.4387990912594177
36260.0,82,1728.0,12.8,2.2913798072623557,82,82,1696.0,0.07609375178430587,1.4632452544953123,2.2913798072623557,82,1696.0,1.4632452544953123
36265.0,83,1528.0,11.402985074626866,2.1077704213245814,83,83,1528.0,0.07514330741363918,1.4520961431446764,2.1077704213245814,83,1528.0,1.4520961431446764
36270.0,81,1261.0,9.481203007518797,2.1719070383890418,81,81,1261.0,0.07466794801374853,1.4566254414858486,2.1719070383890418,81,1261.0,1.4566254414858486
36275.0,83,1350.0,10.074626865671641,2.2730320201915966,83,83,1293.0,0.0788019624397349,1.4922861277262947,2.2730320201915966,83,1293.0,1.4922861277262947
36280.0,93,1704.0,12.437956204379562,2.0229037247291366,93,93,1704.0,0.06796627432563994,1.2313063151670192,2.0229037247291366,93,1704.0,1.2313063151670192
36285.0,98,2013.0,14.911111111111111,1.657433294691503,98,98,2013.0,0.05249852352713862,0.9592286093077227,1.657433294691503,98,2013.0,0.9592286093077227
36290.0,98,2273.0,16.59124087591241,1.624921041835394,98,98,2245.0,0.04852547914080515,0.8666075511396508,1.624921041835394,98,2245.0,0.8666075511396508
36295.0,95,2528.0,18.452554744525546,1.9197629820877167,95,95,2528.0,0.06272485029907805,1.1000532194117547,1.9197629820877167,95,2528.0,1.1000532194117547
36300.0,91,2602.0,19.13235294117647,1.9733514595383204,91,91,2602.0,0.057330293190570994,1.0937605907918242,1.9733514595383204,91,2602.0,1.0937605907918242
36305.0,92,2581.0,18.435714285714287,2.0881358206409395,92,92,2518.0,0.05937293176333628,1.1044963347795476,2.0881358206409395,92,2518.0,1.1044963347795476
36310.0,92,2566.0,18.32857142857143,2.2840858361482574,92,92,2566.0,0.07599657337103743,1.338176883472114,2.2840858361482574,92,2566.0,1.338176883472114
36315.0,92,2466.0,17.614285714285714,2.0171707917024793,92,92,2466.0,0.06160992417043804,1.1097536944688495,2.0171707917024793,92,2466.0,1.1097536944688495
36320.0,92,2436.0,17.652173913043477,2.202043663394997,92,92,2408.0,0.06801117232743724,1.2522517007310245,2.202043663394997,92,2408.0,1.2522517007310245
36325.0,96,2425.0,17.19858156028369,2.324052121040939,96,96,2425.0,0.07326876823981611,1.311751673299881,2.324052121040939,96,2425.0,1.311751673299881
36330.0,94,2419.0,17.27857142857143,2.3182690305880675,94,94,2419.0,0.06672608166175437,1.245653663464517,2.3182690305880675,94,2419.0,1.245653663464517
36335.0,92,2307.0,16.717391304347824,2.274368942956031,92,92,2307.0,0.06302826710570784,1.2094182204111683,2.274368942956031,92,2307.0,1.2094182204111683
36340.0,90,2109.0,15.064285714285715,2.189291032850582,90,90,2076.0,0.05778995360844967,1.080331146883267,2.189291032850582,90,2076.0,1.080331146883267
36345.0,86,1900.0,13.768115942028986,2.4379428101071237,86,86,1900.0,0.07476573366430472,1.3956727266095719,2.4379428101071237,86,1900.0,1.3956727266095719
36350.0,84,1671.0,11.935714285714285,2.3457852426005794,84,84,1671.0,0.06399450380894918,1.2371366618578374,2.3457852426005794,84,1671.0,1.2371366618578374
36355.0,85,1465.0,10.693430656934307,2.367953628326963,85,85,1432.0,0.07008058685126417,1.3160490199276773,2.367953628326963,85,1432.0,1.3160490199276773
36360.0,86,1484.0,11.074626865671641,2.2279108445090605,86,86,1484.0,0.07252175925989512,1.3024442904639164,2.2279108445090605,86,1484.0,1.3024442904639164
36365.0,87,1523.0,11.03623188405797,2.22519484773965,87,87,1523.0,0.06621590283070829,1.244467975369622,2.22519484773965,87,1523.0,1.244467975369622
36370.0,87,1533.0,11.272058823529411,2.1599701989207807,87,87,1520.0,0.05990011608659535,1.15230688216572,2.1599701989207807,87,1520.0,1.15230688216572
36375.0,85,1531.0,11.257352941176471,2.0725236147322503,85,85,1531.0,0.06458678197263315,1.2303688524590082,2.0725236147322503,85,1531.0,1.2303688524590082
36380.0,81,1431.0,10.6,2.230209584147142,81,81,1431.0,0.07216137574707233,1.400186339324685,2.230209584147142,81,1431.0,1.400186339324685
36385.0,84,1398.0,10.204379562043796,2.0865995678228906,84,84,1361.0,0.06519993436953649,1.2535489351388855,2.0865995678228906,84,1361.0,1.2535489351388855
36390.0,82,1377.0,10.2,2.190020197894796,82,82,1377.0,0.07316257762678535,1.3850680200003351,2.190020197894796,82,1377.0,1.3850680200003351
36395.0,81,1321.0,9.785185185185185,2.327450976102362,81,81,1321.0,0.07860820833353466,1.4678844633838086,2.327450976102362,81,1321.0,1.4678844633838086
36400.0,82,1368.0,9.985401459854014,2.1880337925314364,82,82,1354.0,0.07045479319672299,1.3000883155750358,2.1880337925314364,82,1354.0,1.3000883155750358
36405.0,82,1448.0,10.569343065693431,2.4514655801008014,82,82,1448.0,0.07931663734145496,1.4460861864883072,2.4514655801008014,82,1448.0,1.4460861864883072
36410.0,83,1537.0,11.218978102189782,2.113482976128097,83,83,1537.0,0.059278849413366745,1.11437350298794,2.113482976128097,83,1537.0,1.11437350298794
36415.0,84,1572.0,11.73134328358209,2.1825997490377675,84,84,1529.0,0.06325235449319849,1.181264929529067,2.1825997490377675,84,1529.0,1.181264929529067
36420.0,83,1605.0,12.251908396946565,2.236119268618173,83,83,1605.0,0.07147258674443396,1.3009462041938369,2.236119268618173,83,1605.0,1.3009462041938369
36425.0,81,1608.0,12.0,2.186406893730469,81,81,1608.0,0.07035786689455785,1.2729287461704848,2.186406893730469,81,1608.0,1.2729287461704848
36430.0,81,1628.0,12.149253731343284,2.345725878866218,81,81,1615.0,0.06868914835859279,1.2977505025931502,2.345725878866218,81,1615.0,1.2977505025931502
36435.0,84,1651.0,12.22962962962963,2.1405151594543614,84,84,1651.0,0.06438748227457404,1.1812779811370144,2.1405151594543614,84,1651.0,1.1812779811370144
36440.0,80,1376.0,10.192592592592593,2.3510524319379598,80,80,1376.0,0.07245647942390651,1.3454225975727845,2.3510524319379598,80,1376.0,1.3454225975727845
36445.0,83,1392.0,10.235294117647058,2.43550341684083,83,83,1235.0,0.07746693373345466,1.4296300792187056,2.43550341684083,83,1235.0,1.4296300792187056
36450.0,83,1417.0,10.654135338345865,2.213040770625522,83,83,1417.0,0.07656318288173247,1.4019666295824047,2.213040770625522,83,1417.0,1.4019666295824047
36455.0,82,1327.0,10.053030303030303,2.1831493047447514,82,82,1327.0,0.06901213314637318,1.311668276632525,2.1831493047447514,82,1327.0,1.311668276632525
36460.0,86,1371.0,10.23134328358209,1.9915061165896708,86,86,1314.0,0.060203629795143,1.1107948091457218,1.9915061165896708,86,1314.0,1.1107948091457218
36465.0,90,1530.0,11.590909090909092,2.012068923484659,90,90,1530.0,0.06894114816159086,1.2047764325552672,2.012068923484659,90,1530.0,1.2047764325552672
36470.0,92,1788.0,13.244444444444444,1.8167835867933522,92,92,1788.0,0.05124438029652465,0.9194257083173285,1.8167835867933522,92,1788.0,0.9194257083173285
36475.0,94,2022.0,15.203007518796992,1.8529669882100483,94,94,1993.0,0.050893462302216586,0.8796650467408176,1.8529669882100483,94,1993.0,0.8796650467408176
36480.0,92,2260.0,17.251908396946565,2.031649510802824,92,92,2260.0,0.06713799873384509,1.1566810350671306,2.031649510802824,92,2260.0,1.1566810350671306
36485.0,93,2383.0,17.78358208955224,1.835076485407784,93,93,2383.0,0.04868140775302709,0.9080688863029537,1.835076485407784,93,2383.0,0.9080688863029537
36490.0,93,2393.0,17.992481203007518,2.0384093016439806,93,93,2335.0,0.060298183938063056,1.1021595257239352,2.0384093016439806,93,2335.0,1.1021595257239352
36495.0,92,2399.0,18.037593984962406,2.0904925241671175,92,92,2399.0,0.060615902110522465,1.1272839687986376,2.0904925241671175,92,2399.0,1.1272839687986376
36500.0,88,2306.0,17.338345864661655,2.224317866526732,88,88,2306.0,0.06652581892346422,1.27064345890826,2.224317866526732,88,2306.0,1.27064345890826
36505.0,88,2258.0,16.850746268656717,2.3169539837430686,88,88,2230.0,0.06766169126017813,1.2755230527177415,2.3169539837430686,88,2230.0,1.2755230527177415
36510.0,88,2238.0,16.70149253731343,2.4151782487995437,88,88,2238.0,0.07617866957573231,1.385495799139604,2.4151782487995437,88,2238.0,1.385495799139604
36515.0,86,2175.0,16.477272727272727,2.340840387291634,86,86,2175.0,0.07132264750451654,1.3333995211662026,2.340840387291634,86,2175.0,1.3333995211662026
36520.0,85,2066.0,15.533834586466165,2.0766842510236407,85,85,2053.0,0.059842083790538445,1.1058209753543975,2.0766842510236407,85,2053.0,1.1058209753543975
36525.0,80,1965.0,14.774436090225564,2.5330659243878366,80,80,1965.0,0.08164778119011028,1.4944918458315846,2.5330659243878366,80,1965.0,1.4944918458315846
36530.0,81,1845.0,13.566176470588236,2.3924663297348574,80,81,1844.0,0.06860733902960471,1.2633109419456934,2.3924663297348574,80,1844.0,1.2633109419456934
36535.0,83,1651.0,12.32089552238806,2.3204418787782735,83,83,1608.0,0.060842419107222115,1.1545916924793411,2.3204418787782735,83,1608.0,1.1545916924793411
36540.0,81,1471.0,11.4031007751938,2.2030350200874342,81,81,1471.0,0.06844314663388906,1.2740381032681272,2.2030350200874342,81,1471.0,1.2740381032681272
36545.0,80,1442.0,10.842105263157896,2.1585053356542754,80,80,1442.0,0.06416713508346418,1.227110295497302,2.1585053356542754,80,1442.0,1.227110295497302
36550.0,80,1457.0,11.122137404580153,2.3003319664334914,80,80,1444.0,0.0721237233308028,1.3845425935657731,2.3003319664334914,80,1444.0,1.3845425935657731
36555.0,81,1474.0,11.082706766917294,2.279155490079497,81,81,1474.0,0.07270664671869753,1.3448262711864292,2.279155490079497,81,1474.0,1.3448262711864292
36560.0,78,1437.0,10.80451127819549,2.451185813705557,77,78,1436.0,0.07618588338845124,1.4579198099947581,2.451185813705557,77,1436.0,1.4579198099947581
36565.0,76,1345.0,10.112781954887218,2.471352153309477,76,76,1331.0,0.0737305486552173,1.40010895058019,2.471352153309477,76,1331.0,1.40010895058019
36570.0,72,1238.0,9.523076923076923,2.4124122876324523,72,72,1238.0,0.08476460710389913,1.571512836380826,2.4124122876324523,72,1238.0,1.571512836380826
36575.0,72,1148.0,8.89922480620155,2.347852750500223,72,72,1148.0,0.0819985377291216,1.524417700583186,2.347852750500223,72,1148.0,1.524417700583186
36580.0,75,1041.0,7.886363636363637,2.208348104242831,75,75,1028.0,0.06879202983308742,1.2519502275145737,2.208348104242831,75,1028.0,1.2519502275145737
36585.0,72,985.0,7.576923076923077,2.498553456839469,72,72,985.0,0.08531291292205648,1.544876522579342,2.498553456839469,72,985.0,1.544876522579342
36590.0,70,872.0,6.606060606060606,2.4012398192257476,70,70,872.0,0.0734818543278347,1.416901972914937,2.4012398192257476,70,872.0,1.416901972914937
36595.0,76,999.0,7.625954198473282,2.47571307967565,76,76,873.0,0.07461743694689525,1.4221505801922625,2.47571307967565,76,873.0,1.4221505801922625
36600.0,81,1195.0,9.3359375,2.2724027203261232,81,81,1195.0,0.07062801365360277,1.3269515937207745,2.2724027203261232,81,1195.0,1.3269515937207745
36605.0,88,1458.0,11.215384615384615,1.9555594238819671,88,88,1458.0,0.0533163750509105,1.023942465839814,1.9555594238819671,88,1458.0,1.023942465839814
36610.0,89,1479.0,11.5546875,1.8063788785764654,89,89,1479.0,0.04973160793999381,0.9448938379085645,1.8063788785764654,89,1479.0,0.9448938379085645
36615.0,86,1518.0,11.587786259541986,1.9691271904332202,86,86,1425.0,0.06064096611340063,1.126499718662559,1.9691271904332202,86,1425.0,1.126499718662559
36620.0,87,1842.0,14.169230769230769,2.2035432807130344,87,87,1842.0,0.07448346675611643,1.3824531061088503,2.2035432807130344,87,1842.0,1.3824531061088503
36625.0,98,2232.0,17.0381679389313,1.8836228448971912,98,98,2232.0,0.0586156294787696,1.1286598065258755,1.8836228448971912,98,2232.0,1.1286598065258755
36630.0,106,2746.0,20.9618320610687,1.753667136794385,106,106,2746.0,0.03913730281641168,0.8156057759873324,1.753667136794385,106,2746.0,0.8156057759873324
36635.0,111,3291.0,25.511627906976745,1.544013871295795,111,111,3291.0,0.03245648353101605,0.6869012259293472,1.544013871295795,111,3291.0,0.6869012259293472
36640.0,111,3803.0,29.253846153846155,1.2429997003835418,111,111,3803.0,0.02594322113260274,0.5201408865415719,1.2429997003835418,111,3803.0,0.5201408865415719
36645.0,108,4297.0,33.5703125,1.25236532581074,108,108,4284.0,0.032420730193941094,0.618014495527563,1.25236532581074,108,4284.0,0.618014495527563
36650.0,109,4837.0,37.49612403100775,1.2610868707377116,109,109,4837.0,0.037398250943008034,0.6860754734515594,1.2610868707377116,109,4837.0,0.6860754734515594
36655.0,109,5382.0,41.72093023255814,1.3888575370514542,109,109,5382.0,0.032519507247771834,0.5983386610361313,1.3888575370514542,109,5382.0,0.5983386610361313
36660.0,110,5932.0,45.98449612403101,1.4785777053230837,110,110,5932.0,0.03253297078758645,0.6427090052120726,1.4785777053230837,110,5932.0,0.6427090052120726
36665.0,111,6485.0,49.128787878787875,1.4012530744264355,111,111,6485.0,0.02312051300552652,0.4832268907563053,1.4012530744264355,111,6485.0,0.4832268907563053
36670.0,112,7044.0,53.770992366412216,1.473494052615757,112,112,7044.0,0.02854938826163328,0.5786527498364548,1.473494052615757,112,7044.0,0.5786527498364548
36675.0,115,7608.0,58.0763358778626,1.23234475287012,115,115,7608.0,0.023470484227790037,0.462809917355372,1.23234475287012,115,7608.0,0.462809917355372
36680.0,114,8178.0,62.42748091603053,1.3435923465798976,114,114,8178.0,0.02897693702770968,0.580633531356741,1.3435923465798976,114,8178.0,0.580633531356741
36685.0,118,8744.0,65.74436090225564,1.161995001049566,118,118,8744.0,0.02527159429703707,0.485982222218095,1.161995001049566,118,8744.0,0.485982222218095
36690.0,115,9319.0,70.06766917293233,1.3090334253681457,115,115,9313.0,0.03536692158498309,0.6591710601477884,1.3090334253681457,115,9313.0,0.6591710601477884
36695.0,117,9899.0,74.99242424242425,1.2524992216943347,117,117,9899.0,0.03704353005206097,0.6936629956316567,1.2524992216943347,117,9899.0,0.6936629956316567
36700.0,116,10102.0,75.38805970149254,0.9888615693203542,116,116,10102.0,0.018863344856905037,0.3704103472106615,0.9888615693203542,116,10102.0,0.3704103472106615
36705.0,112,10042.0,74.94029850746269,1.2535862679685392,112,112,9918.0,0.0329474363345,0.5937678740923795,1.2535862679685392,112,9918.0,0.5937678740923795
36710.0,108,9962.0,74.34328358208955,1.3608632525272206,108,108,9962.0,0.04360561647934881,0.7548830752618382,1.3608632525272206,108,9962.0,0.7548830752618382
36715.0,105,9490.0,71.89393939393939,1.2894031005386748,105,105,9490.0,0.038741376283602254,0.7153543941217406,1.2894031005386748,105,9490.0,0.7153543941217406
36720.0,101,8750.0,67.3076923076923,1.456541500204901,101,101,8627.0,0.04834599832942981,0.8919375914875866,1.456541500204901,101,8627.0,0.8919375914875866
36725.0,97,7987.0,59.6044776119403,1.7023729094247617,97,97,7987.0,0.05995987780967217,1.0661778618943618,1.7023729094247617,97,7987.0,1.0661778618943618
36730.0,94,7166.0,53.47761194029851,1.879946537077306,94,94,7166.0,0.06302434901335852,1.1634908016335934,1.879946537077306,94,7166.0,1.1634908016335934
36735.0,92,6294.0,46.62222222222222,1.81470450841434,92,92,6281.0,0.054919228598185814,1.0301056910569093,1.81470450841434,92,6281.0,1.0301056910569093
36740.0,88,5409.0,40.06666666666667,2.026639901501137,88,88,5409.0,0.07122211292017362,1.3102105289905632,2.026639901501137,88,5409.0,1.3102105289905632
36745.0,86,4406.0,32.160583941605836,2.014799613065288,86,86,4406.0,0.06694284187226505,1.2282345572900188,2.014799613065288,86,4406.0,1.2282345572900188
36750.0,84,3476.0,25.37226277372263,2.114527882446605,84,84,3435.0,0.06926579182585245,1.2702722635270565,2.114527882446605,84,3435.0,1.2702722635270565
36755.0,84,2571.0,18.766423357664234,2.324257078521227,84,84,2571.0,0.07762956211181139,1.4254226373024723,2.324257078521227,84,2571.0,1.4254226373024723
36760.0,86,1866.0,13.720588235294118,2.009926094894328,86,86,1866.0,0.06517467643237859,1.1922326118651707,2.009926094894328,86,1866.0,1.1922326118651707
36765.0,84,1452.0,10.755555555555556,2.052552838390852,84,84,1452.0,0.0655798580664215,1.2390573099436586,2.052552838390852,84,1452.0,1.2390573099436586
36770.0,85,1416.0,10.411764705882353,1.953402167407252,85,85,1397.0,0.06433893935799662,1.2021155288630094,1.953402167407252,85,1397.0,1.2021155288630094
36775.0,88,1623.0,11.846715328467154,2.116012390926574,88,88,1623.0,0.07237224708493332,1.3135178106752503,2.116012390926574,88,1623.0,1.3135178106752503
36780.0,89,1728.0,12.895522388059701,1.9042366388317298,89,89,1728.0,0.06156022359909737,1.1226479178537228,1.9042366388317298,89,1728.0,1.1226479178537228
36785.0,90,1744.0,12.63768115942029,1.9520121904426957,90,90,1696.0,0.05728913704490953,1.0501327219244019,1.9520121904426957,90,1696.0,1.0501327219244019
36790.0,86,1750.0,12.773722627737227,2.309464488075586,86,86,1750.0,0.07514585046443503,1.3564643897188657,2.309464488075586,86,1750.0,1.3564643897188657
36795.0,85,1783.0,12.735714285714286,2.4253280541666142,85,85,1783.0,0.07362483066965503,1.3356730501083802,2.4253280541666142,85,1783.0,1.3356730501083802
36800.0,85,1788.0,12.771428571428572,2.587321220180432,85,85,1788.0,0.08083848655209813,1.4759786019119272,2.587321220180432,85,1788.0,1.4759786019119272
36805.0,88,1754.0,12.528571428571428,2.442106720854337,88,88,1754.0,0.07489619289643887,1.35258361491024,2.442106720854337,88,1754.0,1.35258361491024
36810.0,83,1711.0,12.309352517985612,2.532955381536875,83,83,1693.0,0.07771246619821953,1.4469455843625836,2.532955381536875,83,1693.0,1.4469455843625836
36815.0,80,1558.0,11.455882352941176,2.49810674705772,80,80,1557.0,0.08400378547451254,1.5295049816623048,2.49810674705772,80,1557.0,1.5295049816623048
36820.0,80,1477.0,10.781021897810218,2.214232398507997,79,80,1437.0,0.07014466735277901,1.3228853988949685,2.214232398507997,79,1437.0,1.3228853988949685
36825.0,81,1414.0,10.397058823529411,2.3086825605788146,81,81,1374.0,0.07634398753525985,1.3912966901044215,2.3086825605788146,81,1374.0,1.3912966901044215
36830.0,83,1215.0,8.86861313868613,2.208605198405738,83,83,1215.0,0.07860417516359554,1.3999385562298614,2.208605198405738,83,1215.0,1.3999385562298614
36835.0,91,1301.0,9.566176470588236,1.9885333840259278,90,91,1174.0,0.05967347261732653,1.1358755203274362,1.9885333840259278,90,1174.0,1.1358755203274362
36840.0,95,1595.0,11.902985074626866,1.8675861614697937,95,95,1469.0,0.05815753886170844,1.0400957009262901,1.8675861614697937,95,1469.0,1.0400957009262901
36845.0,97,1879.0,13.816176470588236,1.7489015023450538,97,97,1879.0,0.05269323821489071,0.9908898440159528,1.7489015023450538,97,1879.0,0.9908898440159528
36850.0,98,2109.0,15.738805970149254,1.640980405181944,98,98,2081.0,0.04899512519141494,0.8923316237753616,1.640980405181944,98,2081.0,0.8923316237753616
36855.0,96,2336.0,17.176470588235293,1.8397429118199398,96,96,2336.0,0.05600451178192696,1.0285841508774216,1.8397429118199398,96,2336.0,1.0285841508774216
36860.0,92,2470.0,18.296296296296298,1.954959868699325,92,92,2470.0,0.056390863852364394,1.0783669744319844,1.954959868699325,92,2470.0,1.0783669744319844
36865.0,97,2752.0,20.235294117647058,1.8772199668193688,97,97,2724.0,0.05501997483868787,1.0383396398546247,1.8772199668193688,97,2724.0,1.0383396398546247
36870.0,99,3083.0,22.83703703703704,1.9610195326995785,99,99,3083.0,0.059802312592545696,1.1131349462189741,1.9610195326995785,99,3083.0,1.1131349462189741
36875.0,101,3396.0,25.155555555555555,1.8165433692189787,101,101,3396.0,0.04880905764828201,0.923956247661932,1.8165433692189787,101,3396.0,0.923956247661932
36880.0,100,3671.0,26.99264705882353,1.6687153385066886,100,100,3658.0,0.04531255277135975,0.8262327174658558,1.6687153385066886,100,3658.0,0.8262327174658558
36885.0,95,3931.0,29.118518518518517,2.0596846353537233,95,95,3931.0,0.06331190357240167,1.1749103306392066,2.0596846353537233,95,3931.0,1.1749103306392066
36890.0,92,3901.0,28.268115942028984,1.973594971636927,92,92,3901.0,0.05013452991058216,0.947903795776493,1.973594971636927,92,3901.0,0.947903795776493
36895.0,88,3676.0,26.83211678832117,2.2499198506675957,88,88,3588.0,0.06285158962341961,1.1848560285401581,2.2499198506675957,88,3588.0,1.1848560285401581
36900.0,84,3429.0,25.4,2.3924300044653095,84,84,3429.0,0.07629548946724318,1.3914227155492376,2.3924300044653095,84,3429.0,1.3914227155492376
36905.0,81,3092.0,22.56934306569343,2.320820088062784,81,81,3092.0,0.0737514308564735,1.3911307050699755,2.320820088062784,81,3092.0,1.3911307050699755
36910.0,83,2944.0,21.807407407407407,2.3919926050562124,83,83,2915.0,0.07569809823039958,1.4422107711449674,2.3919926050562124,83,2915.0,1.4422107711449674
36915.0,89,2851.0,20.81021897810219,2.265081234001055,89,89,2851.0,0.06955285169511058,1.2745193682158282,2.265081234001055,89,2851.0,1.2745193682158282
36920.0,89,2687.0,19.613138686131386,2.3456503271191926,89,89,2687.0,0.06435867603812556,1.2413224567414016,2.3456503271191926,89,2687.0,1.2413224567414016
36925.0,89,2444.0,17.71014492753623,2.305976330977657,89,89,2416.0,0.06579251584161193,1.205144160271455,2.305976330977657,89,2416.0,1.205144160271455
36930.0,82,2188.0,15.855072463768115,2.705693572498587,82,82,2188.0,0.08456693214432315,1.532115502203075,2.705693572498587,82,2188.0,1.532115502203075
36935.0,79,1858.0,13.762962962962963,2.6722428151057236,79,79,1858.0,0.08191587620601427,1.5341498329853709,2.6722428151057236,79,1858.0,1.5341498329853709
36940.0,81,1509.0,11.261194029850746,2.363664847590771,81,81,1481.0,0.06901538414307085,1.287875470013699,2.363664847590771,81,1481.0,1.287875470013699
36945.0,81,1251.0,9.335820895522389,2.6393119895353125,81,81,1251.0,0.0816469602663604,1.5147205877836663,2.6393119895353125,81,1251.0,1.5147205877836663
36950.0,79,1187.0,8.792592592592593,2.358865826086419,78,79,1186.0,0.06656196896672972,1.2615319912519258,2.358865826086419,78,1186.0,1.2615319912519258
36955.0,81,1209.0,9.090225563909774,2.3833608696731297,81,81,1196.0,0.06798915300808829,1.278623057170792,2.3833608696731297,81,1196.0,1.278623057170792
36960.0,81,1229.0,9.381679389312977,2.4206875765968956,81,81,1229.0,0.07347160113943994,1.3683314081701676,2.4206875765968956,81,1229.0,1.3683314081701676
36965.0,80,1140.0,8.571428571428571,2.1925599451725972,80,80,1140.0,0.06432647419326128,1.234446884505672,2.1925599451725972,80,1140.0,1.234446884505672
36970.0,78,1126.0,8.661538461538461,2.1988468298173562,78,78,1083.0,0.07201265809715958,1.3922612617805947,2.1988468298173562,78,1083.0,1.3922612617805947
36975.0,80,1141.0,8.578947368421053,2.1788721407562206,80,80,1141.0,0.0690227211761929,1.3066030708992047,2.1788721407562206,80,1141.0,1.3066030708992047
36980.0,82,1247.0,9.37593984962406,2.3189201922963063,82,82,1247.0,0.07541990198251933,1.4195708979937214,2.3189201922963063,82,1247.0,1.4195708979937214
36985.0,86,1343.0,10.022388059701493,2.21848956787448,86,86,1329.0,0.06864114433549438,1.3060135363426655,2.21848956787448,86,1329.0,1.3060135363426655
36990.0,82,1443.0,11.1,2.2312077465581366,82,82,1443.0,0.07801778838589102,1.4587286084491524,2.2312077465581366,82,1443.0,1.4587286084491524
36995.0,79,1487.0,11.438461538461539,2.3468790441782796,79,79,1487.0,0.07560021513082775,1.4273406820865755,2.3468790441782796,79,1487.0,1.4273406820865755
37000.0,82,1497.0,11.427480916030534,2.132157832293682,82,82,1454.0,0.06139433847962258,1.1813076923076908,2.132157832293682,82,1454.0,1.1813076923076908
37005.0,82,1544.0,11.876923076923077,2.338234203601739,82,82,1544.0,0.07243055082724814,1.369124796858415,2.338234203601739,82,1544.0,1.369124796858415
37010.0,81,1555.0,11.691729323308271,2.272289150968905,81,81,1555.0,0.06508318364303116,1.2352532979840718,2.272289150968905,81,1555.0,1.2352532979840718
37015.0,85,1651.0,12.603053435114504,2.2638713136937345,85,85,1623.0,0.06232089304949264,1.221026868767318,2.2638713136937345,85,1623.0,1.221026868767318
37020.0,86,1776.0,13.661538461538461,2.358628546919428,86,86,1776.0,0.07017899273518398,1.3074608120071747,2.358628546919428,86,1776.0,1.3074608120071747
37025.0,88,1905.0,14.431818181818182,2.137193026146361,88,88,1905.0,0.059186365432217176,1.1524899746109594,2.137193026146361,88,1905.0,1.1524899746109594
37030.0,85,1929.0,14.613636363636363,2.3390554427642907,85,85,1929.0,0.06541227997492215,1.285907487645274,2.3390554427642907,85,1929.0,1.285907487645274
37035.0,83,1903.0,14.526717557251908,2.1419203657879238,83,83,1870.0,0.06639495838293319,1.2402369421583943,2.1419203657879238,83,1870.0,1.2402369421583943
37040.0,84,1923.0,14.792307692307693,2.4315739705569976,84,84,1923.0,0.08039627448837099,1.4907189550095932,2.4315739705569976,84,1923.0,1.4907189550095932
37045.0,87,1943.0,14.609022556390977,2.529975892679209,87,87,1943.0,0.07760020074940395,1.4165410212254155,2.529975892679209,87,1943.0,1.4165410212254155
37050.0,80,1958.0,14.946564885496183,2.8933979387599384,80,80,1958.0,0.09984418637147616,1.7754356540314564,2.8933979387599384,80,1958.0,1.7754356540314564
37055.0,77,1985.0,15.15267175572519,2.8563554320795546,77,77,1985.0,0.08711425200881251,1.695291401274862,2.8563554320795546,77,1985.0,1.695291401274862
37060.0,79,1974.0,14.954545454545455,2.6457564820110444,79,79,1931.0,0.07992842012637102,1.5267168141592908,2.6457564820110444,79,1931.0,1.5267168141592908
37065.0,79,1972.0,15.286821705426357,2.79797303355005,79,79,1972.0,0.08909972815812424,1.6964439632440276,2.79797303355005,79,1972.0,1.6964439632440276
37070.0,75,1953.0,15.023076923076923,3.019713396978696,75,75,1953.0,0.09101257962267534,1.724981368784107,3.019713396978696,75,1953.0,1.724981368784107
37075.0,72,1841.0,14.3828125,3.0322921149032442,72,72,1841.0,0.09386454373251694,1.8163211955703646,3.0322921149032442,72,1841.0,1.8163211955703646
37080.0,71,1796.0,14.253968253968255,3.078072420709765,71,71,1761.0,0.09965605728645303,1.9141642929054543,3.078072420709765,71,1761.0,1.9141642929054543
37085.0,75,1905.0,14.8828125,3.000223512864735,75,75,1905.0,0.09681142558759363,1.8199403989704028,3.000223512864735,75,1905.0,1.8199403989704028
37090.0,77,2019.0,15.89763779527559,3.013291073464042,77,77,2019.0,0.09017950735596499,1.73783150331991,3.013291073464042,77,2019.0,1.73783150331991
37095.0,78,2106.0,16.325581395348838,2.8060833075151344,78,78,2093.0,0.07611754277846554,1.413211173075178,2.8060833075151344,78,2093.0,1.413211173075178
37100.0,77,2198.0,17.03875968992248,3.1677908288767345,77,77,2198.0,0.09355590154404927,1.7098751990975936,3.1677908288767345,77,2198.0,1.7098751990975936
37105.0,77,2127.0,16.488372093023255,2.9966923784796102,76,77,2126.0,0.083319614539931,1.544874988677352,2.9966923784796102,76,2126.0,1.544874988677352
37110.0,72,1948.0,15.46031746031746,2.9668892697151374,72,72,1901.0,0.08700295146563577,1.6318899074016315,2.9668892697151374,72,1901.0,1.6318899074016315
37115.0,70,1916.0,15.577235772357724,2.993847677155245,70,70,1916.0,0.09486728447834625,1.7687467029600923,2.993847677155245,70,1916.0,1.7687467029600923
37120.0,73,1909.0,15.39516129032258,2.5964954332571764,73,73,1909.0,0.07402477805883072,1.434456841738664,2.5964954332571764,73,1909.0,1.434456841738664
37125.0,79,1960.0,16.198347107438018,2.202943000169559,79,79,1940.0,0.057792375551663264,1.1170036043965859,2.202943000169559,79,1940.0,1.1170036043965859
37130.0,81,2030.0,16.504065040650406,2.222725625652772,81,81,2030.0,0.06106026168484,1.094893518518516,2.222725625652772,81,2030.0,1.094893518518516
37135.0,78,2007.0,16.865546218487395,2.002580623524646,78,78,2007.0,0.05977121871782994,1.1235594603318024,2.002580623524646,78,2007.0,1.1235594603318024
37140.0,74,1906.0,16.152542372881356,2.3050218192080636,74,74,1878.0,0.07532723935506822,1.392875584591471,2.3050218192080636,74,1878.0,1.392875584591471
37145.0,72,1838.0,15.065573770491802,2.526934595766243,72,72,1838.0,0.08354685458178539,1.521809372966615,2.526934595766243,72,1838.0,1.521809372966615
37150.0,76,1843.0,15.487394957983193,2.2717115839473836,76,76,1843.0,0.06944986980942758,1.310153539542283,2.2717115839473836,76,1843.0,1.310153539542283
37155.0,82,2062.0,17.183333333333334,2.2310893000560887,82,82,2062.0,0.07062038177452246,1.307475743837713,2.2310893000560887,82,2062.0,1.307475743837713
37160.0,86,2327.0,19.554621848739497,2.1180675871998056,86,86,2327.0,0.0659942294034639,1.2137081065375068,2.1180675871998056,86,2327.0,1.2137081065375068
37165.0,93,2621.0,21.483606557377048,2.0680650668277143,93,93,2621.0,0.05525269537294984,1.0390865391939872,2.0680650668277143,93,2621.0,1.0390865391939872
37170.0,90,2921.0,24.140495867768596,2.0540784254280755,90,90,2921.0,0.05800746087924003,1.080096705969202,2.0540784254280755,90,2921.0,1.080096705969202
37175.0,92,3229.0,26.908333333333335,2.005234779769836,92,92,3229.0,0.05311528105404996,1.023177533947742,2.005234779769836,92,3229.0,1.023177533947742
37180.0,93,3541.0,29.024590163934427,1.837470153200465,93,93,3541.0,0.049994520212033856,0.9251942432173066,1.837470153200465,93,3541.0,0.9251942432173066
37185.0,92,3144.0,26.2,1.6979242401163417,92,92,3144.0,0.04248970779671492,0.8430537677747696,1.6979242401163417,92,3144.0,0.8430537677747696
37190.0,93,3395.0,28.05785123966942,1.7337851304475957,93,93,3093.0,0.05642079860236595,1.043380810380269,1.7337851304475957,93,3093.0,1.043380810380269
37195.0,99,3877.0,32.57983193277311,1.4275710498647374,99,99,3877.0,0.04507069123274477,0.7931965888203524,1.4275710498647374,99,3877.0,0.7931965888203524
37200.0,102,4382.0,37.13559322033898,1.3007942293864083,102,102,4382.0,0.034787557189388044,0.6340267605498527,1.3007942293864083,102,4382.0,0.6340267605498527
37205.0,102,4892.0,40.766666666666666,1.3203164634717257,102,102,4890.0,0.0353183143215985,0.6755073237406242,1.3203164634717257,102,4890.0,0.6755073237406242
37210.0,104,5409.0,45.075,1.3908407349131657,104,104,5409.0,0.033741578380931385,0.6608302639001339,1.3908407349131657,104,5409.0,0.6608302639001339
37215.0,101,5635.0,46.570247933884296,1.3228784632245634,101,101,5635.0,0.03225040568135984,0.6219303855854469,1.3228784632245634,101,5635.0,0.6219303855854469
37220.0,98,5649.0,46.68595041322314,1.5252635773000138,98,98,5555.0,0.042971916980242546,0.7949033585584162,1.5252635773000138,98,5555.0,0.7949033585584162
37225.0,96,5644.0,45.886178861788615,1.867768725063595,96,96,5644.0,0.06302304818790179,1.1565957887149527,1.867768725063595,96,5644.0,1.1565957887149527
37230.0,90,5617.0,45.666666666666664,2.026819998021168,90,90,5617.0,0.06685103836666112,1.2145448620853352,2.026819998021168,90,5617.0,1.2145448620853352
37235.0,86,5322.0,43.26829268292683,2.261000480660552,86,86,5322.0,0.06976829233869034,1.322789393215132,2.261000480660552,86,5322.0,1.322789393215132
37240.0,83,4835.0,38.68,2.13887291797622,83,83,4752.0,0.06483742652387293,1.1885204504816111,2.13887291797622,83,4752.0,1.1885204504816111
37245.0,80,4339.0,34.712,2.5567154098177385,80,80,4339.0,0.082802867016717,1.5155046897773354,2.5567154098177385,80,4339.0,1.5155046897773354
37250.0,76,3819.0,30.552,2.7071273551788964,76,76,3819.0,0.08856622675288242,1.6326508014925414,2.7071273551788964,76,3819.0,1.6326508014925414
37255.0,73,3284.0,26.483870967741936,2.977203893135749,73,73,3284.0,0.09894578355170441,1.817296229691356,2.977203893135749,73,3284.0,1.817296229691356
37260.0,68,2729.0,22.553719008264462,3.1027075411383085,68,68,2729.0,0.11657730663363262,2.1404410708406707,3.1027075411383085,68,2729.0,2.1404410708406707
37265.0,65,2222.0,17.776,2.9809402732212233,65,65,2222.0,0.10213020844665677,1.9764226790880404,2.9809402732212233,65,2222.0,1.9764226790880404
37270.0,65,2035.0,16.411290322580644,3.257931704739859,65,65,2003.0,0.12053113362946612,2.284862940035098,3.257931704739859,65,2003.0,2.284862940035098
37275.0,71,1952.0,15.37007874015748,3.2848492954438955,71,71,1952.0,0.11042326698072787,2.084832792914782,3.2848492954438955,71,1952.0,2.084832792914782
37280.0,76,1895.0,15.03968253968254,3.220096826428002,76,76,1895.0,0.09514453940800305,1.8242681156156935,3.220096826428002,76,1895.0,1.8242681156156935
37285.0,79,1786.0,13.953125,3.2600768339789967,79,79,1786.0,0.089478138517615,1.7213282468301452,3.2600768339789967,79,1786.0,1.7213282468301452
37290.0,78,2057.0,16.456,3.240247773725786,78,78,1974.0,0.09644818386825069,1.7611075683844335,3.240247773725786,78,1974.0,1.7611075683844335
37295.0,84,2466.0,20.380165289256198,2.9024208145206547,84,84,2466.0,0.09561469985873097,1.68900876343807,2.9024208145206547,84,2466.0,1.68900876343807
37300.0,91,2904.0,24.0,2.2784694011532958,91,91,2904.0,0.062080766906565873,1.1117506810640783,2.2784694011532958,91,2904.0,1.1117506810640783
37305.0,96,3372.0,28.1,1.8678586955711762,96,96,3372.0,0.0392529673787447,0.7064851790232071,1.8678586955711762,96,3372.0,0.7064851790232071
37310.0,97,3827.0,31.11382113821138,1.802364511565588,97,97,3827.0,0.03005024878663113,0.5506590184419801,1.802364511565588,97,3827.0,0.5506590184419801
37315.0,98,4313.0,35.64462809917355,1.8043212192566425,98,98,4294.0,0.03808118671953823,0.6655524048646763,1.8043212192566425,98,4294.0,0.6655524048646763
37320.0,99,4806.0,40.728813559322035,1.6833142318162995,99,99,4806.0,0.04048067283497404,0.7194077507766238,1.6833142318162995,99,4806.0,0.7194077507766238
37325.0,99,5301.0,44.92372881355932,1.3911094114964702,99,99,5301.0,0.029679551862163003,0.5478841265670366,1.3911094114964702,99,5301.0,0.5478841265670366
37330.0,101,5802.0,50.45217391304348,1.2449479541081934,101,101,5802.0,0.03225476283892808,0.5927159022679681,1.2449479541081934,101,5802.0,0.5927159022679681
37335.0,101,6307.0,53.44915254237288,1.4253044424163943,101,101,6307.0,0.04157397396138351,0.7687127431039784,1.4253044424163943,101,6307.0,0.7687127431039784
37340.0,102,6816.0,58.256410256410255,1.3371119814772627,102,102,6816.0,0.03987969294377349,0.7354860624130155,1.3371119814772627,102,6816.0,0.7354860624130155
37345.0,106,7331.0,62.1271186440678,1.249615939601641,106,106,7331.0,0.035803073028418744,0.6779464285714286,1.249615939601641,106,7331.0,0.6779464285714286
37350.0,104,7848.0,67.07692307692308,1.1733849647014323,104,104,7848.0,0.034132108588262294,0.7026125918813407,1.1733849647014323,104,7848.0,0.7026125918813407
37355.0,102,8098.0,69.21367521367522,1.2234892235924129,102,102,8098.0,0.034652383129977225,0.7071414733699672,1.2234892235924129,102,8098.0,0.7071414733699672
37360.0,100,8152.0,67.93333333333334,1.222466804233188,100,100,8065.0,0.03682303684086504,0.6796460176991111,1.222466804233188,100,8065.0,0.6796460176991111
37365.0,96,8194.0,69.44067796610169,1.4099408974118728,96,96,8194.0,0.05413536564088835,0.971645428420017,1.4099408974118728,96,8194.0,0.971645428420017
37370.0,92,8215.0,67.89256198347107,1.6016550362816455,92,92,8215.0,0.05550983271149005,0.9983211535488216,1.6016550362816455,92,8215.0,0.9983211535488216
37375.0,89,7801.0,65.00833333333334,1.6580947089190456,89,89,7801.0,0.059421087790064074,1.0954266012943947,1.6580947089190456,89,7801.0,1.0954266012943947
37380.0,86,7087.0,59.554621848739494,1.6800089237109381,86,86,7087.0,0.05965865234520568,1.110672015194996,1.6800089237109381,86,7087.0,1.110672015194996
37385.0,83,6353.0,51.65040650406504,1.8730262468679948,83,83,6215.0,0.06251161178128903,1.170328935524354,1.8730262468679948,83,6215.0,1.170328935524354
37390.0,80,5549.0,45.113821138211385,2.164911523141389,80,80,5548.0,0.07669492842964339,1.4047623380944545,2.164911523141389,80,5548.0,1.4047623380944545
37395.0,81,4791.0,38.328,2.0356455379475267,80,81,4764.0,0.06923707136348589,1.2952183324779654,2.0356455379475267,80,4764.0,1.2952183324779654
37400.0,81,4096.0,33.03225806451613,2.1450735262854352,81,81,4069.0,0.07308163809587719,1.3819104696015896,2.1450735262854352,81,4069.0,1.3819104696015896
37405.0,85,3612.0,28.440944881889763,2.1821262812586935,85,85,3612.0,0.07671360845418525,1.4241812031866978,2.1821262812586935,85,3612.0,1.4241812031866978
37410.0,89,3333.0,26.244094488188978,2.1209876069208677,89,89,3291.0,0.0658808619092222,1.2603529265488596,2.1209876069208677,89,3291.0,1.2603529265488596
37415.0,93,3076.0,24.22047244094488,1.9632069489576414,93,93,3034.0,0.052735751270053366,0.9959378325844593,1.9632069489576414,93,3034.0,0.9959378325844593
37420.0,98,2851.0,22.448818897637796,1.4810598992410018,98,98,2851.0,0.03252744662372434,0.5903560357768513,1.4810598992410018,98,2851.0,0.5903560357768513
37425.0,98,2689.0,21.512,1.4374903499173193,98,98,2689.0,0.03680748595796658,0.6951022151758975,1.4374903499173193,98,2689.0,0.6951022151758975
37430.0,101,2781.0,22.248,1.2192769515324666,101,101,2781.0,0.034094759621466776,0.6452109571231222,1.2192769515324666,101,2781.0,0.6452109571231222
37435.0,98,2994.0,23.952,1.3512521021529136,98,98,2994.0,0.03593181451350694,0.6855824208608435,1.3512521021529136,98,2994.0,0.6855824208608435
37440.0,98,3252.0,26.016,1.3945883831422985,98,98,3209.0,0.040177073136192405,0.7042876775545565,1.3945883831422985,98,3209.0,0.7042876775545565
37445.0,98,3515.0,27.896825396825395,1.5228305425093074,98,98,3515.0,0.05662803792965029,0.9931497444762014,1.5228305425093074,98,3515.0,0.9931497444762014
37450.0,97,3554.0,28.206349206349206,1.57633646071987,97,97,3554.0,0.04711103485115394,0.906335639130956,1.57633646071987,97,3554.0,0.906335639130956
37455.0,93,3428.0,26.992125984251967,1.6353020662985422,93,93,3355.0,0.05317711450328383,0.9829676475840868,1.6353020662985422,93,3355.0,0.9829676475840868
37460.0,90,3284.0,26.063492063492063,1.9622497439026283,90,90,3284.0,0.07213569342626508,1.3045327927911508,1.9622497439026283,90,3284.0,1.3045327927911508
37465.0,89,2958.0,23.109375,1.8563711397985383,89,89,2958.0,0.0665186109710394,1.2083191355150693,1.8563711397985383,89,2958.0,1.2083191355150693
37470.0,83,2705.0,21.1328125,2.196005971908573,83,83,2647.0,0.07443641477693862,1.3821889594540802,2.196005971908573,83,2647.0,1.3821889594540802
37475.0,85,2526.0,19.88976377952756,2.310962454422555,85,85,2526.0,0.08209682580129546,1.4791009229780427,2.310962454422555,85,2526.0,1.4791009229780427
37480.0,88,2357.0,18.130769230769232,2.2204273292737904,88,88,2357.0,0.07067872136234307,1.3147078639755827,2.2204273292737904,88,2357.0,1.3147078639755827
37485.0,90,2202.0,17.069767441860463,2.0241135525783496,90,90,2202.0,0.05719857097144027,1.0679410341023359,2.0241135525783496,90,2202.0,1.0679410341023359
37490.0,91,2053.0,15.553030303030303,1.9753187023980663,91,91,2053.0,0.054886915000762725,0.9974671048536541,1.9753187023980663,91,2053.0,0.9974671048536541
37495.0,90,1854.0,14.15267175572519,2.0068304626758007,90,90,1854.0,0.05922063929934912,1.0540529951557926,2.0068304626758007,90,1854.0,1.0540529951557926
37500.0,87,1973.0,15.294573643410853,2.054525623893249,87,87,1945.0,0.06401302163900825,1.1555564915729055,2.054525623893249,87,1945.0,1.1555564915729055
37505.0,93,2277.0,17.38167938931298,1.9762794688338754,93,93,2277.0,0.06508660694355443,1.1634216141427203,1.9762794688338754,93,2277.0,1.1634216141427203
37510.0,96,2514.0,19.488372093023255,1.724970975294512,96,96,2514.0,0.050211071520333515,0.9211089859523892,1.724970975294512,96,2514.0,0.9211089859523892
37515.0,96,2813.0,21.310606060606062,1.863924741553963,96,96,2785.0,0.05210187407170331,0.9554446821629708,1.863924741553963,96,2785.0,0.9554446821629708
37520.0,97,3144.0,24.184615384615384,2.0040544718629563,97,97,3144.0,0.06245514990116007,1.107029679446415,2.0040544718629563,97,3144.0,1.107029679446415
37525.0,101,3482.0,26.784615384615385,1.8260406786286876,101,101,3482.0,0.056758022412424405,1.026667633338829,1.8260406786286876,101,3482.0,1.026667633338829
37530.0,95,3576.0,27.50769230769231,1.9334983402098893,95,95,3576.0,0.051788146255333505,0.9732478012794771,1.9334983402098893,95,3576.0,0.9732478012794771
37535.0,92,3492.0,27.28125,2.102317415624762,92,92,3414.0,0.06288606585561195,1.138894051001528,2.102317415624762,92,3414.0,1.138894051001528
37540.0,89,3389.0,25.870229007633586,2.239544616617391,89,89,3389.0,0.0667043972849402,1.1773103023172318,2.239544616617391,89,3389.0,1.1773103023172318
37545.0,87,3361.0,25.853846153846153,2.451963650153817,87,87,3361.0,0.06998223297449133,1.2964864094359954,2.451963650153817,87,3361.0,1.2964864094359954
37550.0,90,3393.0,25.704545454545453,2.415181290184162,90,90,3393.0,0.06771279502215617,1.241367491767075,2.415181290184162,90,3393.0,1.241367491767075
37555.0,94,3451.0,26.546153846153846,2.080850019115664,94,94,3449.0,0.05034226597672608,0.9707836140017213,2.080850019115664,94,3449.0,0.9707836140017213
37560.0,95,3525.0,27.5390625,2.032512944249633,95,95,3523.0,0.054812584703320816,1.0139221020583669,2.032512944249633,95,3523.0,1.0139221020583669
37565.0,93,3431.0,26.19083969465649,2.057458211573466,93,93,3431.0,0.0611083191090376,1.0719439634184924,2.057458211573466,93,3431.0,1.0719439634184924
37570.0,89,3208.0,24.676923076923078,2.1888128469048564,89,89,3155.0,0.06857148668760506,1.2188579490583396,2.1888128469048564,89,3155.0,1.2188579490583396
37575.0,85,2963.0,22.968992248062015,2.3420692457566967,85,85,2963.0,0.07903969021668078,1.422739261362686,2.3420692457566967,85,2963.0,1.422739261362686
37580.0,83,2664.0,20.651162790697676,2.4466631684863955,83,83,2664.0,0.08076908938326445,1.4395048386096607,2.4466631684863955,83,2664.0,1.4395048386096607
37585.0,85,2404.0,18.635658914728683,2.4846528752760366,85,85,2368.0,0.08386047185606955,1.4871802919830868,2.4846528752760366,85,2368.0,1.4871802919830868
37590.0,83,2160.0,16.74418604651163,2.632675079294116,83,83,2160.0,0.08781613875034311,1.6331078737497227,2.632675079294116,83,2160.0,1.6331078737497227
37595.0,84,2110.0,16.484375,2.4761341942995143,84,84,2110.0,0.0749573355046547,1.4384647158079564,2.4761341942995143,84,2110.0,1.4384647158079564
37600.0,90,2272.0,17.75,2.1441498839979736,90,90,2257.0,0.06399716067311355,1.195158056101625,2.1441498839979736,90,2257.0,1.195158056101625
37605.0,97,2465.0,19.409448818897637,1.7622637349175314,97,97,2465.0,0.05400277450424134,0.9583967103067756,1.7622637349175314,97,2465.0,0.9583967103067756
37610.0,95,2582.0,20.171875,1.6297903862030363,95,95,2582.0,0.043952636299430456,0.8525987018288185,1.6297903862030363,95,2582.0,0.8525987018288185
37615.0,93,2796.0,22.015748031496063,1.7214988250216092,93,93,2768.0,0.051382224417946785,0.9653371866654264,1.7214988250216092,93,2768.0,0.9653371866654264
37620.0,95,3118.0,24.746031746031747,1.7887567638162067,95,95,3118.0,0.0579311023974127,1.033305182201493,1.7887567638162067,95,3118.0,1.033305182201493
37625.0,98,3426.0,26.558139534883722,1.6430288866440221,98,98,3426.0,0.04507303301474813,0.8351623560961391,1.6430288866440221,98,3426.0,0.8351623560961391
37630.0,100,3769.0,29.91269841269841,1.5334338334325235,100,100,3747.0,0.04588278413526805,0.8386162760315464,1.5334338334325235,100,3747.0,0.8386162760315464
37635.0,100,4119.0,32.1796875,1.5275169930023043,100,100,4119.0,0.04584287940681639,0.8624551591269375,1.5275169930023043,100,4119.0,0.8624551591269375
37640.0,100,4423.0,34.826771653543304,1.544246196883283,100,100,4423.0,0.04545860699977288,0.8545417637661865,1.544246196883283,100,4423.0,0.8545417637661865
37645.0,103,4773.0,36.715384615384615,1.6236289029000381,103,103,4749.0,0.05257672842023484,0.9272244953250124,1.6236289029000381,103,4749.0,0.9272244953250124
37650.0,100,5123.0,39.40769230769231,1.7541534915730017,100,100,5123.0,0.059586600690409774,1.0497305291657415,1.7541534915730017,100,5123.0,1.0497305291657415
37655.0,99,5386.0,41.751937984496124,1.7525284096934834,99,99,5386.0,0.05368605333225266,0.9792821354495647,1.7525284096934834,99,5386.0,0.9792821354495647
37660.0,99,5672.0,43.29770992366412,1.6935355251833057,99,99,5644.0,0.04794115956950601,0.8507573142020635,1.6935355251833057,99,5644.0,0.8507573142020635
37665.0,99,6017.0,46.284615384615385,1.8171085701001786,99,99,6017.0,0.05795893171655139,0.9751380259043377,1.8171085701001786,99,6017.0,0.9751380259043377
37670.0,100,6356.0,49.27131782945737,1.6624645818340156,100,100,6356.0,0.047092076564817266,0.8333898139406164,1.6624645818340156,100,6356.0,0.8333898139406164
37675.0,100,6706.0,52.803149606299215,1.5279077633843177,100,100,6700.0,0.04623899960239191,0.8151818049520456,1.5279077633843177,100,6700.0,0.8151818049520456
37680.0,101,7060.0,56.03174603174603,1.5353318702224765,101,101,7060.0,0.04342051367935752,0.7898168339618342,1.5353318702224765,101,7060.0,0.7898168339618342
37685.0,98,7364.0,57.08527131782946,1.6502094091938646,98,98,7364.0,0.04135192509442974,0.7673418781691362,1.6502094091938646,98,7364.0,0.7673418781691362
37690.0,94,7616.0,59.03875968992248,1.888992617204379,94,94,7603.0,0.05374700710251724,0.9811349816174094,1.888992617204379,94,7603.0,0.9811349816174094
37695.0,89,7846.0,59.89312977099237,2.1524749009348536,89,89,7846.0,0.06973575404330187,1.2133744943442935,2.1524749009348536,89,7846.0,1.2133744943442935
37700.0,88,8065.0,62.51937984496124,2.1066024421267806,88,88,8065.0,0.0641174777517881,1.1894994555426979,2.1066024421267806,88,8065.0,1.1894994555426979
37705.0,93,8422.0,65.28682170542636,2.1128696372503804,93,93,8422.0,0.06843954379369147,1.2689964883135763,2.1128696372503804,93,8422.0,1.2689964883135763
37710.0,96,8817.0,68.8828125,2.0082925335545747,96,96,8817.0,0.05700691598355905,1.060344146565419,2.0082925335545747,96,8817.0,1.060344146565419
37715.0,99,9233.0,72.7007874015748,1.7704887517282821,99,99,9233.0,0.04774347160444189,0.9160225096007778,1.7704887517282821,99,9233.0,0.9160225096007778
37720.0,100,9655.0,76.02362204724409,1.5286481947889339,100,100,9655.0,0.03712744456798835,0.700273173367923,1.5286481947889339,100,9655.0,0.700273173367923
37725.0,98,10007.0,79.42063492063492,1.5235721959502029,98,98,10007.0,0.039438901473472766,0.7392024702103347,1.5235721959502029,98,10007.0,0.7392024702103347
37730.0,100,10456.0,82.33070866141732,1.517445275110458,100,100,10395.0,0.04555754657866037,0.8233361462577758,1.517445275110458,100,10395.0,0.8233361462577758
37735.0,106,10974.0,86.40944881889764,1.456308102967536,106,106,10974.0,0.04143851838489967,0.7569746272884602,1.456308102967536,106,10974.0,0.7569746272884602
37740.0,111,11519.0,92.89516129032258,1.1061410923594714,111,111,11519.0,0.024105787841510337,0.45656874627610383,1.1061410923594714,111,11519.0,0.45656874627610383
37745.0,109,11485.0,90.43307086614173,1.17416894799575,109,109,11485.0,0.025565218414523347,0.49584755536785335,1.17416894799575,109,11485.0,0.49584755536785335
37750.0,104,11040.0,87.61904761904762,1.3556643523633773,104,104,10847.0,0.03987763722664854,0.7448959884162848,1.3556643523633773,104,10847.0,0.7448959884162848
37755.0,101,10575.0,83.26771653543307,1.4924004288122408,101,101,10575.0,0.050643679088260236,0.9049470916292238,1.4924004288122408,101,10575.0,0.9049470916292238
37760.0,96,9910.0,78.65079365079364,1.651927299111635,96,96,9910.0,0.05279445449888672,0.9925114977881694,1.651927299111635,96,9910.0,0.9925114977881694
37765.0,93,9103.0,72.824,1.720150348172559,93,93,9045.0,0.05826796536623591,1.0227179470825551,1.720150348172559,93,9045.0,1.0227179470825551
37770.0,88,8277.0,66.75,1.9898260846947005,88,88,8277.0,0.08038811465803317,1.3452457576078198,1.9898260846947005,88,8277.0,1.3452457576078198
37775.0,83,7382.0,59.53225806451613,2.1100495182444563,83,83,7382.0,0.07787127718314213,1.3731220417745034,2.1100495182444563,83,7382.0,1.3731220417745034
37780.0,81,6440.0,51.52,1.9019095886251038,81,81,6427.0,0.060535411912623543,1.1054372937364805,1.9019095886251038,81,6427.0,1.1054372937364805
37785.0,77,5480.0,44.193548387096776,2.1475105528422027,77,77,5480.0,0.07843216231264732,1.4075349021222594,2.1475105528422027,77,5480.0,1.4075349021222594
37790.0,74,4368.0,34.666666666666664,2.080607551310204,74,74,4368.0,0.07023969831018162,1.2667455027579864,2.080607551310204,74,4368.0,1.2667455027579864
37795.0,72,3337.0,26.484126984126984,2.2228351439697445,72,72,3284.0,0.07454762857224921,1.3634795060666853,2.2228351439697445,72,3284.0,1.3634795060666853
37800.0,73,2346.0,18.768,2.2500512959910415,73,73,2346.0,0.07551215421425497,1.3669033295127435,2.2500512959910415,73,2346.0,1.3669033295127435
37805.0,74,1518.0,11.952755905511811,2.201002327265746,74,74,1518.0,0.07205276887170975,1.355709799019359,2.201002327265746,74,1518.0,1.355709799019359
37810.0,81,1180.0,9.516129032258064,1.9749903979184424,81,81,1160.0,0.06715063045384038,1.2639682332867377,1.9749903979184424,81,1160.0,1.2639682332867377
37815.0,91,1535.0,12.086614173228346,1.8509158658240683,91,91,1515.0,0.056401177902030024,1.0404794340312291,1.8509158658240683,91,1515.0,1.0404794340312291
37820.0,95,1832.0,14.3125,1.762847861956328,95,95,1832.0,0.049765810706824974,0.9827314938700162,1.762847861956328,95,1832.0,0.9827314938700162
37825.0,93,2060.0,15.846153846153847,1.7902968775960704,93,93,2031.0,0.04836292316407691,0.9255427433751239,1.7902968775960704,93,2031.0,0.9255427433751239
37830.0,90,2280.0,17.674418604651162,1.9835082458390882,90,90,2280.0,0.06942012420474325,1.305734069443805,1.9835082458390882,90,2280.0,1.305734069443805
37835.0,87,2309.0,18.181102362204726,1.8237214466808138,87,87,2309.0,0.05900618729845034,1.1476478898358287,1.8237214466808138,87,2309.0,1.1476478898358287
37840.0,85,2237.0,17.4765625,1.838239444985163,85,85,2179.0,0.06117624038537874,1.1365558190409637,1.838239444985163,85,2179.0,1.1365558190409637
37845.0,84,2201.0,17.06201550387597,2.1398789217549328,84,84,2201.0,0.06926622387782191,1.277819291480999,2.1398789217549328,84,2201.0,1.277819291480999
37850.0,88,2168.0,16.549618320610687,1.9828718598337804,88,88,2168.0,0.06183972903046196,1.087372956103731,1.9828718598337804,88,2168.0,1.087372956103731
37855.0,91,2162.0,16.50381679389313,2.073601543736157,91,91,2156.0,0.06066960996721964,1.1044626014624086,2.073601543736157,91,2156.0,1.1044626014624086
37860.0,92,2166.0,16.921875,1.7917920504780214,92,92,2166.0,0.05363333955620611,0.9805758203496618,1.7917920504780214,92,2166.0,0.9805758203496618
37865.0,93,2175.0,16.603053435114504,1.8646513268630107,93,93,2175.0,0.05488177776940419,1.0170891076565174,1.8646513268630107,93,2175.0,1.0170891076565174
37870.0,91,1989.0,15.3,1.8843465571931055,91,91,1989.0,0.05730486355582427,1.0728215132764638,1.8843465571931055,91,1989.0,1.0728215132764638
37875.0,87,1805.0,13.674242424242424,2.0345125662984405,87,87,1743.0,0.06636084730209217,1.2317888821252365,2.0345125662984405,87,1743.0,1.2317888821252365
37880.0,87,1865.0,14.346153846153847,2.1806114859708057,87,87,1865.0,0.08152360694186743,1.4461400492019185,2.1806114859708057,87,1865.0,1.4461400492019185
37885.0,93,2172.0,16.70769230769231,2.1147223186414705,93,93,2172.0,0.07540799237260275,1.3541854499759691,2.1147223186414705,93,2172.0,1.3541854499759691
37890.0,101,2490.0,19.153846153846153,1.7369575078666086,101,101,2490.0,0.057005092477267885,1.0428990081061273,1.7369575078666086,101,2490.0,1.0428990081061273
37895.0,102,2725.0,20.96153846153846,1.6172367789563027,102,102,2672.0,0.04631174953641878,0.857898692019241,1.6172367789563027,102,2672.0,0.857898692019241
37900.0,102,2955.0,22.557251908396946,1.600566648127514,102,102,2955.0,0.04815801912807804,0.8750838806924789,1.600566648127514,102,2955.0,0.8750838806924789
37905.0,97,3140.0,23.96946564885496,1.6358905243548498,97,97,3140.0,0.04271704753037843,0.8214810626769943,1.6358905243548498,97,3140.0,0.8214810626769943
37910.0,100,3364.0,25.484848484848484,1.6401668649476562,100,100,3351.0,0.03814925206661278,0.750738918100453,1.6401668649476562,100,3351.0,0.750738918100453
37915.0,100,3589.0,27.189393939393938,1.847252588923677,100,100,3589.0,0.048059099259754746,0.8872310266108984,1.847252588923677,100,3589.0,0.8872310266108984
37920.0,98,3602.0,27.28787878787879,1.8035449974498816,98,98,3602.0,0.04365490294416631,0.798903360486569,1.8035449974498816,98,3602.0,0.798903360486569
37925.0,94,3455.0,25.59259259259259,2.021258388028798,94,94,3387.0,0.05355574054179841,0.990634804343701,2.021258388028798,94,3387.0,0.990634804343701
37930.0,90,3287.0,24.529850746268657,2.329376312794547,90,90,3287.0,0.06754346098744043,1.2485683851000011,2.329376312794547,90,3287.0,1.2485683851000011
37935.0,87,3090.0,23.059701492537314,2.292231343804796,87,87,3090.0,0.06403945079484862,1.2260313436563466,2.292231343804796,87,3090.0,1.2260313436563466
37940.0,88,2901.0,21.649253731343283,2.461796306922236,88,88,2893.0,0.06368013856713879,1.2508530918703333,2.461796306922236,88,2893.0,1.2508530918703333
37945.0,89,2716.0,20.42105263157895,2.453877855126695,89,89,2716.0,0.07208503967017439,1.3411090206607212,2.453877855126695,89,2716.0,1.3411090206607212
37950.0,85,2481.0,19.084615384615386,2.3449055939329586,85,85,2481.0,0.07016589847222397,1.3497876892900929,2.3449055939329586,85,2481.0,1.3497876892900929
37955.0,82,2273.0,17.89763779527559,2.3247656005362582,82,82,2260.0,0.07326043971817471,1.3809948653193542,2.3247656005362582,82,2260.0,1.3809948653193542
37960.0,84,2262.0,17.53488372093023,2.3158179121315476,84,84,2262.0,0.07543640783800325,1.350984040672304,2.3158179121315476,84,2262.0,1.350984040672304
37965.0,87,2292.0,17.49618320610687,2.2491115123352996,87,87,2292.0,0.06270527860595697,1.171236929515841,2.2491115123352996,87,2292.0,1.171236929515841
37970.0,89,2569.0,19.610687022900763,2.2014683491736853,89,89,2567.0,0.06400158621175907,1.1635467810376487,2.2014683491736853,89,2567.0,1.1635467810376487
37975.0,96,2959.0,22.76153846153846,1.8496606817811734,96,96,2959.0,0.05237620683607268,0.9745558823737827,1.8496606817811734,96,2959.0,0.9745558823737827
37980.0,102,3384.0,26.4375,1.6480179552159295,102,102,3384.0,0.038206880134143674,0.7612423530151264,1.6480179552159295,102,3384.0,0.7612423530151264
37985.0,99,3753.0,28.869230769230768,1.6675641081290333,99,99,3753.0,0.03804663740826224,0.7792882180566548,1.6675641081290333,99,3753.0,0.7792882180566548
37990.0,94,4058.0,31.45736434108527,1.8146285250766476,94,94,4040.0,0.052542444336475376,1.0184136824915533,1.8146285250766476,94,4040.0,1.0184136824915533
37995.0,91,4344.0,33.9375,1.8811643112196297,91,91,4344.0,0.06488741931795504,1.2117372881355821,1.8811643112196297,91,4344.0,1.2117372881355821
38000.0,92,4689.0,36.92125984251968,1.8664802302835388,92,92,4689.0,0.05964098710348592,1.1635515143109274,1.8664802302835388,92,4689.0,1.1635515143109274
38005.0,99,5064.0,39.25581395348837,1.8149173474512552,99,99,5063.0,0.05444672329719009,1.0144969203252188,1.8149173474512552,99,5063.0,1.0144969203252188
38010.0,99,5458.0,42.310077519379846,1.9282609791959628,99,99,5458.0,0.055765495460904424,1.079659670373675,1.9282609791959628,99,5458.0,1.079659670373675
38015.0,100,5854.0,45.734375,1.8166924008765521,100,100,5854.0,0.04186061930341396,0.8671603593823028,1.8166924008765521,100,5854.0,0.8671603593823028
38020.0,98,6071.0,47.4296875,1.6213545863507353,98,98,6071.0,0.03709781719433967,0.759546051949388,1.6213545863507353,98,6071.0,0.759546051949388
38025.0,99,6466.0,51.728,1.5427371417537787,99,99,6350.0,0.045400524757625974,0.8592026777679842,1.5427371417537787,99,6350.0,0.8592026777679842
38030.0,101,6911.0,54.41732283464567,1.4777275142625328,101,101,6911.0,0.04350369828608833,0.7800996275049207,1.4777275142625328,101,6911.0,0.7800996275049207
38035.0,107,7436.0,59.01587301587302,1.4264354201312814,107,107,7436.0,0.03619112775476506,0.6671697539598633,1.4264354201312814,107,7436.0,0.6671697539598633
38040.0,112,7986.0,63.38095238095238,1.2212718467348842,112,112,7986.0,0.020494892229635707,0.38211424006166733,1.2212718467348842,112,7986.0,0.38211424006166733
38045.0,113,8550.0,67.32283464566929,1.0992236350359406,113,113,8550.0,0.023571505757481893,0.4267776389594021,1.0992236350359406,113,8550.0,0.4267776389594021
38050.0,110,9056.0,72.448,1.0421849757294446,110,110,9056.0,0.027487401642864086,0.5146203873121669,1.0421849757294446,110,9056.0,0.5146203873121669
38055.0,111,9611.0,77.50806451612904,0.8806868103994848,111,111,9586.0,0.033129680739281075,0.5995604718245903,0.8806868103994848,111,9586.0,0.5995604718245903
38060.0,111,10166.0,81.98387096774194,1.064369133080838,111,111,10166.0,0.04329808910326541,0.7602468707109248,1.064369133080838,111,10166.0,0.7602468707109248
38065.0,114,10724.0,85.11111111111111,0.9902533236502814,114,114,10724.0,0.03145286026327408,0.5518721169056533,0.9902533236502814,114,10724.0,0.5518721169056533
38070.0,113,11288.0,89.58730158730158,1.1754795835022946,113,113,11288.0,0.03306561114840144,0.6025500175176075,1.1754795835022946,113,11288.0,0.6025500175176075
38075.0,114,11854.0,94.07936507936508,1.1612860901809345,114,114,11854.0,0.032213604632525955,0.5842998027597751,1.1612860901809345,114,11854.0,0.5842998027597751
38080.0,111,12178.0,97.424,0.8393697016722864,111,111,12178.0,0.026605394827259436,0.4861564801329659,0.8393697016722864,111,12178.0,0.4861564801329659
38085.0,108,12326.0,98.608,0.9610264210393613,108,108,12248.0,0.03460076978358384,0.5930490925873699,0.9610264210393613,108,12248.0,0.5930490925873699
38090.0,104,12456.0,98.07874015748031,1.2834058298416342,104,104,12456.0,0.049426283329349535,0.8540228571872381,1.2834058298416342,104,12456.0,0.8540228571872381
38095.0,102,12556.0,98.86614173228347,1.351929458266413,102,102,12556.0,0.04666432471378203,0.8323047502870213,1.351929458266413,102,12556.0,0.8323047502870213
38100.0,103,12670.0,99.76377952755905,1.4567589595098085,103,103,12661.0,0.04193040438037185,0.7819409976124629,1.4567589595098085,103,12661.0,0.7819409976124629
38105.0,104,12787.0,99.12403100775194,1.4047067233747492,104,104,12787.0,0.04103277197665686,0.7930556569949134,1.4047067233747492,104,12787.0,0.7930556569949134
38110.0,102,12818.0,100.92913385826772,1.3016179976899365,102,102,12818.0,0.03910432683639234,0.767784189952418,1.3016179976899365,102,12818.0,0.767784189952418
38115.0,102,12916.0,100.90625,1.364945474363969,102,102,12877.0,0.04808741550142777,0.8988482607561935,1.364945474363969,102,12877.0,0.8988482607561935
38120.0,102,13022.0,101.734375,1.5130327539240185,102,102,13022.0,0.05423776573447383,0.9753053295958343,1.5130327539240185,102,13022.0,0.9753053295958343
38125.0,101,13193.0,101.48461538461538,1.590984168285269,101,101,13193.0,0.05353934554566561,0.976693804190582,1.590984168285269,101,13193.0,0.976693804190582
38130.0,98,13508.0,103.9076923076923,1.8571982149126456,98,98,13480.0,0.05570133031496857,1.071749295943916,1.8571982149126456,98,13480.0,1.071749295943916
38135.0,98,13848.0,107.34883720930233,1.9637383586256147,98,98,13848.0,0.06271598709051857,1.1610466033576181,1.9637383586256147,98,13848.0,1.1610466033576181
38140.0,99,14179.0,108.23664122137404,1.7521318651863709,99,99,14179.0,0.04112972342285983,0.8017615973059692,1.7521318651863709,99,14179.0,0.8017615973059692
38145.0,99,14524.0,113.46875,1.7050512588448985,99,99,14516.0,0.04405066537972571,0.8585616957998421,1.7050512588448985,99,14516.0,0.8585616957998421
38150.0,100,14874.0,114.41538461538461,1.7418214678324782,100,100,14874.0,0.04562741744095454,0.8513465459262548,1.7418214678324782,100,14874.0,0.8513465459262548
38155.0,99,15208.0,117.89147286821705,1.7950465848836628,99,99,15208.0,0.04151555142948087,0.8278436992162912,1.7950465848836628,99,15208.0,0.8278436992162912
38160.0,100,15557.0,121.5390625,1.7771223412603305,100,100,15546.0,0.03998058929972064,0.7683693000708816,1.7771223412603305,100,15546.0,0.7683693000708816
38165.0,101,15910.0,123.33333333333333,1.6370447095902427,101,101,15910.0,0.04240450278350584,0.8006747475896535,1.6370447095902427,101,15910.0,0.8006747475896535
38170.0,101,16283.0,126.2248062015504,1.7010289600785935,101,101,16283.0,0.04058105391926012,0.793962243237752,1.7010289600785935,101,16283.0,0.793962243237752
38175.0,105,16796.0,128.21374045801528,1.7381845808313718,105,105,16793.0,0.04614583521856708,0.8519284802892593,1.7381845808313718,105,16793.0,0.8519284802892593
38180.0,110,17336.0,137.5873015873016,1.2893793651700576,110,110,17336.0,0.03928322365612221,0.7395629340707758,1.2893793651700576,110,17336.0,0.7395629340707758
38185.0,111,17752.0,138.6875,1.261388466767094,111,111,17752.0,0.02917392170697039,0.5830480282669307,1.261388466767094,111,17752.0,0.5830480282669307
38190.0,105,18060.0,143.33333333333334,1.4353452432799343,105,105,18017.0,0.04480802942268325,0.8350882286940552,1.4353452432799343,105,18017.0,0.8350882286940552
38195.0,101,18347.0,147.95967741935485,1.5221521404086455,101,101,18347.0,0.055697865399569335,0.9982972447755667,1.5221521404086455,101,18347.0,0.9982972447755667
38200.0,98,18605.0,148.84,1.3966437775748215,98,98,18605.0,0.046194092253272374,0.8597790807739405,1.3966437775748215,98,18605.0,0.8597790807739405
38205.0,99,18875.0,152.21774193548387,1.4172104336206108,99,99,18867.0,0.04448732333186606,0.8480673327887827,1.4172104336206108,99,18867.0,0.8480673327887827
38210.0,100,19150.0,153.2,1.372002908837413,100,100,19150.0,0.048034732935226,0.8703703599918866,1.372002908837413,100,19150.0,0.8703703599918866
38215.0,97,19374.0,154.992,1.4890936273487714,97,97,19374.0,0.0453559391722633,0.8610626904163717,1.4890936273487714,97,19374.0,0.8610626904163717
38220.0,93,19548.0,156.384,1.6838592610770546,93,93,19535.0,0.05165923750011571,0.9538072746558421,1.6838592610770546,93,19535.0,0.9538072746558421
38225.0,89,19700.0,155.11811023622047,1.939971367071051,89,89,19700.0,0.06546717500857259,1.2142303591578048,1.939971367071051,89,19700.0,1.2142303591578048
38230.0,85,19899.0,157.92857142857142,2.183136535566095,85,85,19899.0,0.0737314650877409,1.3855610644524894,2.183136535566095,85,19899.0,1.3855610644524894
38235.0,86,20236.0,158.09375,2.2265409245339947,86,86,20236.0,0.07052949203650279,1.3374570852089727,2.2265409245339947,86,20236.0,1.3374570852089727
38240.0,91,20606.0,160.984375,2.291889358648173,91,91,20599.0,0.07230899845387849,1.3394759539717753,2.291889358648173,91,20599.0,1.3394759539717753
38245.0,95,20993.0,161.48461538461538,2.2215920324684943,95,95,20993.0,0.06684835051658752,1.1852496342491794,2.2215920324684943,95,20993.0,1.1852496342491794
38250.0,93,21383.0,164.48461538461538,2.4158490346573993,93,93,21383.0,0.06523984355152786,1.22389665599464,2.4158490346573993,93,21383.0,1.22389665599464
38255.0,94,21775.0,172.81746031746033,2.1822121653225586,94,94,21775.0,0.05403485353949159,1.0675813320034908,2.1822121653225586,94,21775.0,1.0675813320034908
38260.0,95,22156.0,178.67741935483872,1.9131437192880887,95,95,22156.0,0.05294399886387426,1.0351492553970558,1.9131437192880887,95,22156.0,1.0351492553970558
38265.0,101,22649.0,182.65322580645162,1.7965028861915522,101,101,22594.0,0.04978016249929731,0.9197499331407373,1.7965028861915522,101,22594.0,0.9197499331407373
38270.0,106,23169.0,185.352,1.454674314251636,106,106,23169.0,0.032150547758090085,0.5600407462004647,1.454674314251636,106,23169.0,0.5600407462004647
38275.0,106,23691.0,192.609756097561,1.3202200748923785,106,106,23691.0,0.027886709416705634,0.5046874240518624,1.3202200748923785,106,23691.0,0.5046874240518624
38280.0,106,24221.0,198.5327868852459,1.3149960900101298,106,106,24213.0,0.03406141379609248,0.5773792630562822,1.3149960900101298,106,24213.0,0.5773792630562822
38285.0,107,24756.0,201.26829268292684,1.19730435581746,107,107,24756.0,0.033600441002601844,0.5637685165105337,1.19730435581746,107,24756.0,0.5637685165105337
38290.0,107,25291.0,209.01652892561984,1.1659227012842488,107,107,25291.0,0.02989618987146611,0.5591427380416953,1.1659227012842488,107,25291.0,0.5591427380416953
38295.0,109,25829.0,215.24166666666667,0.8948810948955394,109,109,25829.0,0.029702037631943474,0.5272611631104136,0.8948810948955394,109,25829.0,0.5272611631104136
38300.0,108,26369.0,219.74166666666667,1.0587782072030565,108,108,26369.0,0.03854414885540251,0.701790065319233,1.0587782072030565,108,26369.0,0.701790065319233
38305.0,108,25705.0,210.69672131147541,1.0880100555236714,108,108,25705.0,0.034232369639420675,0.6428030450077599,1.0880100555236714,108,25705.0,0.6428030450077599
38310.0,101,24220.0,198.52459016393442,1.2703539092234646,101,101,23822.0,0.04607491415935709,0.8073728423437515,1.2703539092234646,101,23822.0,0.8073728423437515
38315.0,97,22715.0,186.18852459016392,1.6680335633920584,97,97,22715.0,0.06623510363661647,1.1462176283048844,1.6680335633920584,97,22715.0,1.1462176283048844
38320.0,95,21184.0,173.63934426229508,1.4621090801195964,95,95,21184.0,0.05023236921130283,0.9387410097759009,1.4621090801195964,95,21184.0,0.9387410097759009
38325.0,96,19664.0,161.18032786885246,1.5195810947918307,96,96,19659.0,0.04955964494141067,0.9084942989925244,1.5195810947918307,96,19659.0,0.9084942989925244
38330.0,97,18148.0,146.3548387096774,1.5297298461276558,97,97,18148.0,0.04921217675120408,0.8495461842169052,1.5297298461276558,97,18148.0,0.8495461842169052
38335.0,96,16618.0,134.01612903225808,1.5997525871720417,96,96,16618.0,0.04629330877919541,0.8668674201546029,1.5997525871720417,96,16618.0,0.8668674201546029
38340.0,97,15100.0,121.7741935483871,1.685999829268446,97,97,15090.0,0.04561598089072324,0.8499016716334765,1.685999829268446,97,15090.0,0.8499016716334765
38345.0,98,13586.0,109.56451612903226,1.5075613729606485,98,98,13586.0,0.04330714239379408,0.8484456794579763,1.5075613729606485,98,13586.0,0.8484456794579763
38350.0,98,12071.0,98.13821138211382,1.4863166504851126,98,98,12071.0,0.040467292859122116,0.8149588217905547,1.4863166504851126,98,12071.0,0.8149588217905547
38355.0,98,10561.0,84.488,1.5732666621447178,98,98,10560.0,0.05113909808050614,0.9309963781471543,1.5732666621447178,98,10560.0,0.9309963781471543
38360.0,98,9051.0,72.99193548387096,1.542569306280567,98,98,9051.0,0.0540338338358814,0.9816150823026971,1.542569306280567,98,9051.0,0.9816150823026971
38365.0,101,7547.0,59.8968253968254,1.597866150838423,101,101,7547.0,0.042452196841913425,0.7790004033777569,1.597866150838423,101,7547.0,0.7790004033777569
38370.0,97,6055.0,48.05555555555556,1.7054591287875998,97,97,6055.0,0.05032413938287502,0.9379156115945223,1.7054591287875998,97,6055.0,0.9379156115945223
38375.0,98,5868.0,47.707317073170735,1.5237287494228686,98,98,5735.0,0.05344826505262584,0.9884960555516752,1.5237287494228686,98,5735.0,0.9884960555516752
38380.0,98,5682.0,45.095238095238095,1.4930841302143463,98,98,5682.0,0.049717380407358736,0.9421244344709052,1.4930841302143463,98,5682.0,0.9421244344709052
38385.0,99,5494.0,43.952,1.3726091838979,99,99,5494.0,0.04658012538372617,0.8699527341379684,1.3726091838979,99,5494.0,0.8699527341379684
38390.0,101,5319.0,41.5546875,1.4985001095944854,101,101,5319.0,0.047031082965442145,0.8330913107673646,1.4985001095944854,101,5319.0,0.8330913107673646
38395.0,102,5154.0,40.58267716535433,1.456481655400024,102,102,5154.0,0.04514742204994301,0.8238089657971426,1.456481655400024,102,5154.0,0.8238089657971426
38400.0,100,4943.0,38.92125984251968,1.4953215835270366,100,100,4943.0,0.03613516536578345,0.7290521749002784,1.4953215835270366,100,4943.0,0.7290521749002784
38405.0,96,4681.0,36.00769230769231,1.7166525898732592,96,96,4668.0,0.0490955675592634,0.9326519685947223,1.7166525898732592,96,4668.0,0.9326519685947223
38410.0,92,4501.0,35.1640625,1.9306144723183332,92,92,4501.0,0.06798781147638346,1.2234117310404322,1.9306144723183332,92,4501.0,1.2234117310404322
38415.0,88,4273.0,32.86923076923077,1.95127711480353,87,88,4272.0,0.0630538226856928,1.158695225348553,1.95127711480353,87,4272.0,1.158695225348553
38420.0,87,4091.0,31.713178294573645,2.043181294504962,87,87,3998.0,0.06462395821911887,1.2069364496054074,2.043181294504962,87,3998.0,1.2069364496054074
38425.0,89,3966.0,30.74418604651163,1.965449391299039,89,89,3966.0,0.06498411637905342,1.2016992212263833,1.965449391299039,89,3966.0,1.2016992212263833
38430.0,88,3807.0,29.511627906976745,1.9500283591886034,88,88,3807.0,0.06144494713502863,1.1388632058914898,1.9500283591886034,88,3807.0,1.1388632058914898
38435.0,89,3690.0,29.055118110236222,1.8924621772694838,89,89,3667.0,0.060318922317611275,1.1055678134789542,1.8924621772694838,89,3667.0,1.1055678134789542
38440.0,89,3575.0,27.713178294573645,1.9474339744805236,89,89,3575.0,0.061732517263151675,1.111347797038278,1.9474339744805236,89,3575.0,1.111347797038278
38445.0,88,3373.0,26.559055118110237,1.849326007221571,88,88,3373.0,0.05285317123115174,1.0125237063616712,1.849326007221571,88,3373.0,1.0125237063616712
38450.0,87,3172.0,24.78125,1.889265664087722,87,87,3144.0,0.05731547065769198,1.0384382048931573,1.889265664087722,87,3144.0,1.0384382048931573
38455.0,88,2977.0,23.440944881889763,2.073767918604361,88,88,2977.0,0.06464957759492149,1.146004341195727,2.073767918604361,88,2977.0,1.146004341195727
38460.0,87,2770.0,21.984126984126984,2.0107365360890492,87,87,2770.0,0.05588785809763532,1.0258748587624347,2.0107365360890492,87,2770.0,1.0258748587624347
38465.0,87,2570.0,20.396825396825395,1.9357819261399698,87,87,2565.0,0.05753435056442411,1.0694150547559762,1.9357819261399698,87,2565.0,1.0694150547559762
38470.0,88,2371.0,18.817460317460316,2.0392056203231954,88,88,2371.0,0.06130210119568088,1.1228381772547664,2.0392056203231954,88,2371.0,1.1228381772547664
38475.0,88,2178.0,17.1496062992126,2.0273233368141974,88,88,2178.0,0.06077948651774443,1.0801384762413546,2.0273233368141974,88,2178.0,1.0801384762413546
38480.0,89,2102.0,16.551181102362204,2.1280070397291815,89,89,2102.0,0.063611476539953,1.1480886562399455,2.1280070397291815,89,2102.0,1.1480886562399455
38485.0,96,2404.0,18.78125,1.9310996990624525,96,96,2404.0,0.05438043524565684,1.0508783314033951,1.9310996990624525,96,2404.0,1.0508783314033951
38490.0,99,2801.0,21.8828125,1.842638906905589,99,99,2801.0,0.04896365863815573,0.9415637868559547,1.842638906905589,99,2801.0,0.9415637868559547
38495.0,106,3316.0,26.11023622047244,1.5067359366612982,106,106,3316.0,0.04031066017152845,0.7444352567108379,1.5067359366612982,106,3316.0,0.7444352567108379
38500.0,113,3868.0,30.456692913385826,1.155405801884069,113,113,3868.0,0.028788420854935583,0.5232740918921183,1.155405801884069,113,3868.0,0.5232740918921183
38505.0,111,4238.0,33.63492063492063,1.0838823339632497,111,111,4238.0,0.025503977975305712,0.498112276214041,1.0838823339632497,111,4238.0,0.498112276214041
38510.0,113,4797.0,38.07142857142857,0.886884122306648,113,113,4677.0,0.025359724909125265,0.436039266814827,0.886884122306648,113,4677.0,0.436039266814827
38515.0,113,5362.0,43.24193548387097,0.8855971079397658,113,113,5362.0,0.03352892539242797,0.5792260559583767,0.8855971079397658,113,5362.0,0.5792260559583767
38520.0,114,5929.0,48.203252032520325,0.7719772838986103,114,114,5929.0,0.02128183125664229,0.4014552646354954,0.7719772838986103,114,5929.0,0.4014552646354954
38525.0,115,6501.0,51.595238095238095,0.83255974670222,115,115,6501.0,0.02328422056720046,0.44170634531598013,0.83255974670222,115,6501.0,0.44170634531598013
38530.0,113,6861.0,54.888,0.8154416001570552,113,113,6861.0,0.026913547194108694,0.49205389819361306,0.8154416001570552,113,6861.0,0.49205389819361306
38535.0,108,7061.0,55.59842519685039,1.0167036947622916,108,108,6993.0,0.039537859214071894,0.6875147081727221,1.0167036947622916,108,6993.0,0.6875147081727221
38540.0,104,7240.0,57.46031746031746,1.2868086443712952,104,104,7240.0,0.05554537862536686,0.9670878555522521,1.2868086443712952,104,7240.0,0.9670878555522521
38545.0,105,7405.0,57.8515625,1.3610979418355207,105,105,7405.0,0.05363375880820496,0.9713574463142433,1.3610979418355207,105,7405.0,0.9713574463142433
38550.0,104,7573.0,59.1640625,1.4507002654773244,104,104,7573.0,0.046735228128641296,0.901935323597888,1.4507002654773244,104,7573.0,0.901935323597888
38555.0,105,7746.0,60.515625,1.3735505564129495,105,105,7746.0,0.043010726559568196,0.7993563158717066,1.3735505564129495,105,7746.0,0.7993563158717066
38560.0,103,7780.0,59.84615384615385,1.2801519347547763,103,103,7780.0,0.037359922275942425,0.6963506682806314,1.2801519347547763,103,7780.0,0.6963506682806314
38565.0,102,7896.0,61.2093023255814,1.3749960847810423,102,102,7844.0,0.04697724808416185,0.8509827773600436,1.3749960847810423,102,7844.0,0.8509827773600436
38570.0,102,8056.0,62.44961240310077,1.3966232669805452,102,102,8056.0,0.052619285583392995,0.938934341659864,1.3966232669805452,102,8056.0,0.938934341659864
38575.0,102,8352.0,64.74418604651163,1.4219517179444356,102,102,8352.0,0.04834431910895701,0.8623060142348833,1.4219517179444356,102,8352.0,0.8623060142348833
38580.0,106,8861.0,68.68992248062015,1.4363950716717055,106,106,8861.0,0.041796440968581525,0.7889305021726025,1.4363950716717055,106,8861.0,0.7889305021726025
38585.0,111,9382.0,71.61832061068702,1.260579159993847,110,111,9381.0,0.03296085653284505,0.6146291430358822,1.260579159993847,110,9381.0,0.6146291430358822
38590.0,113,9941.0,76.46923076923076,1.2029160958695784,113,113,9921.0,0.0262449887952959,0.5154219002477353,1.2029160958695784,113,9921.0,0.5154219002477353
38595.0,114,10507.0,79.59848484848484,1.242581787774089,114,114,10507.0,0.027660027438940346,0.5235975363439906,1.242581787774089,114,10507.0,0.5235975363439906
38600.0,114,11077.0,85.20769230769231,1.202499126803833,114,114,11077.0,0.027700716464983996,0.5591497380357482,1.202499126803833,114,11077.0,0.5591497380357482
38605.0,116,11640.0,88.85496183206106,1.1374277557466288,116,116,11640.0,0.025995208429908746,0.5212593529402947,1.1374277557466288,116,11640.0,0.5212593529402947
38610.0,114,12210.0,93.20610687022901,1.2701949714322067,114,114,12204.0,0.037531366361274826,0.7106324847283849,1.2701949714322067,114,12204.0,0.7106324847283849
38615.0,115,12783.0,97.58015267175573,1.2030753721574647,115,115,12783.0,0.03569117586761461,0.6547975738490354,1.2030753721574647,115,12783.0,0.6547975738490354
38620.0,116,13360.0,100.45112781954887,1.2067630900699313,116,116,13360.0,0.029356118352992684,0.5513194039478864,1.2067630900699313,116,13360.0,0.5513194039478864
38625.0,117,13941.0,104.81954887218045,1.199529836361017,117,117,13941.0,0.027139039445222328,0.4930064214816894,1.199529836361017,117,13941.0,0.4930064214816894
38630.0,116,14514.0,109.95454545454545,1.0509011831789843,116,116,14514.0,0.018146891382652894,0.34263799796380584,1.0509011831789843,116,14514.0,0.34263799796380584
38635.0,117,15099.0,116.14615384615385,0.9512435740502538,117,117,15092.0,0.0226041089040997,0.41558936662621776,0.9512435740502538,117,15092.0,0.41558936662621776
38640.0,118,15689.0,123.53543307086615,0.7801486413402845,118,118,15689.0,0.024379868060697675,0.4514798676010289,0.7801486413402845,118,15689.0,0.4514798676010289
38645.0,117,16264.0,125.1076923076923,0.8417054086877329,117,117,16264.0,0.022496882041500254,0.4346358822106106,0.8417054086877329,117,16264.0,0.4346358822106106
38650.0,118,16850.0,130.6201550387597,0.8933852025392939,118,118,16840.0,0.029986644329783943,0.5527587951529257,0.8933852025392939,118,16840.0,0.5527587951529257
38655.0,118,17440.0,133.12977099236642,0.9878259039273107,118,118,17440.0,0.03735494683168113,0.6555382022127915,0.9878259039273107,118,17440.0,0.6555382022127915
38660.0,116,17333.0,133.33076923076922,0.9851024310193782,116,116,17333.0,0.029987212865684017,0.5885232810933437,0.9851024310193782,116,17333.0,0.5885232810933437
38665.0,113,16743.0,127.80916030534351,1.13572380245905,113,113,16514.0,0.035792396508589605,0.7245714898564131,1.13572380245905,113,16514.0,0.7245714898564131
38670.0,107,16132.0,123.14503816793894,1.4399869462130102,107,107,16132.0,0.048699409419754446,0.9418159454688299,1.4399869462130102,107,16132.0,0.9418159454688299
38675.0,106,15508.0,118.38167938931298,1.5245067416759257,106,106,15508.0,0.04549276704839687,0.9054378849092468,1.5245067416759257,106,15508.0,0.9054378849092468
38680.0,107,14885.0,113.62595419847328,1.3522268731563003,107,107,14885.0,0.03916047395647884,0.7374344140387642,1.3522268731563003,107,14885.0,0.7374344140387642
38685.0,108,14269.0,108.92366412213741,1.4258984664502832,108,108,14269.0,0.034940481648915486,0.6938547789173691,1.4258984664502832,108,14269.0,0.6938547789173691
38690.0,106,13618.0,102.39097744360902,1.4122511220407516,106,106,13618.0,0.03314498345654229,0.6488211382113795,1.4122511220407516,106,13618.0,0.6488211382113795
38695.0,107,12996.0,97.71428571428571,1.5277775631939867,107,107,12977.0,0.03784139660473232,0.7550798884647187,1.5277775631939867,107,12977.0,0.7550798884647187
38700.0,107,12376.0,93.75757575757575,1.5458203002508621,107,107,12376.0,0.03666117491127163,0.7015163934426231,1.5458203002508621,107,12376.0,0.7015163934426231
38705.0,108,11757.0,87.73880597014926,1.3980113211439826,108,108,11757.0,0.03720362288996809,0.7131095226725409,1.3980113211439826,108,11757.0,0.7131095226725409
38710.0,105,10641.0,80.61363636363636,1.4717679307214013,105,105,10641.0,0.04034220473237002,0.788123365509451,1.4717679307214013,105,10641.0,0.788123365509451
38715.0,101,9172.0,68.9624060150376,1.5539203173118832,101,101,9009.0,0.04853102426198484,0.8718266129032249,1.5539203173118832,101,9009.0,0.8718266129032249
38720.0,97,7687.0,58.6793893129771,1.8195235277470099,97,97,7687.0,0.06737164376136977,1.2211182400182863,1.8195235277470099,97,7687.0,1.2211182400182863
38725.0,95,6266.0,47.83206106870229,1.6820600055325243,95,95,6266.0,0.06179518133457594,1.1697343428807039,1.6820600055325243,95,6266.0,1.1697343428807039
38730.0,96,5666.0,42.92424242424242,1.6572108124860656,96,96,5618.0,0.05552686731797001,1.0140562927295353,1.6572108124860656,96,5618.0,1.0140562927295353
38735.0,96,5065.0,37.798507462686565,1.8368052023395622,96,96,5065.0,0.06597842525313073,1.1663953197989938,1.8368052023395622,96,5065.0,1.1663953197989938
38740.0,96,4413.0,32.21167883211679,1.5853041782835988,96,96,4413.0,0.04541304751538983,0.821274442685259,1.5853041782835988,96,4413.0,0.821274442685259
38745.0,93,3728.0,27.21167883211679,1.744491522935477,93,93,3715.0,0.05518419018714597,1.0214932155365977,1.744491522935477,93,3715.0,1.0214932155365977
38750.0,90,3029.0,22.272058823529413,1.7742096769712787,90,90,3029.0,0.06509136356994441,1.1758188367904614,1.7742096769712787,90,3029.0,1.1758188367904614
38755.0,86,2269.0,16.683823529411764,1.8646052031894458,86,86,2269.0,0.060577011276659515,1.1571114919176733,1.8646052031894458,86,2269.0,1.1571114919176733
38760.0,85,1812.0,13.323529411764707,2.0726154550478166,85,85,1776.0,0.06501817356780629,1.2333516726730842,2.0726154550478166,85,1776.0,1.2333516726730842
38765.0,86,1620.0,11.654676258992806,2.199077498230184,86,86,1620.0,0.06808655841690744,1.2738068876353978,2.199077498230184,86,1620.0,1.2738068876353978
38770.0,85,1573.0,11.316546762589928,2.315055273681315,85,85,1573.0,0.06743326559888348,1.2972972808594052,2.315055273681315,85,1573.0,1.2972972808594052
38775.0,86,1514.0,10.971014492753623,2.264009415563517,86,86,1485.0,0.06315965695347986,1.1846944476762715,2.264009415563517,86,1485.0,1.1846944476762715
38780.0,85,1458.0,10.720588235294118,2.3221548940054415,85,85,1458.0,0.07831869458463353,1.412889575154325,2.3221548940054415,85,1458.0,1.412889575154325
38785.0,84,1345.0,9.746376811594203,2.3569142715382028,84,84,1345.0,0.06944871095637141,1.3507547752259608,2.3569142715382028,84,1345.0,1.3507547752259608
38790.0,85,1352.0,9.86861313868613,2.405141170807564,85,85,1311.0,0.07130746373452494,1.362130278504714,2.405141170807564,85,1311.0,1.362130278504714
38795.0,89,1563.0,11.577777777777778,2.2269318352594674,89,89,1563.0,0.06691676918382415,1.2742331164256877,2.2269318352594674,89,1563.0,1.2742331164256877
38800.0,97,1843.0,13.551470588235293,1.7943822296697287,97,97,1843.0,0.04300661167137782,0.8315123966942198,1.7943822296697287,97,1843.0,0.8315123966942198
38805.0,105,2197.0,16.036496350364963,1.7561100853768656,105,105,2176.0,0.04257950879551038,0.7672288902408289,1.7561100853768656,105,2176.0,0.7672288902408289
38810.0,107,2572.0,19.05185185185185,1.605452009475864,107,107,2572.0,0.046976074545062065,0.848823146722801,1.605452009475864,107,2572.0,0.848823146722801
38815.0,104,2764.0,20.474074074074075,1.5709585725236468,104,104,2764.0,0.03583990531885232,0.6542639694618179,1.5709585725236468,104,2764.0,0.6542639694618179
38820.0,99,2814.0,21.0,1.8653878809212137,99,99,2756.0,0.05276053723825348,0.9563653182090662,1.8653878809212137,99,2756.0,0.9563653182090662
38825.0,94,2839.0,21.186567164179106,1.9083005871793104,94,94,2839.0,0.05730884965299353,1.0678735170614464,1.9083005871793104,94,2839.0,1.0678735170614464
38830.0,91,2714.0,20.406015037593985,2.0463281751058178,91,91,2714.0,0.06326805212424683,1.197028088466282,2.0463281751058178,91,2714.0,1.197028088466282
38835.0,88,2510.0,18.872180451127818,2.0183639482361224,88,88,2467.0,0.05810139782995662,1.1257133067367517,2.0183639482361224,88,2467.0,1.1257133067367517
38840.0,91,2429.0,17.992592592592594,2.1600623744777643,91,91,2429.0,0.06556483746331018,1.2342342956078807,2.1600623744777643,91,2429.0,1.2342342956078807
38845.0,92,2307.0,16.96323529411765,1.9462292730601234,92,92,2307.0,0.05614867786446353,1.0643209133238347,1.9462292730601234,92,2307.0,1.0643209133238347
38850.0,89,2153.0,15.830882352941176,2.066645585300872,89,89,2140.0,0.06382156659672218,1.2011432851805428,2.066645585300872,89,2140.0,1.2011432851805428
38855.0,87,1986.0,14.71111111111111,2.2312359970666797,87,87,1986.0,0.0759327746588569,1.4191242221531546,2.2312359970666797,87,1986.0,1.4191242221531546
38860.0,87,1811.0,13.316176470588236,2.0317065905067513,87,87,1811.0,0.061135841436578804,1.1859410588611936,2.0317065905067513,87,1811.0,1.1859410588611936
38865.0,87,1641.0,12.246268656716419,2.0017078276081386,87,87,1641.0,0.06337216972582337,1.221644812255621,2.0017078276081386,87,1641.0,1.221644812255621
38870.0,89,1561.0,11.477941176470589,1.8982654056021275,89,89,1561.0,0.05148692227906603,1.0073902439024351,1.8982654056021275,89,1561.0,1.0073902439024351
38875.0,89,1574.0,11.746268656716419,1.881525966998247,89,89,1574.0,0.05551768378351208,1.096922976404226,1.881525966998247,89,1574.0,1.096922976404226
38880.0,92,1696.0,12.848484848484848,1.676165249814132,92,92,1651.0,0.05478037149750694,1.0265115539979903,1.676165249814132,92,1651.0,1.0265115539979903
38885.0,95,1861.0,13.785185185185185,1.7510727438917926,95,95,1861.0,0.0576122791487162,1.0504133787913408,1.7510727438917926,95,1861.0,1.0504133787913408
38890.0,95,2032.0,15.051851851851852,1.8592377878869186,95,95,2032.0,0.05622636685799026,1.0506746649014633,1.8592377878869186,95,2032.0,1.0506746649014633
38895.0,93,2108.0,15.614814814814816,1.8035769573555147,93,93,2108.0,0.05110441480850278,0.9397733164330909,1.8035769573555147,93,2108.0,0.9397733164330909
38900.0,94,2272.0,16.82962962962963,1.9893239398039664,94,94,2223.0,0.0640953223386401,1.1217161800433066,1.9893239398039664,94,2223.0,1.1217161800433066
38905.0,101,2502.0,18.26277372262774,1.9491955108459467,101,101,2502.0,0.06615728203463982,1.1257507376570401,1.9491955108459467,101,2502.0,1.1257507376570401
38910.0,102,2603.0,19.28148148148148,1.5868584143820044,102,102,2603.0,0.049921883083488265,0.9062907084363816,1.5868584143820044,102,2603.0,0.9062907084363816
38915.0,98,2598.0,19.388059701492537,1.7715460414233712,98,98,2550.0,0.0578546706021963,1.0583967572897723,1.7715460414233712,98,2550.0,1.0583967572897723
38920.0,94,2569.0,19.02962962962963,1.9066817078315736,94,94,2569.0,0.061854872945922026,1.1182726546394601,1.9066817078315736,94,2569.0,1.1182726546394601
38925.0,93,2527.0,18.71851851851852,1.962702775577141,93,93,2527.0,0.058107620677876504,1.100965458283456,1.962702775577141,93,2527.0,1.100965458283456
38930.0,93,2487.0,18.153284671532848,1.9800300574703902,93,93,2486.0,0.05184655985073417,0.9835910300834411,1.9800300574703902,93,2486.0,0.9835910300834411
38935.0,95,2455.0,17.919708029197082,1.9813422037082602,95,95,2455.0,0.05161305257535433,0.9822273229187206,1.9813422037082602,95,2455.0,0.9822273229187206
38940.0,95,2425.0,18.097014925373134,1.8558531002935945,95,95,2425.0,0.048550590678176325,0.9492138025168582,1.8558531002935945,95,2425.0,0.9492138025168582
38945.0,94,2323.0,17.466165413533833,1.680270829164742,94,94,2323.0,0.046804958140473786,0.92515332951752,1.680270829164742,94,2323.0,0.92515332951752
38950.0,93,2279.0,17.13533834586466,1.8085216329870795,93,93,2246.0,0.06265922555816748,1.1489123929099376,1.8085216329870795,93,2246.0,1.1489123929099376
38955.0,93,2239.0,16.585185185185185,1.929048128027222,93,93,2239.0,0.06701451507032226,1.1804881144861235,1.929048128027222,93,2239.0,1.1804881144861235
38960.0,91,2099.0,15.548148148148147,2.0519901816016657,91,91,2099.0,0.06524618032774117,1.2256948389196891,2.0519901816016657,91,2099.0,1.2256948389196891
38965.0,96,2221.0,15.97841726618705,2.1008195031782595,96,96,2173.0,0.06343703558164414,1.162048119667201,2.1008195031782595,96,2173.0,1.162048119667201
38970.0,98,2454.0,17.654676258992804,2.0776364991109793,98,98,2454.0,0.06400502884503852,1.137325578147632,2.0776364991109793,98,2454.0,1.137325578147632
38975.0,103,2707.0,20.05185185185185,1.7817633786140994,103,103,2707.0,0.05113962426066427,0.9651806313896488,1.7817633786140994,103,2707.0,0.9651806313896488
38980.0,106,2980.0,22.406015037593985,1.3559425282513133,106,106,2980.0,0.03688161536026423,0.6993808824590432,1.3559425282513133,106,2980.0,0.6993808824590432
38985.0,108,3269.0,24.57894736842105,1.3700942120140949,108,108,3269.0,0.038176169444011004,0.7233594697872388,1.3700942120140949,108,3269.0,0.7233594697872388
38990.0,106,3525.0,26.11111111111111,1.3600171736144624,106,106,3525.0,0.03425529981154445,0.6481611574986691,1.3600171736144624,106,3525.0,0.6481611574986691
38995.0,107,3808.0,28.20740740740741,1.4702927439225741,107,107,3789.0,0.041560286404131015,0.7346180941388301,1.4702927439225741,107,3789.0,0.7346180941388301
39000.0,107,4093.0,30.544776119402986,1.5313552301785698,107,107,4093.0,0.04812151875674218,0.8520251079246555,1.5313552301785698,107,4093.0,0.8520251079246555
39005.0,108,4379.0,31.963503649635037,1.4526492199928154,108,108,4379.0,0.031788199385706505,0.6102931926476138,1.4526492199928154,108,4379.0,0.6102931926476138
39010.0,108,4669.0,34.08029197080292,1.6252009676810446,108,108,4669.0,0.039823737547353626,0.740374493460622,1.6252009676810446,108,4669.0,0.740374493460622
39015.0,108,4959.0,36.463235294117645,1.4451296086710708,108,108,4959.0,0.037501551570384144,0.699666968075764,1.4451296086710708,108,4959.0,0.699666968075764
39020.0,110,5259.0,38.955555555555556,1.4318003266669541,110,110,5259.0,0.0399464646302286,0.7593245981628288,1.4318003266669541,110,5259.0,0.7593245981628288
39025.0,112,5620.0,41.3235294117647,1.4168454037467635,112,112,5620.0,0.04131557776955112,0.7948170109279954,1.4168454037467635,112,5620.0,0.7948170109279954
39030.0,116,6188.0,46.17910447761194,1.1644638936417362,116,116,6184.0,0.03987900073920769,0.717454794032389,1.1644638936417362,116,6184.0,0.717454794032389
39035.0,120,6782.0,50.99248120300752,1.030407497472509,120,120,6782.0,0.04024465924576317,0.7329280126832785,1.030407497472509,120,6782.0,0.7329280126832785
39040.0,122,7189.0,52.47445255474452,0.7713313252679298,122,122,7189.0,0.017288260621070552,0.33136051729359867,0.7713313252679298,122,7189.0,0.33136051729359867
39045.0,118,7462.0,54.46715328467153,0.9523429724483358,118,118,7399.0,0.031392312429736724,0.5692585286119674,0.9523429724483358,118,7399.0,0.5692585286119674
39050.0,116,7722.0,55.55395683453237,1.0878463874465554,116,116,7722.0,0.03668635963781601,0.6474795419307335,1.0878463874465554,116,7722.0,0.6474795419307335
39055.0,112,7967.0,58.580882352941174,1.244078939539939,112,112,7967.0,0.04560961810846477,0.8317071320984682,1.244078939539939,112,7967.0,0.8317071320984682
39060.0,107,7782.0,57.220588235294116,1.4419412286655007,107,107,7782.0,0.05249731201260407,0.9462564399202025,1.4419412286655007,107,7782.0,0.9462564399202025
39065.0,104,7310.0,52.589928057553955,1.5983674189984194,104,104,7177.0,0.051531780270992714,0.9500020987173567,1.5983674189984194,104,7177.0,0.9500020987173567
39070.0,99,6815.0,49.02877697841727,2.0309798760123527,99,99,6815.0,0.07028981485921436,1.2818861253126543,2.0309798760123527,99,6815.0,1.2818861253126543
39075.0,95,6254.0,44.354609929078016,2.04949934754404,95,95,6254.0,0.06368976809176102,1.2056730066761252,2.04949934754404,95,6254.0,1.2056730066761252
39080.0,92,5645.0,40.0354609929078,2.298745729380288,92,92,5632.0,0.06565742057419104,1.301371597822846,2.298745729380288,92,5632.0,1.301371597822846
39085.0,89,5013.0,35.5531914893617,2.3562184140393474,89,89,5013.0,0.0722510542939932,1.3819829408276665,2.3562184140393474,89,5013.0,1.3819829408276665
39090.0,85,4254.0,30.170212765957448,2.4223231693717637,85,85,4254.0,0.0767287731620188,1.457123715307606,2.4223231693717637,85,4254.0,1.457123715307606
39095.0,84,3570.0,25.5,2.3517372007105655,84,84,3524.0,0.0721582722780574,1.3912875115233778,2.3517372007105655,84,3524.0,1.3912875115233778
39100.0,85,2914.0,20.666666666666668,2.320568483443454,85,85,2914.0,0.06926536206301102,1.3204587613515513,2.320568483443454,85,2914.0,1.3204587613515513
39105.0,86,2261.0,16.384057971014492,2.244026225638471,86,86,2261.0,0.07090861162222235,1.351270967624366,2.244026225638471,86,2261.0,1.351270967624366
39110.0,86,1786.0,12.848920863309353,2.1254515612911677,86,86,1758.0,0.06955294032580774,1.3112334924665423,2.1254515612911677,86,1758.0,1.3112334924665423
39115.0,89,1451.0,10.514492753623188,2.0598825395939007,89,89,1451.0,0.06961038778195475,1.299279419453352,2.0598825395939007,89,1451.0,1.299279419453352
39120.0,85,1274.0,9.16546762589928,2.020816515769521,85,85,1274.0,0.06131159505989909,1.1730337081176985,2.020816515769521,85,1274.0,1.1730337081176985
39125.0,86,1260.0,8.936170212765957,2.042483876564601,85,86,1229.0,0.06547991175319977,1.2542266972214882,2.042483876564601,85,1229.0,1.2542266972214882
39130.0,88,1302.0,9.23404255319149,2.014896951273379,88,88,1302.0,0.06320598368871486,1.2088650667507603,2.014896951273379,88,1302.0,1.2088650667507603
39135.0,91,1378.0,9.50344827586207,2.069356822603172,91,91,1378.0,0.06170184482071344,1.143896438387646,2.069356822603172,91,1378.0,1.143896438387646
39140.0,89,1396.0,9.830985915492958,2.016123536053828,88,89,1394.0,0.0655248278486422,1.2565421795914233,2.016123536053828,88,1394.0,1.2565421795914233
39145.0,94,1498.0,10.331034482758621,1.9680534005642816,94,94,1466.0,0.058293422556508975,1.1215654147449199,1.9680534005642816,94,1466.0,1.1215654147449199
39150.0,96,1651.0,11.386206896551725,2.116907020175192,96,96,1651.0,0.06280761403487505,1.2163139298136803,2.116907020175192,96,1651.0,1.2163139298136803
39155.0,100,1827.0,12.6,2.029056132197461,100,100,1827.0,0.06200248843888842,1.1590762784953568,2.029056132197461,100,1827.0,1.1590762784953568
39160.0,99,1890.0,13.309859154929578,1.6175482555583136,99,99,1890.0,0.0455311392934554,0.8633751324531285,1.6175482555583136,99,1890.0,0.8633751324531285
39165.0,95,1865.0,13.133802816901408,1.8309569078464418,95,95,1827.0,0.05813543566883713,1.0684273986979311,1.8309569078464418,95,1827.0,1.0684273986979311
39170.0,94,1951.0,13.73943661971831,1.8976793905396718,94,94,1951.0,0.06248246014602079,1.1214026192194737,1.8976793905396718,94,1951.0,1.1214026192194737
39175.0,94,1831.0,12.894366197183098,1.911319050429965,94,94,1831.0,0.0544964866160776,1.0237872886732922,1.911319050429965,94,1831.0,1.0237872886732922
39180.0,96,1945.0,13.794326241134751,1.9283149602229837,96,96,1814.0,0.05016257863250849,0.9347597036473299,1.9283149602229837,96,1814.0,0.9347597036473299
39185.0,99,2103.0,14.604166666666666,1.9904962835391606,99,99,2103.0,0.051851879782516846,0.9647968749999979,1.9904962835391606,99,2103.0,0.9647968749999979
39190.0,101,2343.0,16.04794520547945,2.0842520805458866,101,101,2343.0,0.04793560142332097,0.9460679607979333,2.0842520805458866,101,2343.0,0.9460679607979333
39195.0,105,2655.0,18.184931506849313,2.111895901576922,105,105,2629.0,0.052631940488937386,1.014205160822634,2.111895901576922,105,2629.0,1.014205160822634
39200.0,111,2995.0,20.79861111111111,1.8000415232858984,111,111,2995.0,0.051371992067650175,0.9434399971963762,1.8000415232858984,111,2995.0,0.9434399971963762
39205.0,115,3356.0,22.986301369863014,1.6871497270053724,115,115,3356.0,0.044884036961167204,0.8631091521064742,1.6871497270053724,115,3356.0,0.8631091521064742
39210.0,112,3514.0,24.573426573426573,1.609141078955915,112,112,3514.0,0.039262212254935654,0.7869310048819974,1.609141078955915,112,3514.0,0.7869310048819974
39215.0,108,3511.0,24.552447552447553,1.809853035437166,108,108,3443.0,0.04807796352901304,0.9094409673276834,1.809853035437166,108,3443.0,0.9094409673276834
39220.0,105,3529.0,24.678321678321677,1.7989834651149381,105,105,3529.0,0.0522747830114282,0.9374449326478833,1.7989834651149381,105,3529.0,0.9374449326478833
39225.0,104,3692.0,26.37142857142857,1.9057021213015672,104,104,3692.0,0.058715590908205405,1.0693134680448309,1.9057021213015672,104,3692.0,1.0693134680448309
39230.0,104,3697.0,26.035211267605632,1.8774145567187988,104,104,3697.0,0.053322470279533435,0.959784000465611,1.8774145567187988,104,3697.0,0.959784000465611
39235.0,102,3590.0,25.827338129496404,1.8704470439005754,102,102,3537.0,0.053351353568101764,0.9963629745863845,1.8704470439005754,102,3537.0,0.9963629745863845
39240.0,97,3460.0,24.892086330935253,2.176805968601542,97,97,3460.0,0.06703993019270518,1.1992156859263319,2.176805968601542,97,3460.0,1.1992156859263319
39245.0,96,3291.0,23.340425531914892,2.154660238853496,96,96,3291.0,0.06528869998948539,1.178856977639383,2.154660238853496,96,3291.0,1.178856977639383
39250.0,96,3146.0,22.47142857142857,2.241698091541307,96,96,3123.0,0.0643308262218433,1.2145430157068826,2.241698091541307,96,3123.0,1.2145430157068826
39255.0,98,3006.0,21.47142857142857,2.0208902192621063,98,98,3006.0,0.05876442936980162,1.0992588911780998,2.0208902192621063,98,3006.0,1.0992588911780998
39260.0,95,2820.0,20.287769784172664,2.1418372716017555,95,95,2820.0,0.06517886231215084,1.2203759700680707,2.1418372716017555,95,2820.0,1.2203759700680707
39265.0,93,2583.0,18.45,2.253550111417808,93,93,2570.0,0.07489735044629345,1.380500998636418,2.253550111417808,93,2570.0,1.380500998636418
39270.0,87,2326.0,16.73381294964029,2.4625959669954325,87,87,2326.0,0.08882421604094877,1.6127342257509099,2.4625959669954325,87,2326.0,1.6127342257509099
39275.0,84,1999.0,14.591240875912408,2.3840732383593712,84,84,1999.0,0.08282559389971082,1.5413768086962807,2.3840732383593712,84,1999.0,1.5413768086962807
39280.0,87,2044.0,14.91970802919708,2.1756221283486417,87,87,1993.0,0.0753104299318014,1.384956124430514,2.1756221283486417,87,1993.0,1.384956124430514
39285.0,95,2151.0,15.58695652173913,2.056609330657933,95,95,2151.0,0.06974538807827355,1.2259104825358924,2.056609330657933,95,2151.0,1.2259104825358924
39290.0,94,2284.0,16.19858156028369,1.9081793916918737,94,94,2284.0,0.057645611457902035,0.9989411177898667,1.9081793916918737,94,2284.0,0.9989411177898667
39295.0,94,2578.0,18.817518248175183,1.8156446927710348,94,94,2565.0,0.05932146173795926,1.0636374314038843,1.8156446927710348,94,2565.0,1.0636374314038843
39300.0,96,2905.0,21.204379562043794,1.9665034502307965,96,96,2905.0,0.06814399602409348,1.1874694314038854,1.9665034502307965,96,2905.0,1.1874694314038854
39305.0,98,3014.0,21.225352112676056,1.913766762843424,97,98,3013.0,0.058153988818963276,1.073810193859156,1.913766762843424,97,3013.0,1.073810193859156
39310.0,96,2966.0,20.887323943661972,2.0215669770660893,96,96,2893.0,0.05657149063519163,1.0773597507252441,2.0215669770660893,96,2893.0,1.0773597507252441
39315.0,93,2901.0,20.145833333333332,2.146465954416251,93,93,2901.0,0.060186738228205736,1.1436141909367457,2.146465954416251,93,2901.0,1.1436141909367457
39320.0,90,2774.0,19.673758865248228,2.114452825690888,90,90,2774.0,0.06405795925839793,1.2692628288881256,2.114452825690888,90,2774.0,1.2692628288881256
39325.0,96,2768.0,19.356643356643357,2.0549499122242296,96,96,2740.0,0.05698886430147393,1.1159860916195512,2.0549499122242296,96,2740.0,1.1159860916195512
39330.0,99,2793.0,19.95,1.9215357685382075,99,99,2793.0,0.056889048171316334,1.082433354130355,1.9215357685382075,99,2793.0,1.082433354130355
39335.0,97,2777.0,20.1231884057971,1.7940521264636822,97,97,2777.0,0.05388106789657857,1.053912934383866,1.7940521264636822,97,2777.0,1.053912934383866
39340.0,95,2714.0,19.52517985611511,1.7638277762827477,95,95,2700.0,0.052628281797870984,0.9806704039746853,1.7638277762827477,95,2700.0,0.9806704039746853
39345.0,90,2634.0,18.949640287769785,2.148545480712034,90,90,2634.0,0.06782634690281272,1.2678387040840984,2.148545480712034,90,2634.0,1.2678387040840984
39350.0,90,2582.0,18.71014492753623,1.8762476082630692,90,90,2582.0,0.053341932340157196,1.0323222427978525,1.8762476082630692,90,2582.0,1.0323222427978525
39355.0,95,2582.0,18.985294117647058,1.7691015320249048,95,95,2569.0,0.049288056164047765,0.9447368631232,1.7691015320249048,95,2569.0,0.9447368631232
39360.0,97,2601.0,19.125,1.8787505346574211,97,97,2601.0,0.05353822888204416,1.0051364696352918,1.8787505346574211,97,2601.0,1.0051364696352918
39365.0,97,2535.0,18.237410071942445,1.7733634670815874,96,97,2534.0,0.04698414734670997,0.8858143744018988,1.7733634670815874,96,2534.0,0.8858143744018988
39370.0,97,2676.0,19.391304347826086,1.9447273460440575,97,97,2676.0,0.053372720671607685,1.0007325491603885,1.9447273460440575,97,2676.0,1.0007325491603885
39375.0,102,3085.0,22.194244604316548,1.8119121427927702,102,102,3005.0,0.047685460706413975,0.8620471032002769,1.8119121427927702,102,3005.0,0.8620471032002769
39380.0,107,3529.0,25.759124087591243,1.6573648522598112,107,107,3529.0,0.05101770415731225,0.8892610150796383,1.6573648522598112,107,3529.0,0.8892610150796383
39385.0,110,3978.0,28.414285714285715,1.7249195781920463,110,110,3978.0,0.046976455176614924,0.8457285636657232,1.7249195781920463,110,3978.0,0.8457285636657232
39390.0,110,4447.0,31.992805755395683,1.6580799007611717,110,110,4441.0,0.04791683151797509,0.8581483035483306,1.6580799007611717,110,4441.0,0.8581483035483306
39395.0,110,4917.0,35.37410071942446,1.7102115370481008,110,110,4917.0,0.04966677139710666,0.9167985192979575,1.7102115370481008,110,4917.0,0.9167985192979575
39400.0,109,5122.0,37.11594202898551,1.4626533709271412,109,109,5122.0,0.0318962232010263,0.6523882515343329,1.4626533709271412,109,5122.0,0.6523882515343329
39405.0,110,5196.0,37.92700729927007,1.5114378631691938,110,110,5103.0,0.039439563910306,0.7540827454696646,1.5114378631691938,110,5103.0,0.7540827454696646
39410.0,111,5271.0,38.47445255474452,1.3550647865589844,111,111,5271.0,0.039900586781785964,0.7312296006639443,1.3550647865589844,111,5271.0,0.7312296006639443
39415.0,108,5146.0,37.56204379562044,1.3319227502382727,108,108,5146.0,0.043260697562136186,0.791815402776544,1.3319227502382727,108,5146.0,0.791815402776544
39420.0,106,4877.0,35.34057971014493,1.3911023604815835,106,106,4814.0,0.03758734051603598,0.689924644106767,1.3911023604815835,106,4814.0,0.689924644106767
39425.0,104,4598.0,32.60992907801418,1.5492447974994612,104,104,4598.0,0.04405646688301346,0.8241994159851004,1.5492447974994612,104,4598.0,0.8241994159851004
39430.0,100,4257.0,30.40714285714286,1.6694648783710533,100,100,4257.0,0.04885741506856777,0.9368326364972379,1.6694648783710533,100,4257.0,0.9368326364972379
39435.0,96,3866.0,27.418439716312058,1.7409079765527227,96,96,3853.0,0.05293131204393549,1.0031396563670434,1.7409079765527227,96,3853.0,1.0031396563670434
39440.0,92,3456.0,24.685714285714287,2.1065811125872047,92,92,3456.0,0.0720275731547933,1.3365901398870295,2.1065811125872047,92,3456.0,1.3365901398870295
39445.0,90,3024.0,21.295774647887324,2.2670584360188384,90,90,3024.0,0.0734139415000424,1.3578069865049334,2.2670584360188384,90,3024.0,1.3578069865049334
39450.0,84,2496.0,17.577464788732396,2.491749496301673,84,84,2496.0,0.08076159183310773,1.511820319516984,2.491749496301673,84,2496.0,1.511820319516984
39455.0,84,2079.0,14.956834532374101,2.386301930550757,84,84,2044.0,0.07880878183338495,1.4753115160838073,2.386301930550757,84,2044.0,1.4753115160838073
39460.0,85,1915.0,13.776978417266188,2.2941745354661993,85,85,1915.0,0.07429297808105724,1.3573194373131832,2.2941745354661993,85,1915.0,1.3573194373131832
39465.0,88,1867.0,13.528985507246377,2.3100905871920103,87,88,1866.0,0.06842187536455575,1.273919389181575,2.3100905871920103,87,1866.0,1.273919389181575
39470.0,92,1911.0,13.847826086956522,2.167796942491273,92,92,1852.0,0.057410891448433636,1.0888846095079687,2.167796942491273,92,1852.0,1.0888846095079687
39475.0,95,1979.0,14.340579710144928,2.1715310631204288,95,95,1979.0,0.052478257816148205,1.034930310465728,2.1715310631204288,95,1979.0,1.034930310465728
39480.0,96,2138.0,15.720588235294118,2.0120191027006022,96,96,2138.0,0.05245262722847679,1.0240623298882168,2.0120191027006022,96,2138.0,1.0240623298882168
39485.0,102,2559.0,18.41007194244604,1.9055235303847786,102,102,2559.0,0.04663967578195053,0.9304560000000004,1.9055235303847786,102,2559.0,0.9304560000000004
39490.0,107,3026.0,21.769784172661872,1.8550917916571825,107,107,3026.0,0.04832777625078051,0.938884102615529,1.8550917916571825,107,3026.0,0.938884102615529
39495.0,116,3585.0,25.79136690647482,1.495574026382234,116,116,3573.0,0.04067206243476711,0.7500625000000049,1.495574026382234,116,3573.0,0.7500625000000049
39500.0,120,4175.0,30.253623188405797,1.3402470572178775,120,120,4175.0,0.03670113510896368,0.6428658205602977,1.3402470572178775,120,4175.0,0.6428658205602977
39505.0,123,4780.0,35.14705882352941,0.9882211972366257,123,123,4780.0,0.030714748008204024,0.5214214808573214,0.9882211972366257,123,4780.0,0.5214214808573214
39510.0,119,5201.0,38.24264705882353,1.0608356103943108,119,119,5201.0,0.03006814188673231,0.5140242001808086,1.0608356103943108,119,5201.0,0.5140242001808086
39515.0,114,5481.0,40.90298507462686,1.2151394932583317,114,114,5423.0,0.04186008743926007,0.7069852235693451,1.2151394932583317,114,5423.0,0.7069852235693451
39520.0,110,5737.0,42.49629629629629,1.267802923479535,110,110,5737.0,0.04542143633710017,0.7538302049965278,1.267802923479535,110,5737.0,0.7538302049965278
39525.0,109,5983.0,44.318518518518516,1.3643833350712,109,109,5983.0,0.04562522142858272,0.7725428986668984,1.3643833350712,109,5983.0,0.7725428986668984
39530.0,109,6228.0,45.45985401459854,1.5041284601662104,109,109,6228.0,0.037893227554229254,0.7157373775681675,1.5041284601662104,109,6228.0,0.7157373775681675
39535.0,110,6477.0,47.977777777777774,1.3689088706484642,110,110,6477.0,0.03513877135494974,0.6972706801207608,1.3689088706484642,110,6477.0,0.6972706801207608
39540.0,109,6706.0,49.67407407407408,1.3412242309043414,109,109,6706.0,0.03313626231758757,0.6449514843684336,1.3412242309043414,109,6706.0,0.6449514843684336
39545.0,110,6954.0,50.391304347826086,1.3932666374139553,110,110,6938.0,0.03899422517430393,0.7004972571933619,1.3932666374139553,110,6938.0,0.7004972571933619
39550.0,110,7204.0,52.20289855072464,1.5574102358529567,110,110,7204.0,0.048398574621662915,0.8515208792406068,1.5574102358529567,110,7204.0,0.8515208792406068
39555.0,108,7359.0,54.11029411764706,1.3281610149222525,108,108,7359.0,0.03305159575685963,0.6457931871684225,1.3281610149222525,108,7359.0,0.6457931871684225
39560.0,104,7439.0,54.6985294117647,1.5447354144433607,104,104,7411.0,0.050670337745012554,0.9274366777020256,1.5447354144433607,104,7411.0,0.9274366777020256
39565.0,101,7585.0,54.96376811594203,1.855146314365288,101,101,7585.0,0.06485958664345337,1.199066465954691,1.855146314365288,101,7585.0,1.199066465954691
39570.0,99,7917.0,58.213235294117645,1.9479834565669847,99,99,7917.0,0.06792062034829978,1.2733688485728394,1.9479834565669847,99,7917.0,1.2733688485728394
39575.0,100,8240.0,61.492537313432834,1.7644507325600487,100,100,8240.0,0.05781326104636313,1.1252606012510946,1.7644507325600487,100,8240.0,1.1252606012510946
39580.0,103,8601.0,63.71111111111111,1.5867168003059882,103,103,8586.0,0.04922273663784025,0.9178750335917386,1.5867168003059882,103,8586.0,0.9178750335917386
39585.0,104,8971.0,66.45185185185186,1.7575261115667569,104,104,8971.0,0.05165240243913928,0.9948880020139168,1.7575261115667569,104,8971.0,0.9948880020139168
39590.0,104,9341.0,68.68382352941177,1.7141182224427718,104,104,9341.0,0.04251166729743916,0.8384631147540985,1.7141182224427718,104,9341.0,0.8384631147540985
39595.0,105,9715.0,71.43382352941177,1.851144453095093,105,105,9715.0,0.04231505423086949,0.8359261972025317,1.851144453095093,105,9715.0,0.8359261972025317
39600.0,104,10068.0,74.57777777777778,1.8339442295407935,104,104,10068.0,0.04335652643434809,0.8471727511541116,1.8339442295407935,104,10068.0,0.8471727511541116
39605.0,106,10444.0,75.68115942028986,1.8002630437230007,106,106,10427.0,0.044076940240911126,0.8581290322580652,1.8002630437230007,106,10427.0,0.8581290322580652
39610.0,106,10863.0,79.875,1.8065544565154794,106,106,10863.0,0.04865250904827795,0.9843271985396261,1.8065544565154794,106,10863.0,0.9843271985396261
39615.0,110,11395.0,82.57246376811594,1.675613533262891,110,110,11395.0,0.039300236041855965,0.7809871879794933,1.675613533262891,110,11395.0,0.7809871879794933
39620.0,115,11960.0,88.5925925925926,1.5001160490519552,115,115,11952.0,0.0393710359326744,0.7708465464308927,1.5001160490519552,115,11952.0,0.7708465464308927
39625.0,120,12547.0,93.63432835820896,1.1841441539523314,120,120,12547.0,0.035698711621201556,0.6530868172525155,1.1841441539523314,120,12547.0,0.6530868172525155
39630.0,115,12966.0,98.22727272727273,1.1067655108306724,115,115,12966.0,0.031586841882114775,0.5967772941272809,1.1067655108306724,115,12966.0,0.5967772941272809
39635.0,111,13256.0,102.75968992248062,1.1772445939328233,111,111,13203.0,0.042308775320726605,0.7608999424202689,1.1772445939328233,111,13203.0,0.7608999424202689
39640.0,108,13524.0,104.03076923076924,1.241364242673218,108,108,13524.0,0.04538393104919324,0.7832573271039186,1.241364242673218,108,13524.0,0.7832573271039186
39645.0,106,13777.0,105.97692307692307,1.345919227689027,106,106,13777.0,0.04307917176027692,0.7912039160520993,1.345919227689027,106,13777.0,0.7912039160520993
39650.0,106,14032.0,106.3030303030303,1.4731107303867181,106,106,14031.0,0.04393550322126453,0.7912025493955588,1.4731107303867181,106,14031.0,0.7912025493955588
39655.0,107,14289.0,109.07633587786259,1.4137670957932948,107,107,14289.0,0.042807148964889595,0.7787278174059358,1.4137670957932948,107,14289.0,0.7787278174059358
39660.0,104,13850.0,105.72519083969466,1.4779339186192635,104,104,13850.0,0.03628642234678083,0.6828861219046588,1.4779339186192635,104,13850.0,0.6828861219046588
39665.0,101,12929.0,96.48507462686567,1.602667744151079,101,101,12700.0,0.044630709061687916,0.7976271341526625,1.602667744151079,101,12700.0,0.7976271341526625
39670.0,96,11989.0,90.82575757575758,1.8172490774691303,96,96,11989.0,0.0674653410430811,1.188097323854552,1.8172490774691303,96,11989.0,1.188097323854552
39675.0,91,10934.0,82.21052631578948,1.8050031111381941,91,91,10934.0,0.0634243760852466,1.1641883944022438,1.8050031111381941,91,10934.0,1.1641883944022438
39680.0,88,9827.0,73.88721804511279,2.0817446921447074,88,88,9799.0,0.0730455402585996,1.3210807257235173,2.0817446921447074,88,9799.0,1.3210807257235173
39685.0,87,8900.0,65.92592592592592,2.3698447686936044,87,87,8900.0,0.08085463018696108,1.4795722406277907,2.3698447686936044,87,8900.0,1.4795722406277907
39690.0,86,7984.0,60.03007518796993,2.201894595623157,86,86,7984.0,0.0691799948572888,1.2987708777875298,2.201894595623157,86,7984.0,1.2987708777875298
39695.0,90,7123.0,54.792307692307695,2.1086980749015125,90,90,7100.0,0.07010606021232384,1.2860084896703872,2.1086980749015125,90,7100.0,1.2860084896703872
39700.0,91,6269.0,47.49242424242424,2.0838916082190932,91,91,6269.0,0.06804006390524904,1.191078502229548,2.0838916082190932,91,6269.0,1.191078502229548
39705.0,92,5422.0,41.707692307692305,1.9528439478517634,92,92,5422.0,0.054904812959741596,1.0478791127384184,1.9528439478517634,92,5422.0,1.0478791127384184
39710.0,92,4577.0,34.67424242424242,2.033690084852993,92,92,4577.0,0.05520253860003891,1.056864252907704,2.033690084852993,92,4577.0,1.056864252907704
39715.0,90,3653.0,28.1,1.9363860037400191,90,90,3653.0,0.056526753293257424,1.1043981029468408,1.9363860037400191,90,3653.0,1.1043981029468408
39720.0,85,2658.0,20.446153846153845,2.106443600054434,85,85,2635.0,0.06355748939041121,1.1934345878475858,2.106443600054434,85,2635.0,1.1934345878475858
39725.0,83,1885.0,14.389312977099237,2.19490335645481,83,83,1885.0,0.07518436976128279,1.3729897104857114,2.19490335645481,83,1885.0,1.3729897104857114
39730.0,89,2165.0,16.401515151515152,2.1398153217500226,89,89,2165.0,0.06833089155273732,1.2772261919499264,2.1398153217500226,89,2165.0,1.2772261919499264
39735.0,97,2509.0,18.585185185185185,2.000078473242204,97,97,2506.0,0.05723712248117738,1.026678360134174,2.000078473242204,97,2506.0,1.026678360134174
39740.0,102,2886.0,21.69924812030075,1.7993566581826868,102,102,2886.0,0.05215746206105648,0.9419330844305781,1.7993566581826868,102,2886.0,0.9419330844305781
39745.0,104,3228.0,24.08955223880597,1.6906443137688167,104,104,3228.0,0.04673971453245232,0.8605488570524105,1.6906443137688167,104,3228.0,0.8605488570524105
39750.0,98,3526.0,26.51127819548872,1.8330810673513103,98,98,3513.0,0.05573347120192401,1.010883926834101,1.8330810673513103,98,3513.0,1.010883926834101
39755.0,94,3806.0,29.053435114503817,2.0268745174127245,94,94,3806.0,0.0715741273469233,1.2702726460807872,2.0268745174127245,94,3806.0,1.2702726460807872
39760.0,91,4065.0,30.795454545454547,2.0357024757446105,91,91,4065.0,0.06741986263927119,1.187156751654853,2.0357024757446105,91,4065.0,1.187156751654853
39765.0,88,4326.0,33.02290076335878,2.122325441488628,88,88,4326.0,0.06928888258375111,1.2488901338302976,2.122325441488628,88,4326.0,1.2488901338302976
39770.0,93,4706.0,35.65151515151515,2.129379802284715,93,93,4693.0,0.07151491519559072,1.2713248382199298,2.129379802284715,93,4693.0,1.2713248382199298
39775.0,98,5111.0,39.01526717557252,2.0252552046306973,98,98,5111.0,0.06426574405829293,1.120204514064347,2.0252552046306973,98,5111.0,1.120204514064347
39780.0,96,5479.0,42.47286821705426,1.9693032046253511,96,96,5479.0,0.057303416435253544,1.0162716055575671,1.9693032046253511,96,5479.0,1.0162716055575671
39785.0,92,5796.0,44.58461538461538,2.0811733711635068,92,92,5783.0,0.0632754099722433,1.1515329140113475,2.0811733711635068,92,5783.0,1.1515329140113475
39790.0,88,6094.0,47.24031007751938,2.3317157301874425,88,88,6094.0,0.07706599131188809,1.426053008643679,2.3317157301874425,88,6094.0,1.426053008643679
39795.0,88,6426.0,49.05343511450382,2.3184017214826227,88,88,6426.0,0.06729307722309398,1.3096725677173264,2.3184017214826227,88,6426.0,1.3096725677173264
39800.0,93,6806.0,52.353846153846156,2.2825406518504985,93,93,6799.0,0.06628508154597151,1.2687108452080575,2.2825406518504985,93,6799.0,1.2687108452080575
39805.0,99,7211.0,55.89922480620155,1.985542991004297,99,99,7211.0,0.055501324975052786,1.0279519300289708,1.985542991004297,99,7211.0,1.0279519300289708
39810.0,98,7626.0,59.578125,1.951914239331689,98,98,7626.0,0.05296758571652613,1.0467300448752992,1.951914239331689,98,7626.0,1.0467300448752992
39815.0,96,7616.0,59.968503937007874,1.8403774349824915,96,96,7616.0,0.04455895440573388,0.8844943841241313,1.8403774349824915,96,7616.0,0.8844943841241313
39820.0,93,7310.0,58.01587301587302,1.690830888060472,93,93,7172.0,0.049834337811219605,0.9238031322992027,1.690830888060472,93,7172.0,0.9238031322992027
39825.0,92,7064.0,56.512,1.93173806190621,92,92,7064.0,0.06628658921771638,1.1858189492491955,1.93173806190621,92,7064.0,1.1858189492491955
39830.0,92,6435.0,50.669291338582674,1.726511586692551,92,92,6435.0,0.04381929796171431,0.824794605622293,1.726511586692551,92,6435.0,0.824794605622293
39835.0,94,6191.0,49.13492063492063,1.9497533479034892,94,94,6004.0,0.05145173272265373,0.9865244847642792,1.9497533479034892,94,6004.0,0.9865244847642792
39840.0,94,5961.0,47.688,1.9699026032622342,94,94,5961.0,0.053825608746431344,1.0046552371392903,1.9699026032622342,94,5961.0,1.0046552371392903
39845.0,93,5695.0,44.4921875,1.990471504643695,93,93,5695.0,0.045309445429233076,0.9006124460301904,1.990471504643695,93,5695.0,0.9006124460301904
39850.0,93,5460.0,44.03225806451613,1.9946604445258103,93,93,5439.0,0.05153071840132602,1.003736638381412,1.9946604445258103,93,5439.0,1.003736638381412
39855.0,94,5229.0,42.51219512195122,1.7987326096512624,94,94,5229.0,0.05300492905694927,1.014407348488828,1.7987326096512624,94,5229.0,1.014407348488828
39860.0,94,4999.0,40.642276422764226,1.9049501451931883,94,94,4999.0,0.053771901518435306,1.078062974165273,1.9049501451931883,94,4999.0,1.078062974165273
39865.0,97,4771.0,38.475806451612904,1.867287273894021,97,97,4771.0,0.03941050785697339,0.8342792792792799,1.867287273894021,97,4771.0,0.8342792792792799
39870.0,95,4546.0,36.959349593495936,1.9702288741789302,95,95,4546.0,0.050499180414993815,1.0451365592133048,1.9702288741789302,95,4546.0,1.0451365592133048
39875.0,96,4323.0,35.146341463414636,1.8756049321200394,96,96,4323.0,0.045969322253091034,0.9273525560046857,1.8756049321200394,96,4323.0,0.9273525560046857
39880.0,98,4265.0,34.67479674796748,1.6440481737797241,98,98,4265.0,0.043629625323018326,0.802258002410097,1.6440481737797241,98,4265.0,0.802258002410097
39885.0,103,4770.0,39.09836065573771,1.4369729656833357,103,103,4770.0,0.03541277272892435,0.6605790653164939,1.4369729656833357,103,4770.0,0.6605790653164939
39890.0,107,5291.0,42.66935483870968,1.200195119379578,107,107,5291.0,0.025955026340036377,0.4794244832472854,1.200195119379578,107,5291.0,0.4794244832472854
39895.0,110,5835.0,47.4390243902439,1.0785637620757613,110,110,5828.0,0.02926868398522205,0.5350798585800863,1.0785637620757613,110,5828.0,0.5350798585800863
39900.0,113,6390.0,51.53225806451613,0.96180655496036,113,113,6390.0,0.02918941654399386,0.513554706895265,0.96180655496036,113,6390.0,0.513554706895265
39905.0,111,6621.0,53.395161290322584,0.8197931747843504,111,111,6621.0,0.024593947213061698,0.4506055317923643,0.8197931747843504,111,6621.0,0.4506055317923643
39910.0,108,6617.0,53.36290322580645,0.9630015746283491,108,108,6509.0,0.03767990853100967,0.6435736362748692,0.9630015746283491,108,6509.0,0.6435736362748692
39915.0,104,6593.0,52.32539682539682,1.2213743311038945,104,104,6593.0,0.05072710538430863,0.8342168395664973,1.2213743311038945,104,6593.0,0.8342168395664973
39920.0,99,6504.0,52.032,1.405941484146807,99,99,6504.0,0.05634120246319029,1.014108180266245,1.405941484146807,99,6504.0,1.014108180266245
39925.0,101,6449.0,51.182539682539684,1.493350863056742,101,101,6425.0,0.05763594410445855,1.0377816515568759,1.493350863056742,101,6425.0,1.0377816515568759
39930.0,100,6399.0,50.785714285714285,1.6076560791999113,100,100,6399.0,0.06220364207659468,1.0986405014382605,1.6076560791999113,100,6399.0,1.0986405014382605
39935.0,98,6031.0,47.86507936507937,1.6136052817740139,98,98,6031.0,0.051733410892004096,0.9665201596377977,1.6136052817740139,98,6031.0,0.9665201596377977
39940.0,94,5433.0,42.77952755905512,1.587235483051205,94,94,5330.0,0.05063861403312843,0.9340136177612042,1.587235483051205,94,5330.0,0.9340136177612042
39945.0,91,4875.0,38.38582677165354,1.8749505499384291,91,91,4875.0,0.06622381984753047,1.1672108558843048,1.8749505499384291,91,4875.0,1.1672108558843048
39950.0,88,4542.0,35.2093023255814,1.9020514952865886,88,88,4542.0,0.055140007212280726,1.068532324338914,1.9020514952865886,88,4542.0,1.068532324338914
39955.0,91,4437.0,34.395348837209305,1.9905836039434308,91,91,4432.0,0.05333507597414081,1.054506096912853,1.9905836039434308,91,4432.0,1.054506096912853
39960.0,96,4382.0,34.234375,1.8936288669619328,96,96,4382.0,0.04328725291901527,0.8109478859390417,1.8936288669619328,96,4382.0,0.8109478859390417
39965.0,99,4349.0,33.19847328244275,1.8107624793617634,99,99,4349.0,0.0458170763391557,0.8750284646235695,1.8107624793617634,99,4349.0,0.8750284646235695
39970.0,100,4320.0,33.48837209302326,1.7581572190899828,100,100,4320.0,0.040613592658306066,0.8065652097471724,1.7581572190899828,100,4320.0,0.8065652097471724
39975.0,100,4295.0,32.786259541984734,1.8369309563595102,100,100,4295.0,0.04574114135420061,0.8693079915658515,1.8369309563595102,100,4295.0,0.8693079915658515
39980.0,97,4174.0,32.609375,1.7755875992793597,97,97,4174.0,0.05061134138892548,0.9810674355949207,1.7755875992793597,97,4174.0,0.9810674355949207
39985.0,94,3974.0,31.046875,1.8410524671910498,94,94,3946.0,0.055566718140482356,1.0353762863498999,1.8410524671910498,94,3946.0,1.0353762863498999
39990.0,89,3753.0,29.551181102362204,2.0595113168019683,89,89,3753.0,0.07331638192604563,1.339694450151708,2.0595113168019683,89,3753.0,1.339694450151708
39995.0,88,3511.0,27.865079365079364,2.0366591211078653,87,88,3510.0,0.06689323114013708,1.2662303115299187,2.0366591211078653,87,3510.0,1.2662303115299187
40000.0,89,3407.0,27.256,1.830512496613007,89,89,3403.0,0.056042347912980316,1.0925457576646798,1.830512496613007,89,3403.0,1.0925457576646798
40005.0,95,3718.0,29.744,1.698806713029724,95,95,3718.0,0.0516506738076582,0.9680110444189327,1.698806713029724,95,3718.0,0.9680110444189327
40010.0,97,4006.0,31.296875,1.543281243321867,97,97,4006.0,0.043939429889137495,0.8193203161422623,1.543281243321867,97,4006.0,0.8193203161422623
40015.0,94,4256.0,33.511811023622045,1.5187993459940519,94,94,4243.0,0.047984352315316336,0.8992331628528011,1.5187993459940519,94,4243.0,0.8992331628528011
40020.0,92,4496.0,35.125,1.8471295955635334,92,92,4496.0,0.061757469357208813,1.145615030226591,1.8471295955635334,92,4496.0,1.145615030226591
40025.0,89,4408.0,33.64885496183206,1.9180624778978954,89,89,4408.0,0.05838773601525767,1.1036066063224375,1.9180624778978954,89,4408.0,1.1036066063224375
40030.0,85,4089.0,31.453846153846154,2.1922454025485685,85,85,3986.0,0.0705904523988696,1.293273022922318,2.1922454025485685,85,3986.0,1.293273022922318
40035.0,81,3750.0,28.625954198473284,2.3949681529643274,81,81,3750.0,0.08427854827724784,1.5160499979644888,2.3949681529643274,81,3750.0,1.5160499979644888
40040.0,77,3349.0,25.76153846153846,2.453595074255192,77,77,3349.0,0.08541081644968758,1.5827773343084006,2.453595074255192,77,3349.0,1.5827773343084006
40045.0,76,2949.0,22.684615384615384,2.3353341453700462,76,76,2936.0,0.0785706984783078,1.4846200034670054,2.3353341453700462,76,2936.0,1.4846200034670054
40050.0,76,2645.0,20.503875968992247,2.293809463547655,76,76,2645.0,0.08306480238115296,1.549825534580105,2.293809463547655,76,2645.0,1.549825534580105
40055.0,77,2303.0,17.580152671755727,2.2618075328841982,77,77,2303.0,0.07814847615504768,1.4751159004411534,2.2618075328841982,77,2303.0,1.4751159004411534
40060.0,75,1921.0,14.443609022556391,2.12755647707133,75,75,1908.0,0.07307082573041415,1.3581420385873475,2.12755647707133,75,1908.0,1.3581420385873475
40065.0,73,1536.0,11.636363636363637,2.360193709890953,73,73,1536.0,0.08742787607253871,1.6269014260897388,2.360193709890953,73,1536.0,1.6269014260897388
40070.0,70,1024.0,7.641791044776119,2.3400374328399134,70,70,1024.0,0.07918536189388611,1.5020756107778352,2.3400374328399134,70,1024.0,1.5020756107778352
40075.0,69,852.0,6.454545454545454,2.4748851681219506,69,69,797.0,0.08736326425362714,1.6368453856207241,2.4748851681219506,69,797.0,1.6368453856207241
40080.0,76,1013.0,7.732824427480916,2.4150482326172003,76,76,1013.0,0.08623191988780973,1.5840913210115086,2.4150482326172003,76,1013.0,1.5840913210115086
40085.0,86,1267.0,9.316176470588236,2.170766177930788,86,86,1267.0,0.06786182677947258,1.2219071043375729,2.170766177930788,86,1267.0,1.2219071043375729
40090.0,91,1556.0,11.357664233576642,2.14045352845857,91,91,1556.0,0.05521374019648437,1.0493280348215803,2.14045352845857,91,1556.0,1.0493280348215803
40095.0,93,1861.0,13.292857142857143,2.2351715455153607,93,93,1861.0,0.05751122767368551,1.0802184170209879,2.2351715455153607,93,1861.0,1.0802184170209879
40100.0,95,2180.0,15.571428571428571,2.264780826887038,95,95,2180.0,0.055775586463730216,1.0683957606719041,2.264780826887038,95,2180.0,1.0683957606719041
40105.0,97,2548.0,18.463768115942027,2.138649566337817,97,97,2548.0,0.05276133810361661,1.0321143391802794,2.138649566337817,97,2548.0,1.0321143391802794
40110.0,105,3052.0,22.607407407407408,1.804311082475344,105,105,3052.0,0.0473851993895871,0.9274309529946985,1.804311082475344,105,3052.0,0.9274309529946985
40115.0,112,3256.0,24.29850746268657,1.408922434241082,112,112,3256.0,0.027631412621702746,0.5472681170057456,1.408922434241082,112,3256.0,0.5472681170057456
40120.0,116,3830.0,28.37037037037037,1.2284226618079042,116,116,3658.0,0.027545235316907182,0.5116915896208124,1.2284226618079042,116,3658.0,0.5116915896208124
40125.0,118,4417.0,32.96268656716418,1.2141774345386864,118,118,4417.0,0.03161918094517356,0.562624103886775,1.2141774345386864,118,4417.0,0.562624103886775
40130.0,117,4997.0,37.57142857142857,1.054437817047226,117,117,4997.0,0.021848325233588265,0.4061090868613881,1.054437817047226,117,4997.0,0.4061090868613881
40135.0,117,5582.0,41.96992481203007,1.12346182180707,117,117,5577.0,0.025455715629364203,0.4430552419898924,1.12346182180707,117,5577.0,0.4430552419898924
40140.0,118,6172.0,46.40601503759399,1.234685519250783,118,118,6172.0,0.031722572658221704,0.5525471774737615,1.234685519250783,118,6172.0,0.5525471774737615
40145.0,118,6762.0,50.8421052631579,1.0866904972008844,118,118,6762.0,0.022294758033530166,0.415409800891051,1.0866904972008844,118,6762.0,0.415409800891051
40150.0,119,7354.0,55.29323308270677,1.1459163333150066,119,119,7354.0,0.02347672107621112,0.4541194783104057,1.1459163333150066,119,7354.0,0.4541194783104057
40155.0,119,7949.0,59.766917293233085,1.0803109288827437,119,119,7949.0,0.02648959394308943,0.5248275132936395,1.0803109288827437,119,7949.0,0.5248275132936395
40160.0,120,8546.0,64.25563909774436,1.0667001551722393,120,120,8546.0,0.02491564981008857,0.4911893314727368,1.0667001551722393,120,8546.0,0.4911893314727368
40165.0,122,9146.0,67.74814814814815,1.1311086760812281,122,122,9146.0,0.024644653797437677,0.47042122540091963,1.1311086760812281,122,9146.0,0.47042122540091963
40170.0,121,9747.0,72.73880597014926,1.053008757236184,121,121,9747.0,0.03213546391542411,0.589739034914762,1.053008757236184,121,9747.0,0.589739034914762
40175.0,118,10031.0,76.57251908396947,0.9099569614593588,118,118,10031.0,0.027000211898126313,0.5238840980934906,0.9099569614593588,118,10031.0,0.5238840980934906
40180.0,114,10084.0,75.81954887218045,0.9955991506333227,114,114,9981.0,0.03343169225212424,0.5925650608055848,0.9955991506333227,114,9981.0,0.5925650608055848
40185.0,111,10123.0,76.11278195488721,1.2731386883088238,111,111,10123.0,0.04516846953031674,0.8057381603453373,1.2731386883088238,111,10123.0,0.8057381603453373
40190.0,108,10135.0,76.78030303030303,1.1558866522476776,108,108,10135.0,0.04119416924012124,0.7402309910828333,1.1558866522476776,108,10135.0,0.7402309910828333
40195.0,109,10153.0,76.91666666666667,1.1617624532942914,109,109,10149.0,0.039585239484374125,0.7053550495901347,1.1617624532942914,109,10149.0,0.7053550495901347
40200.0,109,10173.0,77.06818181818181,1.2918114492611477,109,109,10173.0,0.046380848630717716,0.8164185613540932,1.2918114492611477,109,10173.0,0.8164185613540932
40205.0,106,9734.0,72.1037037037037,1.3566446892576414,106,106,9734.0,0.03986086455204876,0.7520067454654894,1.3566446892576414,106,9734.0,0.7520067454654894
40210.0,102,8973.0,66.46666666666667,1.6031571310822044,102,102,8824.0,0.04807979241282326,0.9234511207297921,1.6031571310822044,102,8824.0,0.9234511207297921
40215.0,98,8189.0,59.77372262773723,1.8221212751460805,98,98,8189.0,0.0623875789241776,1.1487020920894164,1.8221212751460805,98,8189.0,1.1487020920894164
40220.0,94,7298.0,54.05925925925926,1.864078617551369,94,94,7298.0,0.06556797176362153,1.2583320104860245,1.864078617551369,94,7298.0,1.2583320104860245
40225.0,91,6417.0,46.839416058394164,2.008993890308495,91,91,6389.0,0.06592009337267608,1.2517549947631825,2.008993890308495,91,6389.0,1.2517549947631825
40230.0,86,5777.0,42.167883211678834,2.414155608508577,86,86,5777.0,0.08024752123044224,1.5162536889647371,2.414155608508577,86,5777.0,1.5162536889647371
40235.0,86,5270.0,38.46715328467153,2.408906108408704,86,86,5270.0,0.07057803981867386,1.3946484200322569,2.408906108408704,86,5270.0,1.3946484200322569
40240.0,92,4813.0,35.13138686131387,2.1148106294246882,92,92,4799.0,0.05729815505517918,1.0370147443182818,2.1148106294246882,92,4799.0,1.0370147443182818
40245.0,94,4377.0,32.66417910447761,2.0721024523845157,94,94,4377.0,0.059028711430284674,1.1058689109849393,2.0721024523845157,94,4377.0,1.1058689109849393
40250.0,91,3846.0,28.279411764705884,2.095762477727114,91,91,3846.0,0.051156198078989024,0.9976637133942777,2.095762477727114,91,3846.0,0.9976637133942777
40255.0,88,3238.0,23.985185185185184,2.2429391442761193,88,88,3210.0,0.0627640596615422,1.1682392139757996,2.2429391442761193,88,3210.0,1.1682392139757996
40260.0,83,2608.0,19.757575757575758,2.3122720349320716,83,83,2608.0,0.07784448115385285,1.3950432475914305,2.3122720349320716,83,2608.0,1.3950432475914305
40265.0,80,1959.0,14.729323308270677,2.370414656175866,80,80,1959.0,0.07835746638581581,1.4497028718337126,2.370414656175866,80,1959.0,1.4497028718337126
40270.0,76,1339.0,10.143939393939394,2.622331535130705,76,76,1339.0,0.09262206450702318,1.7223729331801243,2.622331535130705,76,1339.0,1.7223729331801243
40275.0,78,1305.0,9.666666666666666,2.4960123732833774,78,78,1272.0,0.07933974105398073,1.5574124484317093,2.4960123732833774,78,1272.0,1.5574124484317093
40280.0,82,1384.0,10.328358208955224,2.6184592179832014,82,82,1384.0,0.0887249467879283,1.6875275601975883,2.6184592179832014,82,1384.0,1.6875275601975883
40285.0,86,1476.0,10.933333333333334,2.534556146717064,86,86,1476.0,0.08835915557251636,1.6012338433515583,2.534556146717064,86,1476.0,1.6012338433515583
40290.0,85,1511.0,11.192592592592593,2.4857325722631103,84,85,1510.0,0.08193480291354267,1.576404825860981,2.4857325722631103,84,1510.0,1.576404825860981
40295.0,84,1505.0,11.23134328358209,2.5304693476761955,84,84,1505.0,0.07935360091943774,1.5676888057544902,2.5304693476761955,84,1505.0,1.5676888057544902
40300.0,80,1463.0,10.917910447761194,2.4588012831927553,80,80,1445.0,0.07491536815242876,1.466333954991791,2.4588012831927553,80,1445.0,1.466333954991791
40305.0,77,1213.0,9.1203007518797,2.525146806555546,77,77,1208.0,0.07833457383791283,1.5273905175291,2.525146806555546,77,1208.0,1.5273905175291
40310.0,78,1151.0,8.654135338345865,2.4528530725781312,78,78,1028.0,0.0819447714122705,1.5711194347521018,2.4528530725781312,78,1028.0,1.5711194347521018
40315.0,80,1142.0,8.586466165413533,2.584041167958946,80,80,1142.0,0.08228038824782617,1.5894445905710126,2.584041167958946,80,1142.0,1.5894445905710126
40320.0,82,1206.0,9.0,2.4630806448277283,82,82,1206.0,0.06702945649277381,1.3231911854135117,2.4630806448277283,82,1206.0,1.3231911854135117
40325.0,86,1364.0,10.029411764705882,2.2934301332458555,86,86,1351.0,0.06515140084835389,1.231108631357171,2.2934301332458555,86,1351.0,1.231108631357171
40330.0,87,1595.0,11.992481203007518,2.3016110763241127,87,87,1595.0,0.07668176468165432,1.4051095231618718,2.3016110763241127,87,1595.0,1.4051095231618718
40335.0,89,1836.0,13.701492537313433,2.169516588153641,89,89,1836.0,0.06712316748040581,1.2263767827764072,2.169516588153641,89,1836.0,1.2263767827764072
40340.0,90,1855.0,13.947368421052632,2.200375057165861,90,90,1855.0,0.07233129746066418,1.330700577027479,2.200375057165861,90,1855.0,1.330700577027479
40345.0,90,1919.0,14.110294117647058,2.1573134708227837,90,90,1917.0,0.059559698646384884,1.1721285011629587,2.1573134708227837,90,1917.0,1.1721285011629587
40350.0,87,2171.0,16.081481481481482,2.2502850848480254,87,87,2169.0,0.06875426053034872,1.3325093309946525,2.2502850848480254,87,2169.0,1.3325093309946525
40355.0,89,2482.0,18.661654135338345,2.215494803274904,89,89,2482.0,0.07151456291788606,1.363291445358969,2.215494803274904,89,2482.0,1.363291445358969
40360.0,91,2834.0,21.30827067669173,2.06076894816286,91,91,2834.0,0.06890208128598646,1.265907723443047,2.06076894816286,91,2834.0,1.265907723443047
40365.0,96,3147.0,23.661654135338345,1.849173137746405,96,96,3147.0,0.052912108738685355,1.0233683020238267,1.849173137746405,96,3147.0,1.0233683020238267
40370.0,95,3419.0,25.139705882352942,1.9703378308377792,95,95,3396.0,0.055181465095886985,1.04469421487603,1.9703378308377792,95,3396.0,1.04469421487603
40375.0,91,3680.0,27.058823529411764,2.342019894183264,91,91,3680.0,0.07114239936392165,1.3077712905956136,2.342019894183264,91,3680.0,1.3077712905956136
40380.0,88,3904.0,29.134328358208954,2.4595551358294596,88,88,3904.0,0.06651829506652798,1.3188384299566476,2.4595551358294596,88,3904.0,1.3188384299566476
40385.0,90,4162.0,31.059701492537314,2.306953218350512,90,90,4145.0,0.061786416114720466,1.195696827323803,2.306953218350512,90,4145.0,1.195696827323803
40390.0,96,4507.0,33.385185185185186,2.2439823198299016,96,96,4507.0,0.05846322627432351,1.1163779706580979,2.2439823198299016,96,4507.0,1.1163779706580979
40395.0,100,4788.0,34.948905109489054,1.9451162221576515,100,100,4788.0,0.04527923857003541,0.8516749311294897,1.9451162221576515,100,4788.0,0.8516749311294897
40400.0,100,5146.0,37.838235294117645,2.0119010465211233,100,100,5118.0,0.05335372328931057,1.0330803278688485,2.0119010465211233,100,5118.0,1.0330803278688485
40405.0,103,5524.0,40.028985507246375,1.9740813445027592,103,103,5524.0,0.05591072648735209,1.0275143972140537,1.9740813445027592,103,5524.0,1.0275143972140537
40410.0,102,5820.0,41.8705035971223,1.96149511984847,102,102,5820.0,0.04698975952271636,0.8986180099073978,1.96149511984847,102,5820.0,0.8986180099073978
40415.0,100,6046.0,44.13138686131387,1.9867372615791,100,100,6018.0,0.05600071581963342,1.0866003068648242,1.9867372615791,100,6018.0,1.0866003068648242
40420.0,97,6259.0,45.68613138686131,1.9871710573261363,97,97,6259.0,0.05948702514607898,1.115379131513439,1.9871710573261363,97,6259.0,1.115379131513439
40425.0,96,6470.0,47.925925925925924,1.905105107863321,95,96,6469.0,0.05500645002698729,1.0457052550366428,1.905105107863321,95,6469.0,1.0457052550366428
40430.0,96,6746.0,50.343283582089555,1.697025491784458,96,96,6733.0,0.04860795173445626,0.9270074590085238,1.697025491784458,96,6733.0,0.9270074590085238
40435.0,102,7095.0,52.94776119402985,1.6110992680509952,102,102,7095.0,0.04979226759824837,0.8821781907158465,1.6110992680509952,102,7095.0,0.8821781907158465
40440.0,104,7418.0,54.544117647058826,1.6171204440506557,104,104,7418.0,0.04749846690225439,0.8567716866507834,1.6171204440506557,104,7418.0,0.8567716866507834
40445.0,102,7702.0,55.01428571428571,1.6961687703792816,102,102,7689.0,0.046100071161029973,0.837110090815732,1.6961687703792816,102,7689.0,0.837110090815732
40450.0,99,7977.0,56.97857142857143,2.0394771850235474,99,99,7977.0,0.06508536229447466,1.1559116781173215,2.0394771850235474,99,7977.0,1.1559116781173215
40455.0,97,7745.0,55.32142857142857,1.8441883234192613,97,97,7745.0,0.05138651924259802,0.9715025223387695,1.8441883234192613,97,7745.0,0.9715025223387695
40460.0,92,7165.0,51.54676258992806,2.14464339847612,92,92,7002.0,0.06849220839125822,1.2332675760339504,2.14464339847612,92,7002.0,1.2332675760339504
40465.0,89,6560.0,47.53623188405797,2.1902949332735986,89,89,6560.0,0.08169491169269427,1.4424882849998615,2.1902949332735986,89,6560.0,1.4424882849998615
40470.0,84,5895.0,42.71739130434783,2.27883029370106,84,84,5895.0,0.07925217375070293,1.469549325832119,2.27883029370106,84,5895.0,1.469549325832119
40475.0,81,5230.0,38.175182481751825,2.2691990283290107,81,81,5217.0,0.0749261686975433,1.4388434068087244,2.2691990283290107,81,5217.0,1.4388434068087244
40480.0,84,4663.0,33.30714285714286,2.164945711085333,84,84,4663.0,0.06824341138346278,1.3000161290322587,2.164945711085333,84,4663.0,1.3000161290322587
40485.0,85,4022.0,28.323943661971832,2.1670719118889035,85,85,4022.0,0.0672669930788668,1.255524349739394,2.1670719118889035,85,4022.0,1.255524349739394
40490.0,86,3459.0,23.855172413793102,2.025218040799755,86,86,3423.0,0.05716531660667225,1.052322381229563,2.025218040799755,86,3423.0,1.052322381229563
40495.0,88,2914.0,20.52112676056338,2.029577221962261,88,88,2914.0,0.062440508553496615,1.1662197886666608,2.029577221962261,88,2914.0,1.1662197886666608
40500.0,88,2332.0,16.65714285714286,1.9908146822364154,88,88,2332.0,0.06479786945018601,1.1886577724959841,1.9908146822364154,88,2332.0,1.1886577724959841
40505.0,84,1812.0,12.942857142857143,1.9797789249804167,84,84,1798.0,0.07053724643577032,1.2916401042033054,1.9797789249804167,84,1798.0,1.2916401042033054
40510.0,86,1584.0,11.314285714285715,2.173910726043488,86,86,1584.0,0.08127537236225614,1.4378671102675789,2.173910726043488,86,1584.0,1.4378671102675789
40515.0,86,1479.0,10.342657342657343,2.0355395717074156,86,86,1479.0,0.06819764589930755,1.2464451732700566,2.0355395717074156,86,1479.0,1.2464451732700566
40520.0,86,1493.0,10.514084507042254,2.1443148265829253,86,86,1450.0,0.07595808311438741,1.3775354369120247,2.1443148265829253,86,1450.0,1.3775354369120247
40525.0,90,1543.0,10.641379310344828,2.2372493008730534,90,90,1543.0,0.07451583928758296,1.3479354976184559,2.2372493008730534,90,1543.0,1.3479354976184559
40530.0,88,1540.0,10.620689655172415,2.26383923018522,88,88,1540.0,0.06833614891489834,1.2984618105232826,2.26383923018522,88,1540.0,1.2984618105232826
40535.0,88,1625.0,11.284722222222221,2.384563392266351,88,88,1598.0,0.07222762873386383,1.3409247651759717,2.384563392266351,88,1598.0,1.3409247651759717
40540.0,94,1776.0,12.248275862068965,2.2252678699734,94,94,1776.0,0.0632756891140383,1.1437128527014853,2.2252678699734,94,1776.0,1.1437128527014853
40545.0,97,1761.0,12.229166666666666,2.107085814251004,96,97,1760.0,0.054298504777674214,1.0293550206446602,2.107085814251004,96,1760.0,1.0293550206446602
40550.0,100,1948.0,13.434482758620689,2.0060295081598274,100,100,1830.0,0.045021711081372574,0.8884025881167461,2.0060295081598274,100,1830.0,0.8884025881167461
40555.0,101,2147.0,15.119718309859154,1.897012978147615,101,101,2147.0,0.05010973844888151,0.9464523092677574,1.897012978147615,101,2147.0,0.9464523092677574
40560.0,100,2338.0,16.581560283687942,1.8637840921760318,100,100,2338.0,0.050190348572228476,0.9417142479058909,1.8637840921760318,100,2338.0,0.9417142479058909
40565.0,102,2558.0,17.76388888888889,1.9538392919140892,102,102,2554.0,0.05179483743333901,0.9690020243601756,1.9538392919140892,102,2554.0,0.9690020243601756
40570.0,109,2861.0,19.868055555555557,1.8439095087951602,109,109,2861.0,0.05154213264548969,0.9477866086007922,1.8439095087951602,109,2861.0,0.9477866086007922
40575.0,109,3028.0,20.882758620689657,1.6038804128950854,109,109,3028.0,0.03697414466390544,0.693254532620043,1.6038804128950854,109,3028.0,0.693254532620043
40580.0,110,3252.0,22.74125874125874,1.6645804403277675,110,110,3194.0,0.050163241340668616,0.8954979510640211,1.6645804403277675,110,3194.0,0.8954979510640211
40585.0,115,3510.0,24.375,1.5545890325669225,115,115,3510.0,0.051755577782577424,0.8717910726708258,1.5545890325669225,115,3510.0,0.8717910726708258
40590.0,112,3596.0,24.97222222222222,1.5772472255397116,112,112,3596.0,0.04225081792180603,0.7647566892728861,1.5772472255397116,112,3596.0,0.7647566892728861
40595.0,107,3541.0,24.762237762237763,1.7971420734173922,107,107,3483.0,0.05175102994249379,0.9368711991130735,1.7971420734173922,107,3483.0,0.9368711991130735
40600.0,104,3467.0,24.41549295774648,1.7516283046855672,104,104,3467.0,0.05281673842817569,0.970227461663356,1.7516283046855672,104,3467.0,0.970227461663356
40605.0,100,3331.0,23.624113475177303,1.8199438709835403,100,100,3331.0,0.055773419081992626,1.0400914416096942,1.8199438709835403,100,3331.0,1.0400914416096942
40610.0,97,3145.0,22.30496453900709,1.7427710993635193,97,97,3132.0,0.04768966785691744,0.9212932736171433,1.7427710993635193,97,3132.0,0.9212932736171433
40615.0,93,2939.0,20.992857142857144,1.925497903942702,93,93,2939.0,0.06065571447154993,1.1368102396699753,1.925497903942702,93,2939.0,1.1368102396699753
40620.0,90,2622.0,18.863309352517987,1.8745433202009907,90,90,2622.0,0.054648535320265305,1.0698411272862425,1.8745433202009907,90,2622.0,1.0698411272862425
40625.0,89,2378.0,16.746478873239436,1.9564138306858843,89,89,2338.0,0.05581799313652968,1.12041421975404,1.9564138306858843,89,2338.0,1.12041421975404
40630.0,90,2146.0,15.21985815602837,2.048778122384282,90,90,2146.0,0.06320841963031716,1.2004291987393603,2.048778122384282,90,2146.0,1.2004291987393603
40635.0,89,1824.0,12.755244755244755,2.067428399790639,89,89,1824.0,0.06224486982159408,1.1851183653631119,2.067428399790639,89,1824.0,1.1851183653631119
40640.0,86,1506.0,10.680851063829786,2.245174903642855,86,86,1478.0,0.07409907391116428,1.4093706068491345,2.245174903642855,86,1478.0,1.4093706068491345
40645.0,87,1406.0,10.115107913669064,2.2018045303656164,87,87,1406.0,0.07483112258443674,1.4397503181993696,2.2018045303656164,87,1406.0,1.4397503181993696
40650.0,90,1294.0,9.177304964539006,2.122539345961496,90,90,1294.0,0.06953925297142674,1.3597912526730715,2.122539345961496,90,1294.0,1.3597912526730715
40655.0,92,1438.0,10.271428571428572,2.017576895028753,92,92,1394.0,0.06326197296276635,1.2587789448428683,2.017576895028753,92,1394.0,1.2587789448428683
40660.0,100,1690.0,11.818181818181818,1.7577766871861344,100,100,1690.0,0.04522818740187832,0.917707692307698,1.7577766871861344,100,1690.0,0.917707692307698
40665.0,102,1899.0,13.27972027972028,1.7519712383724158,102,102,1899.0,0.04274251009226246,0.8646401169996996,1.7519712383724158,102,1899.0,0.8646401169996996
40670.0,103,2210.0,15.347222222222221,1.7214490035289385,103,103,2183.0,0.043144348737301524,0.8192615384615345,1.7214490035289385,103,2183.0,0.8192615384615345
40675.0,107,2584.0,18.197183098591548,1.7095791131746652,107,107,2584.0,0.050973329640017606,0.9340479635481826,1.7095791131746652,107,2584.0,0.9340479635481826
40680.0,113,2987.0,20.888111888111887,1.5934470919758736,113,113,2987.0,0.03667647039992605,0.6993889158641267,1.5934470919758736,113,2987.0,0.6993889158641267
40685.0,116,3411.0,23.363013698630137,1.5410040398610998,116,116,3411.0,0.03418896065258935,0.6390351528794808,1.5410040398610998,116,3411.0,0.6390351528794808
40690.0,114,3717.0,26.176056338028168,1.4397226665691847,114,114,3717.0,0.03473172431284565,0.6730587728570477,1.4397226665691847,114,3717.0,0.6730587728570477
40695.0,109,3924.0,27.25,1.5733628824588393,109,109,3886.0,0.04279392370008745,0.8069526570036738,1.5733628824588393,109,3886.0,0.8069526570036738
40700.0,108,4239.0,29.643356643356643,1.825183745766291,108,108,4239.0,0.057324040707592054,1.07108978641892,1.825183745766291,108,4239.0,1.07108978641892
40705.0,110,4321.0,30.216783216783217,1.6338705178206998,110,110,4321.0,0.04906937719013285,0.9115143567978189,1.6338705178206998,110,4321.0,0.9115143567978189
40710.0,108,4233.0,29.6013986013986,1.7002373689501649,108,108,4149.0,0.043184929350557545,0.8357505206345155,1.7002373689501649,108,4149.0,0.8357505206345155
40715.0,103,4123.0,29.035211267605632,1.863236232397482,103,103,4123.0,0.05052229007680914,0.9507048788299792,1.863236232397482,103,4123.0,0.9507048788299792
40720.0,100,3949.0,27.809859154929576,1.6996879569555308,100,100,3949.0,0.049037610565754466,0.8689292695679205,1.6996879569555308,100,3949.0,0.8689292695679205
40725.0,95,3724.0,26.6,1.8477539787264199,95,95,3711.0,0.058951781018309765,1.0643974669864196,1.8477539787264199,95,3711.0,1.0643974669864196
40730.0,91,3478.0,25.02158273381295,2.005358128787904,91,91,3478.0,0.06732109215387333,1.205156665275029,2.005358128787904,91,3478.0,1.205156665275029
40735.0,87,3132.0,22.532374100719423,2.0229816485602234,87,87,3132.0,0.06168270745423192,1.1784062985232064,2.0229816485602234,87,3132.0,1.1784062985232064
40740.0,87,2849.0,20.496402877697843,2.1726961025776084,87,87,2814.0,0.0654375735756157,1.2142811161412366,2.1726961025776084,87,2814.0,1.2142811161412366
40745.0,87,2574.0,18.25531914893617,2.2547656891230345,87,87,2574.0,0.07085805704589405,1.2732245418786525,2.2547656891230345,87,2574.0,1.2732245418786525
40750.0,85,2233.0,16.06474820143885,2.2264504170323827,85,85,2233.0,0.06667656884820115,1.260674212527203,2.2264504170323827,85,2233.0,1.260674212527203
40755.0,83,1979.0,14.135714285714286,2.341301105649267,83,83,1952.0,0.0714560560609849,1.3383941384666835,2.341301105649267,83,1952.0,1.3383941384666835
40760.0,84,1744.0,12.546762589928058,2.4938643712894124,84,84,1744.0,0.07879949537811103,1.4754855421294715,2.4938643712894124,84,1744.0,1.4754855421294715
40765.0,84,1414.0,10.1,2.3798108007353562,84,84,1414.0,0.06699424460608853,1.290910557866007,2.3798108007353562,84,1414.0,1.290910557866007
40770.0,79,1098.0,7.956521739130435,2.5695675595925205,79,79,1070.0,0.0784574648974548,1.4845615053768522,2.5695675595925205,79,1070.0,1.4845615053768522
40775.0,78,1117.0,8.094202898550725,2.7394013953737306,78,78,1117.0,0.09010938432287341,1.6729868157218422,2.7394013953737306,78,1117.0,1.6729868157218422
40780.0,83,1118.0,8.101449275362318,2.284598627163602,83,83,1118.0,0.06602187871696494,1.2845677291324868,2.284598627163602,83,1118.0,1.2845677291324868
40785.0,92,1264.0,9.159420289855072,2.192779074983149,92,92,1207.0,0.06531735853942643,1.2286613816060004,2.192779074983149,92,1207.0,1.2286613816060004
40790.0,97,1445.0,10.321428571428571,2.0361268784889126,97,97,1445.0,0.054377039683087214,1.0184330012492373,2.0361268784889126,97,1445.0,1.0184330012492373
40795.0,96,1558.0,11.372262773722628,1.9305898131060555,96,96,1558.0,0.04993167367063047,0.9710569697403832,1.9305898131060555,96,1558.0,0.9710569697403832
40800.0,95,1734.0,12.656934306569344,2.0556295342669193,95,95,1699.0,0.056760766356666395,1.0624085225683437,2.0556295342669193,95,1699.0,1.0624085225683437
40805.0,96,1917.0,13.992700729927007,1.932352844743382,96,96,1917.0,0.058305882557569,1.0730271124393354,1.932352844743382,96,1917.0,1.0730271124393354
40810.0,96,2102.0,15.455882352941176,1.9904353716475423,96,96,2102.0,0.05643812035047768,1.0859999820214203,1.9904353716475423,96,2102.0,1.0859999820214203
40815.0,95,2169.0,15.948529411764707,1.8657582425580364,95,95,2169.0,0.048405656304446314,0.9636862597483598,1.8657582425580364,95,2169.0,0.9636862597483598
40820.0,96,2250.0,16.666666666666668,1.933525460283176,96,96,2202.0,0.06011395592395658,1.1464615868760952,1.933525460283176,96,2202.0,1.1464615868760952
40825.0,100,2460.0,17.956204379562045,1.9524124081262901,100,100,2460.0,0.06315733064408122,1.1624083068778601,1.9524124081262901,100,2460.0,1.1624083068778601
40830.0,101,2559.0,18.543478260869566,1.8265757839807861,101,101,2559.0,0.05098525528356608,0.9711427717695457,1.8265757839807861,101,2559.0,0.9711427717695457
40835.0,101,2566.0,18.86764705882353,1.750328875053713,101,101,2518.0,0.051759627567061005,0.9729163568339145,1.750328875053713,101,2518.0,0.9729163568339145
40840.0,99,2564.0,18.715328467153284,1.826630648947271,99,99,2564.0,0.055978540360979316,1.0359073496802365,1.826630648947271,99,2564.0,1.0359073496802365
40845.0,95,2503.0,18.27007299270073,1.9669115720962815,95,95,2503.0,0.05730057912494712,1.0858755060443797,1.9669115720962815,95,2503.0,1.0858755060443797
40850.0,92,2390.0,17.194244604316548,1.9507827676030283,92,92,2377.0,0.047871620599953084,0.9334227642276386,1.9507827676030283,92,2377.0,0.9334227642276386
40855.0,88,2260.0,16.496350364963504,2.1226244049579317,88,88,2260.0,0.06455831103290159,1.1977284145909672,2.1226244049579317,88,2260.0,1.1977284145909672
40860.0,83,2105.0,15.708955223880597,2.2538633402145853,83,83,2105.0,0.07724092745316347,1.4289582098115925,2.2538633402145853,83,2105.0,1.4289582098115925
40865.0,80,1870.0,13.64963503649635,2.2570002472514825,80,80,1870.0,0.07653724824964876,1.4160147264002483,2.2570002472514825,80,1870.0,1.4160147264002483
40870.0,76,1577.0,11.510948905109489,2.5408110253362297,76,76,1559.0,0.08317767681385921,1.5896280669373706,2.5408110253362297,76,1559.0,1.5896280669373706
40875.0,72,1260.0,9.264705882352942,2.577121668007349,72,72,1260.0,0.09043578112662169,1.720967541348802,2.577121668007349,72,1260.0,1.720967541348802
40880.0,68,844.0,6.2518518518518515,2.760914612009352,68,68,844.0,0.09344566965950224,1.820859472802533,2.760914612009352,68,844.0,1.820859472802533
40885.0,73,723.0,5.3161764705882355,2.7047784136170625,73,73,663.0,0.08922221273604833,1.7167403072315404,2.7047784136170625,73,663.0,1.7167403072315404
40890.0,78,876.0,6.3478260869565215,2.8894473804905076,78,78,876.0,0.0949036802948938,1.8097516825534485,2.8894473804905076,78,876.0,1.8097516825534485
40895.0,83,1010.0,7.481481481481482,2.3889135826772248,83,83,1010.0,0.07357077966130253,1.4166186771694862,2.3889135826772248,83,1010.0,1.4166186771694862
40900.0,86,1103.0,8.05109489051095,2.223509011636063,86,86,1075.0,0.061196811616318576,1.150307289446335,2.223509011636063,86,1075.0,1.150307289446335
40905.0,82,1195.0,8.722627737226277,2.613738401899706,82,82,1195.0,0.08033416315400718,1.4764181835250474,2.613738401899706,82,1195.0,1.4764181835250474
40910.0,79,1210.0,8.768115942028986,2.4996019286118187,79,79,1210.0,0.0680315953889545,1.287748948647304,2.4996019286118187,79,1210.0,1.287748948647304
40915.0,79,1204.0,8.852941176470589,2.601477541788219,79,79,1176.0,0.07759826920251088,1.444777218696576,2.601477541788219,79,1176.0,1.444777218696576
40920.0,79,1211.0,8.97037037037037,2.682582473058306,79,79,1211.0,0.08979019991832633,1.6236601512816935,2.682582473058306,79,1211.0,1.6236601512816935
40925.0,86,1218.0,8.826086956521738,2.317768315447367,86,86,1218.0,0.06758850562837676,1.2779431435098738,2.317768315447367,86,1218.0,1.2779431435098738
40930.0,92,1363.0,9.876811594202898,2.232656642070522,92,92,1284.0,0.06268282581769796,1.1803714123524158,2.232656642070522,92,1284.0,1.1803714123524158
40935.0,96,1535.0,11.123188405797102,2.080739688121987,96,96,1535.0,0.05810940949637058,1.1264892473118306,2.080739688121987,96,1535.0,1.1264892473118306
40940.0,95,1586.0,11.661764705882353,1.9414194199788233,95,95,1586.0,0.05213234695299249,1.0651816939890684,1.9414194199788233,95,1586.0,1.0651816939890684
40945.0,94,1690.0,12.335766423357665,1.998116123509852,94,94,1647.0,0.06225263461031823,1.1904032258064472,1.998116123509852,94,1647.0,1.1904032258064472
40950.0,92,1850.0,13.602941176470589,2.1842791606772236,92,92,1850.0,0.07511138343141303,1.3980147113510466,2.1842791606772236,92,1850.0,1.3980147113510466
40955.0,92,1880.0,14.029850746268657,1.9935894686607578,92,92,1880.0,0.06598378436337214,1.248409540541232,1.9935894686607578,92,1880.0,1.248409540541232
40960.0,91,1859.0,13.77037037037037,1.92471615028535,91,91,1816.0,0.05998288852410281,1.1151844262294932,1.92471615028535,91,1816.0,1.1151844262294932
40965.0,92,2020.0,14.962962962962964,2.1550842102163315,92,92,2020.0,0.07121903126440432,1.2956360901153545,2.1550842102163315,92,2020.0,1.2956360901153545
40970.0,98,2134.0,15.46376811594203,1.8506067708660698,98,98,2134.0,0.04992365762279693,0.912438320453903,1.8506067708660698,98,2134.0,0.912438320453903
40975.0,99,2174.0,15.86861313868613,1.7958340015979393,99,99,2131.0,0.04829788548164505,0.8528861158622839,1.7958340015979393,99,2131.0,0.8528861158622839
40980.0,96,2209.0,16.124087591240876,2.075741085949046,96,96,2209.0,0.06399260923529694,1.1230809602483867,2.075741085949046,96,2209.0,1.1230809602483867
40985.0,93,2145.0,15.543478260869565,1.9440188658178685,93,93,2145.0,0.05900247744561847,1.036006975234455,1.9440188658178685,93,2145.0,1.036006975234455
40990.0,92,2138.0,15.605839416058394,2.1723847557671085,92,92,2110.0,0.06416756183584442,1.1902167114851323,2.1723847557671085,92,2110.0,1.1902167114851323
40995.0,92,2148.0,15.453237410071942,2.2996163670220833,92,92,2148.0,0.0681380808809532,1.2583261504471757,2.2996163670220833,92,2148.0,1.2583261504471757
41000.0,94,2124.0,15.503649635036496,2.159317373495261,93,94,2123.0,0.058640617851033,1.1366825891862524,2.159317373495261,93,2123.0,1.1366825891862524
41005.0,95,2138.0,15.720588235294118,2.0956485726673937,95,95,2101.0,0.06172405969536212,1.19480732300114,2.0956485726673937,95,2101.0,1.19480732300114
41010.0,95,2157.0,15.977777777777778,2.021088157577626,95,95,2157.0,0.054562315304699134,1.0740702443273051,2.021088157577626,95,2157.0,1.0740702443273051
41015.0,93,2159.0,15.992592592592592,2.141871705400563,93,93,2159.0,0.060686714448918676,1.197381758985518,2.141871705400563,93,2159.0,1.197381758985518
41020.0,96,2245.0,16.50735294117647,1.947216476381061,96,96,2232.0,0.0544082982142088,1.035134982522883,1.947216476381061,96,2232.0,1.035134982522883
41025.0,102,2663.0,19.580882352941178,1.919731525557439,102,102,2663.0,0.053043348638607955,0.9996773266396302,1.919731525557439,102,2663.0,0.9996773266396302
41030.0,109,3016.0,22.014598540145986,1.4558803753015932,109,109,3016.0,0.03278982746088772,0.6204296239038544,1.4558803753015932,109,3016.0,0.6204296239038544
41035.0,111,3266.0,24.192592592592593,1.321033043093119,111,111,3208.0,0.03119257445283568,0.5844523468393049,1.321033043093119,111,3208.0,0.5844523468393049
41040.0,108,3511.0,25.816176470588236,1.6174032192274441,108,108,3511.0,0.045375814864674104,0.8182033983420068,1.6174032192274441,108,3511.0,0.8182033983420068
41045.0,105,3564.0,26.014598540145986,1.4913430965373644,105,105,3564.0,0.036960542153550685,0.6957366122181017,1.4913430965373644,105,3564.0,0.6957366122181017
41050.0,101,3479.0,25.96268656716418,1.6771165205204166,101,101,3421.0,0.05044692503548342,0.9245053273072193,1.6771165205204166,101,3421.0,0.9245053273072193
41055.0,98,3370.0,24.962962962962962,1.8928032610527885,98,98,3370.0,0.0627659019481134,1.120736263329414,1.8928032610527885,98,3370.0,1.120736263329414
41060.0,93,3196.0,23.850746268656717,1.974803836312275,93,93,3196.0,0.06484754704437104,1.1959967146200925,1.974803836312275,93,3196.0,1.1959967146200925
41065.0,91,2972.0,21.852941176470587,2.0452980470253226,91,91,2959.0,0.05835685397963306,1.1284606185403128,2.0452980470253226,91,2959.0,1.1284606185403128
41070.0,85,2726.0,20.044117647058822,2.262101777726468,85,85,2726.0,0.06904065393431699,1.309068818385915,2.262101777726468,85,2726.0,1.309068818385915
41075.0,81,2461.0,18.365671641791046,2.484753557731847,81,81,2461.0,0.08526764827822317,1.5880280622920102,2.484753557731847,81,2461.0,1.5880280622920102
41080.0,78,2065.0,15.296296296296296,2.2931879936636514,78,78,2065.0,0.07401909348292983,1.426058649932486,2.2931879936636514,78,2065.0,1.426058649932486
41085.0,78,1758.0,13.318181818181818,2.196086199894197,78,78,1713.0,0.0756710415965658,1.4710453301355697,2.196086199894197,78,1713.0,1.4710453301355697
41090.0,77,1463.0,10.917910447761194,2.3059008958123624,77,77,1463.0,0.08121637908463099,1.5201396987933475,2.3059008958123624,77,1463.0,1.5201396987933475
41095.0,77,1208.0,9.082706766917294,2.2711480795392807,77,77,1208.0,0.08081421867008097,1.4690763474783488,2.2711480795392807,77,1208.0,1.4690763474783488
41100.0,77,1296.0,9.74436090225564,2.4647074995146787,77,77,1283.0,0.0810236817010178,1.5077463130716344,2.4647074995146787,77,1283.0,1.5077463130716344
41105.0,83,1542.0,11.422222222222222,2.3926223263891515,83,83,1542.0,0.07688945044384082,1.4086491314197966,2.3926223263891515,83,1542.0,1.4086491314197966
41110.0,84,1652.0,12.237037037037037,2.3138783327687524,84,84,1652.0,0.0655975023542025,1.2431909460552066,2.3138783327687524,84,1652.0,1.2431909460552066
41115.0,83,1663.0,12.138686131386862,2.4210544236218605,83,83,1615.0,0.06904663286956109,1.283248862962112,2.4210544236218605,83,1615.0,1.283248862962112
41120.0,80,1669.0,12.272058823529411,2.647544877752649,80,80,1669.0,0.08674286153187181,1.5711865284771893,2.647544877752649,80,1669.0,1.5711865284771893
41125.0,78,1629.0,11.804347826086957,2.7046154742858737,78,78,1629.0,0.08432152514199574,1.5793455532947647,2.7046154742858737,78,1629.0,1.5793455532947647
41130.0,81,1695.0,12.372262773722628,2.6749674931873906,81,81,1668.0,0.08200971897683354,1.5342625322985006,2.6749674931873906,81,1668.0,1.5342625322985006
41135.0,86,1790.0,13.25925925925926,2.5580333297418143,86,86,1790.0,0.08358937985810078,1.5231553241517075,2.5580333297418143,86,1790.0,1.5231553241517075
41140.0,90,1816.0,13.159420289855072,2.2309168507242334,90,90,1816.0,0.059870959891445336,1.1140273574603734,2.2309168507242334,90,1816.0,1.1140273574603734
41145.0,87,1779.0,13.177777777777777,2.1486895626169216,87,87,1751.0,0.06715501837725611,1.2214275749803443,2.1486895626169216,87,1751.0,1.2214275749803443
41150.0,84,1729.0,12.528985507246377,2.332515012838811,84,84,1729.0,0.07614432858244721,1.3372469055729765,2.332515012838811,84,1729.0,1.3372469055729765
41155.0,82,1675.0,12.226277372262773,2.543656664024497,82,82,1675.0,0.08211263677985625,1.4641388949356633,2.543656664024497,82,1675.0,1.4641388949356633
41160.0,78,1529.0,11.325925925925926,2.745887408785606,78,78,1529.0,0.09378527542387978,1.6970891426320247,2.745887408785606,78,1529.0,1.6970891426320247
41165.0,79,1430.0,10.514705882352942,2.521112316767855,79,79,1397.0,0.07882508971992236,1.4604762101097883,2.521112316767855,79,1397.0,1.4604762101097883
41170.0,84,1511.0,10.94927536231884,2.755993269478634,84,84,1511.0,0.08894400179551186,1.638500383562792,2.755993269478634,84,1511.0,1.638500383562792
41175.0,85,1545.0,11.035714285714286,2.4835461244784733,85,85,1545.0,0.07038278003197512,1.342466386932587,2.4835461244784733,85,1545.0,1.342466386932587
41180.0,89,1659.0,12.021739130434783,2.468556472131907,89,89,1631.0,0.07306506730349772,1.3936070940175749,2.468556472131907,89,1631.0,1.3936070940175749
41185.0,92,1784.0,13.021897810218977,2.452347358304054,92,92,1784.0,0.08126109757567813,1.5149405816511528,2.452347358304054,92,1784.0,1.5149405816511528
41190.0,88,1815.0,13.345588235294118,2.399550219127092,88,88,1815.0,0.07125273311138793,1.3622224197602337,2.399550219127092,88,1815.0,1.3622224197602337
41195.0,83,1765.0,13.074074074074074,2.6448382697771353,83,83,1737.0,0.08547048804874845,1.6088000826288147,2.6448382697771353,83,1737.0,1.6088000826288147
41200.0,80,1694.0,12.548148148148147,2.548695735108076,80,80,1694.0,0.0827942994939014,1.5550634896150495,2.548695735108076,80,1694.0,1.5550634896150495
41205.0,77,1573.0,11.738805970149254,2.581663833875336,77,77,1573.0,0.08260869080212498,1.6065835703842948,2.581663833875336,77,1573.0,1.6065835703842948
41210.0,78,1484.0,10.992592592592592,2.432426602119326,78,78,1456.0,0.07861951540462332,1.4516344378170833,2.432426602119326,78,1456.0,1.4516344378170833
41215.0,80,1467.0,10.866666666666667,2.513345715649433,80,80,1467.0,0.08411934364847747,1.5035412174780955,2.513345715649433,80,1467.0,1.5035412174780955
41220.0,82,1543.0,11.345588235294118,2.544145331264327,82,82,1543.0,0.07560580132416032,1.3953690424537957,2.544145331264327,82,1543.0,1.3953690424537957
41225.0,88,1671.0,12.108695652173912,2.293336683975608,88,88,1656.0,0.059749894822741165,1.1068625038464484,2.293336683975608,88,1656.0,1.1068625038464484
41230.0,91,1823.0,13.306569343065693,2.3409625081824137,91,91,1823.0,0.06697934877009866,1.2188704276871998,2.3409625081824137,91,1823.0,1.2188704276871998
41235.0,92,1933.0,14.007246376811594,2.1643139523430057,92,92,1933.0,0.05929962142509593,1.1012714451831587,2.1643139523430057,92,1933.0,1.1012714451831587
41240.0,89,2007.0,14.543478260869565,2.3549124796418304,89,89,1994.0,0.06688937758775919,1.2308400553559495,2.3549124796418304,89,1994.0,1.2308400553559495
41245.0,86,2062.0,15.161764705882353,2.479421500122617,86,86,2062.0,0.08547780153866383,1.5812430057218787,2.479421500122617,86,2062.0,1.5812430057218787
41250.0,81,2109.0,15.738805970149254,2.3913640905394167,81,81,2109.0,0.07796664080466795,1.503155129671627,2.3913640905394167,81,2109.0,1.503155129671627
41255.0,83,2226.0,16.736842105263158,2.4434571481407747,83,83,2218.0,0.08116079352880337,1.501391848021333,2.4434571481407747,83,2218.0,1.501391848021333
41260.0,91,2531.0,18.748148148148147,2.113851041023383,91,91,2531.0,0.0700263975031483,1.2037333104743024,2.113851041023383,91,2531.0,1.2037333104743024
41265.0,101,2940.0,21.61764705882353,1.9029634247988998,101,101,2940.0,0.05155334485330488,0.9419251197199441,1.9029634247988998,101,2940.0,0.9419251197199441
41270.0,107,3384.0,25.066666666666666,1.5440969308151706,107,107,3384.0,0.03275344690912038,0.6382635102517763,1.5440969308151706,107,3384.0,0.6382635102517763
41275.0,109,3845.0,28.69402985074627,1.298818044046305,109,109,3845.0,0.03311946936770086,0.6193500948465261,1.298818044046305,109,3845.0,0.6193500948465261
41280.0,110,4320.0,32.23880597014925,1.391940433520048,110,110,4320.0,0.03755535422003898,0.7040839658142638,1.391940433520048,110,4320.0,0.7040839658142638
41285.0,108,4690.0,34.48529411764706,1.2740225946654562,108,108,4690.0,0.033712213514808034,0.6362133670202552,1.2740225946654562,108,4690.0,0.6362133670202552
41290.0,108,5055.0,37.723880597014926,1.3281602639546413,108,108,5022.0,0.046497669315365066,0.852062573369457,1.3281602639546413,108,5022.0,0.852062573369457
41295.0,109,5421.0,40.15555555555556,1.3023655132927092,109,109,5421.0,0.04748227316927003,0.8300399243721307,1.3023655132927092,109,5421.0,0.8300399243721307
41300.0,106,5765.0,42.7037037037037,1.4555987306878524,106,106,5765.0,0.0497323283399912,0.9048496500751779,1.4555987306878524,106,5765.0,0.9048496500751779
41305.0,109,6125.0,44.70802919708029,1.6206742253116369,109,109,6114.0,0.053156137019281194,0.9405211954518848,1.6206742253116369,109,6114.0,0.9405211954518848
41310.0,107,6485.0,47.68382352941177,1.6037925248115659,107,107,6485.0,0.054332428235914026,0.9351147862044061,1.6037925248115659,107,6485.0,0.9351147862044061
41315.0,105,6513.0,48.6044776119403,1.5569514653703205,105,105,6513.0,0.04662828549127498,0.8477234856961615,1.5569514653703205,105,6513.0,0.8477234856961615
41320.0,101,6301.0,47.02238805970149,1.5811577492795164,101,101,6193.0,0.049759059674374745,0.9100208300719136,1.5811577492795164,101,6193.0,0.9100208300719136
41325.0,98,6073.0,45.32089552238806,1.808338330479537,98,98,6073.0,0.059603455563973756,1.0861369382040194,1.808338330479537,98,6073.0,1.0861369382040194
41330.0,95,5820.0,43.111111111111114,1.8040914897467784,95,95,5820.0,0.054999845577123584,1.028377743763336,1.8040914897467784,95,5820.0,1.028377743763336
41335.0,96,5648.0,41.837037037037035,1.8938653075273262,96,96,5644.0,0.05147503417317443,0.9660742158481517,1.8938653075273262,96,5644.0,0.9660742158481517
41340.0,101,5593.0,41.73880597014925,1.908036680851707,101,101,5593.0,0.052659683565899854,0.9866703754549951,1.908036680851707,101,5593.0,0.9866703754549951
41345.0,106,5563.0,40.904411764705884,1.6741523249139032,106,106,5563.0,0.041602703594011116,0.7949604713047566,1.6741523249139032,106,5563.0,0.7949604713047566
41350.0,104,4731.0,35.57142857142857,1.5810544166657754,104,104,4731.0,0.04364714898040488,0.8215664531561534,1.5810544166657754,104,4731.0,0.8215664531561534
41355.0,101,4408.0,32.65185185185185,1.8012202437878118,101,101,4082.0,0.052005973533426196,0.9715804355117246,1.8012202437878118,101,4082.0,0.9715804355117246
41360.0,103,4368.0,32.59701492537314,1.877341597076144,103,103,4368.0,0.057608356370253126,1.0563620945524992,1.877341597076144,103,4368.0,1.0563620945524992
41365.0,105,4327.0,32.53383458646616,1.6079069093022809,105,105,4327.0,0.048110255890784076,0.9136219934714355,1.6079069093022809,105,4327.0,0.9136219934714355
41370.0,103,4292.0,32.27067669172932,1.7944762388866584,103,103,4288.0,0.05111524869505618,0.9577662053824494,1.7944762388866584,103,4288.0,0.9577662053824494
41375.0,104,4263.0,32.541984732824424,1.7042447465836517,104,104,4263.0,0.05349078344876881,0.988241084924094,1.7042447465836517,104,4263.0,0.988241084924094
41380.0,103,4213.0,32.16030534351145,1.4850419191172073,103,103,4213.0,0.03830299266103851,0.6944533160850379,1.4850419191172073,103,4213.0,0.6944533160850379
41385.0,104,4481.0,33.946969696969695,1.5595239360157978,104,104,4433.0,0.0421773810519213,0.7560995384510013,1.5595239360157978,104,4433.0,0.7560995384510013
41390.0,104,4750.0,34.9264705882353,1.7717753492707602,104,104,4750.0,0.0513212865358195,0.9109932243437093,1.7717753492707602,104,4750.0,0.9109932243437093
41395.0,102,4724.0,34.73529411764706,1.6469365975751629,102,102,4724.0,0.04031247231499144,0.7580546641837689,1.6469365975751629,102,4724.0,0.7580546641837689
41400.0,99,4499.0,33.32592592592592,1.7809648291237286,99,99,4406.0,0.05008003768773721,0.941006817777938,1.7809648291237286,99,4406.0,0.941006817777938
41405.0,96,4261.0,30.8768115942029,2.056791625079459,96,96,4261.0,0.058686825531958774,1.0801044278182668,2.056791625079459,96,4261.0,1.0801044278182668
41410.0,93,3987.0,29.533333333333335,2.0333089900746026,93,93,3987.0,0.06264719467223598,1.164150340847008,2.0333089900746026,93,3987.0,1.164150340847008
41415.0,93,3727.0,27.607407407407408,2.010864079542825,93,93,3714.0,0.06223778915980385,1.111483492711301,2.010864079542825,93,3714.0,1.111483492711301
41420.0,94,3471.0,25.711111111111112,2.13928195377718,94,94,3471.0,0.06604498823362287,1.1956019500115758,2.13928195377718,94,3471.0,1.1956019500115758
41425.0,93,3120.0,23.11111111111111,2.1331430857154317,93,93,3120.0,0.062238696384721966,1.2012231929828838,2.1331430857154317,93,3120.0,1.2012231929828838
41430.0,88,2689.0,20.067164179104477,2.1971209544070236,88,88,2661.0,0.06773502886754468,1.2905859174026557,2.1971209544070236,88,2661.0,1.2905859174026557
41435.0,83,2239.0,16.708955223880597,2.5023880427330307,83,83,2239.0,0.08505881274614255,1.5731787023603048,2.5023880427330307,83,2239.0,1.5731787023603048
41440.0,81,1681.0,12.360294117647058,2.33655592516299,81,81,1681.0,0.06641665021066431,1.2875223378316578,2.33655592516299,81,1681.0,1.2875223378316578
41445.0,77,1239.0,9.246268656716419,2.6032542515400174,77,77,1211.0,0.07785982547161328,1.5130027275609113,2.6032542515400174,77,1211.0,1.5130027275609113
41450.0,79,1228.0,9.233082706766917,2.4023403942643915,79,79,1228.0,0.08356571527829496,1.5003151260504166,2.4023403942643915,79,1228.0,1.5003151260504166
41455.0,84,1337.0,9.977611940298507,2.4655679685678553,84,84,1337.0,0.08403078660404467,1.4884889796080114,2.4655679685678553,84,1337.0,1.4884889796080114
41460.0,85,1398.0,10.590909090909092,2.205333102023524,85,85,1398.0,0.06964021050750577,1.2921184140764588,2.205333102023524,85,1398.0,1.2921184140764588
41465.0,87,1528.0,11.235294117647058,2.273690462720667,87,87,1501.0,0.07093545361060559,1.303024926855877,2.273690462720667,87,1501.0,1.303024926855877
41470.0,89,1673.0,12.392592592592592,2.4200374433819127,89,89,1673.0,0.07900469270509539,1.4275309130323623,2.4200374433819127,89,1673.0,1.4275309130323623
41475.0,89,1818.0,13.466666666666667,2.421765631373304,89,89,1818.0,0.07616702326067483,1.3845626032477385,2.421765631373304,89,1818.0,1.3845626032477385
41480.0,88,1706.0,12.73134328358209,2.4809343620961952,88,88,1706.0,0.07796174308988492,1.4079885074303313,2.4809343620961952,88,1706.0,1.4079885074303313
41485.0,89,1842.0,13.746268656716419,2.4185317684360608,89,89,1729.0,0.07247026573424331,1.3609314079359522,2.4185317684360608,89,1729.0,1.3609314079359522
41490.0,90,2037.0,15.31578947368421,2.402312611996554,90,90,2037.0,0.07645783108284145,1.3816814947628067,2.402312611996554,90,2037.0,1.3816814947628067
41495.0,96,2452.0,18.43609022556391,2.263191241605308,96,96,2452.0,0.06986444424226308,1.2576156017297797,2.263191241605308,96,2452.0,1.2576156017297797
41500.0,106,2961.0,22.097014925373134,1.809880905303309,106,106,2957.0,0.05052623674358294,0.897538208143178,1.809880905303309,106,2957.0,0.897538208143178
41505.0,113,3510.0,26.19402985074627,1.452205932739387,113,113,3510.0,0.027286239982694457,0.5104716884793712,1.452205932739387,113,3510.0,0.5104716884793712
41510.0,113,3869.0,28.87313432835821,1.3110151733533602,113,113,3869.0,0.021265239865463057,0.4068782829194439,1.3110151733533602,113,3869.0,0.4068782829194439
41515.0,110,4078.0,30.661654135338345,1.3565935659153951,110,110,4010.0,0.03156873973952591,0.5636015859348933,1.3565935659153951,110,4010.0,0.5636015859348933
41520.0,106,4268.0,32.58015267175573,1.5305541948293357,106,106,4268.0,0.04677508971833747,0.8147009341478094,1.5305541948293357,106,4268.0,0.8147009341478094
41525.0,102,4436.0,33.60606060606061,1.6748684265359817,102,102,4436.0,0.050834884093017486,0.9371921042147943,1.6748684265359817,102,4436.0,0.9371921042147943
41530.0,98,4374.0,33.38931297709924,1.848915326322876,98,98,4374.0,0.06120303230264961,1.1170828242973865,1.848915326322876,98,4374.0,1.1170828242973865
41535.0,93,4149.0,31.195488721804512,2.0181916905397395,93,93,4081.0,0.06311192685866868,1.1675607857377124,2.0181916905397395,93,4081.0,1.1675607857377124
41540.0,89,3904.0,29.801526717557252,2.27937358397061,89,89,3904.0,0.0788171335621915,1.4794050380001447,2.27937358397061,89,3904.0,1.4794050380001447
41545.0,87,3578.0,27.106060606060606,2.3013258203412925,87,87,3578.0,0.0779184477989612,1.486003392177299,2.3013258203412925,87,3578.0,1.486003392177299
41550.0,85,3303.0,25.213740458015266,2.3946101707314305,85,85,3274.0,0.07686336061460032,1.4916716163813102,2.3946101707314305,85,3274.0,1.4916716163813102
41555.0,86,3033.0,23.33076923076923,2.448224109592363,86,86,3033.0,0.08295813031534029,1.5693383527862104,2.448224109592363,86,3033.0,1.5693383527862104
41560.0,84,2669.0,20.21969696969697,2.3290778933964233,84,84,2669.0,0.06772125270450778,1.2677099929578792,2.3290778933964233,84,2669.0,1.2677099929578792
41565.0,80,2228.0,17.00763358778626,2.576667566894933,80,80,2200.0,0.0769259483408985,1.458941867273592,2.576667566894933,80,2200.0,1.458941867273592
41570.0,75,1765.0,13.270676691729323,2.7801021970378677,75,75,1765.0,0.08595724021433652,1.6027505585015633,2.7801021970378677,75,1765.0,1.6027505585015633
41575.0,74,1292.0,9.714285714285714,2.7861402010216008,74,74,1292.0,0.08571862696510794,1.5627567005115957,2.7861402010216008,74,1292.0,1.5627567005115957
41580.0,79,1279.0,9.763358778625955,2.7523919741525353,79,79,1210.0,0.0863262206120284,1.5669657315827878,2.7523919741525353,79,1210.0,1.5669657315827878
41585.0,88,1517.0,11.406015037593985,2.319751443171363,88,88,1517.0,0.06476218329376754,1.2071907587465327,2.319751443171363,88,1517.0,1.2071907587465327
41590.0,93,1803.0,13.763358778625955,2.10346196045442,93,93,1803.0,0.0497536692604138,0.9886237580071805,2.10346196045442,93,1803.0,0.9886237580071805
41595.0,97,2133.0,16.15909090909091,1.9248156269289556,97,97,2118.0,0.050056508377933004,0.930542372881357,1.9248156269289556,97,2118.0,0.930542372881357
41600.0,100,2477.0,18.908396946564885,1.8626329543273026,100,100,2477.0,0.05554071128097328,0.9923160990262865,1.8626329543273026,100,2477.0,0.9923160990262865
41605.0,101,2737.0,20.734848484848484,1.6960526221796375,101,101,2737.0,0.0434881707829507,0.8367497023633101,1.6960526221796375,101,2737.0,0.8367497023633101
41610.0,97,2928.0,22.35114503816794,1.7154518245712025,97,97,2900.0,0.05181611675947205,0.9611520784190685,1.7154518245712025,97,2900.0,0.9611520784190685
41615.0,93,3103.0,23.869230769230768,2.0110953290894154,93,93,3103.0,0.07274976516743281,1.2930973339800078,2.0110953290894154,93,3103.0,1.2930973339800078
41620.0,88,3052.0,23.297709923664122,1.915579317265624,88,88,3052.0,0.06105501821350498,1.149779112750011,1.915579317265624,88,3052.0,1.149779112750011
41625.0,87,2893.0,22.426356589147286,2.0012689597374096,87,87,2820.0,0.0655012660086488,1.2318661721997073,2.0012689597374096,87,2820.0,1.2318661721997073
41630.0,87,2803.0,21.234848484848484,2.115729877661845,87,87,2803.0,0.0702795789783396,1.2636451601976273,2.115729877661845,87,2803.0,1.2636451601976273
41635.0,89,2675.0,20.112781954887218,2.044998334798398,89,89,2675.0,0.06106303171843557,1.1525141482818915,2.044998334798398,89,2675.0,1.1525141482818915
41640.0,86,2506.0,18.984848484848484,2.1155224334830747,86,86,2493.0,0.06015951518853089,1.1425352017189638,2.1155224334830747,86,2493.0,1.1425352017189638
41645.0,85,2324.0,17.214814814814815,2.073732769201225,85,85,2324.0,0.06433565847133599,1.223811475409828,2.073732769201225,85,2324.0,1.223811475409828
41650.0,82,2047.0,15.162962962962963,2.1765932867490734,82,82,2047.0,0.06456740265576716,1.2538988680458802,2.1765932867490734,82,2047.0,1.2538988680458802
41655.0,81,1839.0,13.423357664233576,2.221707213455259,81,81,1800.0,0.06400755086588146,1.266681414120804,2.221707213455259,81,1800.0,1.266681414120804
41660.0,82,1643.0,12.261194029850746,2.232685038950047,82,82,1643.0,0.07456799300861366,1.4091649014993952,2.232685038950047,82,1643.0,1.4091649014993952
41665.0,82,1398.0,10.432835820895523,2.0986516481075586,82,82,1398.0,0.07484590422489197,1.3785522123812672,2.0986516481075586,82,1398.0,1.3785522123812672
41670.0,78,1185.0,8.909774436090226,2.282294072090229,78,78,1171.0,0.08558017068055239,1.5405418845326637,2.282294072090229,78,1171.0,1.5405418845326637
41675.0,78,1277.0,9.601503759398497,2.438408423643884,78,78,1277.0,0.09120259948178493,1.6494785640384984,2.438408423643884,78,1277.0,1.6494785640384984
41680.0,85,1390.0,10.220588235294118,2.02989512892646,85,85,1390.0,0.06295685741343209,1.1720657047115697,2.02989512892646,85,1390.0,1.1720657047115697
41685.0,86,1430.0,10.671641791044776,1.9375019143452632,86,86,1387.0,0.06347436810264079,1.1433916116059804,1.9375019143452632,86,1387.0,1.1433916116059804
41690.0,84,1470.0,10.808823529411764,2.105474103336806,84,84,1470.0,0.07098894726819821,1.2473692218718802,2.105474103336806,84,1470.0,1.2473692218718802
41695.0,82,1432.0,10.529411764705882,2.199593610762706,82,82,1432.0,0.06953550061543425,1.2529240709250482,2.199593610762706,82,1432.0,1.2529240709250482
41700.0,82,1486.0,10.926470588235293,2.363017377202567,82,82,1459.0,0.06878506638202879,1.2827707119053542,2.363017377202567,82,1459.0,1.2827707119053542
41705.0,87,1601.0,11.601449275362318,2.2383614526314375,87,87,1601.0,0.06668878616411625,1.2076043975415818,2.2383614526314375,87,1601.0,1.2076043975415818
41710.0,89,1650.0,11.870503597122303,2.254894743042367,89,89,1650.0,0.06213501223632369,1.1238611545380255,2.254894743042367,89,1650.0,1.1238611545380255
41715.0,87,1634.0,11.67142857142857,2.376394061131948,87,87,1606.0,0.06874162824431836,1.2182761357061576,2.376394061131948,87,1606.0,1.2182761357061576
41720.0,84,1607.0,11.816176470588236,2.509127969153417,84,84,1607.0,0.0843243124572366,1.4896224235881006,2.509127969153417,84,1607.0,1.4896224235881006
41725.0,82,1414.0,10.246376811594203,2.601103264414629,82,82,1414.0,0.07872571498861433,1.4797186124789907,2.601103264414629,82,1414.0,1.4797186124789907
41730.0,83,1386.0,10.116788321167883,2.6454365819239265,83,83,1288.0,0.07891683852718538,1.4738025527501963,2.6454365819239265,83,1288.0,1.4738025527501963
41735.0,89,1528.0,11.235294117647058,2.4706803675250257,89,89,1528.0,0.08030896112265364,1.4691116014650734,2.4706803675250257,89,1528.0,1.4691116014650734
41740.0,95,1811.0,13.123188405797102,1.9974863075178226,95,95,1811.0,0.046773984866874806,0.8885025338082128,1.9974863075178226,95,1811.0,0.8885025338082128
41745.0,103,2163.0,16.022222222222222,1.7206213380152968,103,103,2145.0,0.045901846838772874,0.8223530271182317,1.7206213380152968,103,2145.0,0.8223530271182317
41750.0,107,2541.0,18.822222222222223,1.5347013699656458,107,107,2541.0,0.04195675123403971,0.7461095360698248,1.5347013699656458,107,2541.0,0.7461095360698248
41755.0,105,2833.0,20.985185185185184,1.5439710913648685,105,105,2833.0,0.03426898625306805,0.6722114253938708,1.5439710913648685,105,2833.0,0.6722114253938708
41760.0,100,3043.0,22.8796992481203,1.645153102927818,100,100,3015.0,0.04794342867258892,0.8966647887315563,1.645153102927818,100,3015.0,0.8966647887315563
41765.0,97,3232.0,23.764705882352942,1.8679296366041815,97,97,3232.0,0.05691102273469076,1.056592109380751,1.8679296366041815,97,3232.0,1.056592109380751
41770.0,92,3403.0,25.20740740740741,2.199784510018039,92,92,3403.0,0.06915441275959298,1.308598115440565,2.199784510018039,92,3403.0,1.308598115440565
41775.0,89,3359.0,24.698529411764707,2.259598080457566,89,89,3359.0,0.07439077968401071,1.345680587677194,2.259598080457566,89,3359.0,1.345680587677194
41780.0,90,3259.0,24.50375939849624,2.2369804174081005,90,90,3181.0,0.07066826392014777,1.356196954670386,2.2369804174081005,90,3181.0,1.356196954670386
41785.0,92,3158.0,23.220588235294116,2.351057188647446,92,92,3158.0,0.07869149726133058,1.4790873441439154,2.351057188647446,92,3158.0,1.4790873441439154
41790.0,88,3006.0,21.94160583941606,2.387472420551266,88,88,3006.0,0.07501890062954254,1.4576499745816431,2.387472420551266,88,3006.0,1.4576499745816431
41795.0,86,2812.0,20.3768115942029,2.4042603146064656,86,86,2799.0,0.06767552125166816,1.3479649078313058,2.4042603146064656,86,2799.0,1.3479649078313058
41800.0,85,2609.0,18.635714285714286,2.417502304789254,85,85,2609.0,0.06941334407103586,1.3238360655737627,2.417502304789254,85,2609.0,1.3238360655737627
41805.0,81,2306.0,16.83211678832117,2.3862385859497732,81,81,2306.0,0.07444186937718195,1.3897817415319937,2.3862385859497732,81,2306.0,1.3897817415319937
41810.0,81,2069.0,15.102189781021897,2.1988367920162033,81,81,2031.0,0.06576944728557599,1.2607722985742427,2.1988367920162033,81,2031.0,1.2607722985742427
41815.0,81,1846.0,13.674074074074074,2.3193864930726007,81,81,1846.0,0.07457522405341328,1.4184293455379755,2.3193864930726007,81,1846.0,1.4184293455379755
41820.0,80,1623.0,12.203007518796992,2.2180810432504483,80,80,1623.0,0.07406561214569528,1.4024440136142227,2.2180810432504483,80,1623.0,1.4024440136142227
41825.0,82,1471.0,10.737226277372264,2.275445051416252,82,82,1457.0,0.07673577784594557,1.40103788701561,2.275445051416252,82,1457.0,1.40103788701561
41830.0,83,1408.0,10.352941176470589,2.3175166323606713,83,83,1408.0,0.0832127080113057,1.4824168803319924,2.3175166323606713,83,1408.0,1.4824168803319924
41835.0,81,1451.0,10.514492753623188,2.224770923521583,81,81,1451.0,0.06805399775770841,1.3260416975050153,2.224770923521583,81,1451.0,1.3260416975050153
41840.0,83,1479.0,10.875,2.246153307037689,83,83,1436.0,0.07382782176849118,1.4142491249580715,2.246153307037689,83,1436.0,1.4142491249580715
41845.0,86,1515.0,11.058394160583942,2.224849299524181,86,86,1515.0,0.07500346779425351,1.408730075043477,2.224849299524181,86,1515.0,1.408730075043477
41850.0,84,1505.0,10.827338129496402,2.2920986334828437,84,84,1505.0,0.07342599916584537,1.4077014973740127,2.2920986334828437,84,1505.0,1.4077014973740127
41855.0,85,1599.0,11.503597122302159,2.4057569594658226,85,85,1572.0,0.07029887620416499,1.3501315438320012,2.4057569594658226,85,1572.0,1.3501315438320012
41860.0,91,1733.0,12.378571428571428,2.2204148503821908,91,91,1733.0,0.06348888084051331,1.1757548230308523,2.2204148503821908,91,1733.0,1.1757548230308523
41865.0,94,1699.0,12.223021582733812,2.0539311570969696,93,94,1698.0,0.0553559472357915,1.0607618306829452,2.0539311570969696,93,1698.0,1.0607618306829452
41870.0,97,1868.0,13.342857142857143,1.9554978934491236,97,97,1748.0,0.046614630214141826,0.8955851120028026,1.9554978934491236,97,1748.0,0.8955851120028026
41875.0,98,2053.0,14.76978417266187,2.004258220404474,98,98,2053.0,0.051878750625523634,0.9969676153628418,2.004258220404474,98,2053.0,0.9969676153628418
41880.0,98,2238.0,16.100719424460433,2.0323433869960996,98,98,2238.0,0.04947400126812157,0.9775700973415524,2.0323433869960996,98,2238.0,0.9775700973415524
41885.0,99,2431.0,17.24113475177305,1.9939453950874875,99,99,2431.0,0.04618268145193053,0.8979150733387031,1.9939453950874875,99,2431.0,0.8979150733387031
41890.0,105,2718.0,19.414285714285715,1.9299306465168342,105,105,2708.0,0.051852183257145405,0.9782714101889768,1.9299306465168342,105,2708.0,0.9782714101889768
41895.0,110,3191.0,22.792857142857144,1.638381652689086,110,110,3191.0,0.04678676789569043,0.8177490832406085,1.638381652689086,110,3191.0,0.8177490832406085
41900.0,114,3562.0,25.62589928057554,1.4191288586097284,114,114,3562.0,0.03861120095762327,0.7025068885784311,1.4191288586097284,114,3562.0,0.7025068885784311
41905.0,117,3814.0,27.242857142857144,1.4253455051421013,117,117,3751.0,0.03781164020564033,0.6562404363848034,1.4253455051421013,117,3751.0,0.6562404363848034
41910.0,113,4061.0,29.007142857142856,1.5980779259327045,113,113,4061.0,0.047489032002582914,0.8205162870684118,1.5980779259327045,113,4061.0,0.8205162870684118
41915.0,110,4284.0,31.27007299270073,1.5610281483679176,110,110,4284.0,0.045667341591361606,0.8530812452060447,1.5610281483679176,110,4284.0,0.8530812452060447
41920.0,112,4511.0,32.45323741007194,1.4761664007012485,112,112,4508.0,0.03107037409015818,0.5908040244969359,1.4761664007012485,112,4508.0,0.5908040244969359
41925.0,112,4746.0,34.64233576642336,1.3842684193023709,112,112,4746.0,0.038293195305363924,0.7260623446628686,1.3842684193023709,112,4746.0,0.7260623446628686
41930.0,110,4736.0,34.31884057971015,1.3597012415758503,110,110,4736.0,0.03915424721923296,0.7253413959988176,1.3597012415758503,110,4736.0,0.7253413959988176
41935.0,106,4548.0,32.95652173913044,1.5246218286526205,106,106,4470.0,0.0430396970432519,0.8119363443198738,1.5246218286526205,106,4470.0,0.8119363443198738
41940.0,101,4338.0,31.664233576642335,1.698111839289797,101,101,4338.0,0.05475522813130105,1.0075251471646836,1.698111839289797,101,4338.0,1.0075251471646836
41945.0,99,4102.0,29.72463768115942,1.6192750702324061,99,99,4102.0,0.0541046055923767,1.0067126552824996,1.6192750702324061,99,4102.0,1.0067126552824996
41950.0,99,3872.0,28.057971014492754,1.855804641141585,99,99,3865.0,0.06084693088955094,1.1146259631487376,1.855804641141585,99,3865.0,1.1146259631487376
41955.0,100,3645.0,26.035714285714285,1.8165884570476871,100,100,3645.0,0.057790421488976874,1.0497076194555348,1.8165884570476871,100,3645.0,1.0497076194555348
41960.0,97,3280.0,23.597122302158272,1.9375200222797033,97,97,3280.0,0.057826702426851805,1.093820984942696,1.9375200222797033,97,3280.0,1.093820984942696
41965.0,96,2888.0,20.62857142857143,2.0893939627766023,96,96,2845.0,0.06453523078825259,1.223982955959183,2.0893939627766023,96,2845.0,1.223982955959183
41970.0,95,2735.0,19.818840579710145,2.1024992354977,95,95,2735.0,0.07087682322883432,1.3243884654975542,2.1024992354977,95,2735.0,1.3243884654975542
41975.0,96,2496.0,17.9568345323741,1.9885581711580218,96,96,2496.0,0.06111710617674457,1.1550976185356534,1.9885581711580218,96,2496.0,1.1550976185356534
41980.0,93,2188.0,15.408450704225352,2.0583051426096923,93,93,2160.0,0.056550349917122586,1.098573698904128,2.0583051426096923,93,2160.0,1.098573698904128
41985.0,92,1877.0,13.312056737588652,2.2320438192993133,92,92,1877.0,0.07082053391444061,1.311601471251511,2.2320438192993133,92,1877.0,1.311601471251511
41990.0,90,1676.0,11.80281690140845,2.1018500532805455,89,90,1675.0,0.06141993946759054,1.1540821054562862,2.1018500532805455,89,1675.0,1.1540821054562862
41995.0,89,1639.0,11.707142857142857,2.1713230792637717,89,89,1626.0,0.06382954717596513,1.220676775135382,2.1713230792637717,89,1626.0,1.220676775135382
42000.0,89,1624.0,11.768115942028986,2.081014366559863,89,89,1624.0,0.06353336103025017,1.1770474106635285,2.081014366559863,89,1624.0,1.1770474106635285
42005.0,89,1540.0,11.079136690647482,1.89917996369732,89,89,1540.0,0.05769387357352812,1.1121338206784035,1.89917996369732,89,1540.0,1.1121338206784035
42010.0,88,1516.0,10.985507246376812,2.0210244480661177,88,88,1484.0,0.062094861547202555,1.2329509403232846,2.0210244480661177,88,1484.0,1.2329509403232846
42015.0,89,1498.0,10.7,2.09256352511195,89,89,1498.0,0.06281919546594987,1.213267462917888,2.09256352511195,89,1498.0,1.213267462917888
42020.0,87,1434.0,10.316546762589928,2.2000734588836397,87,87,1434.0,0.07002370168056793,1.3579271094413077,2.2000734588836397,87,1434.0,1.3579271094413077
42025.0,86,1386.0,10.043478260869565,2.1010784600675985,86,86,1372.0,0.07328447749887694,1.3542004740354507,2.1010784600675985,86,1372.0,1.3542004740354507
42030.0,85,1496.0,10.762589928057555,2.362838574556967,85,85,1496.0,0.08307884530648992,1.4940625120081314,2.362838574556967,85,1496.0,1.4940625120081314
42035.0,86,1500.0,10.869565217391305,2.1644114795228253,86,86,1500.0,0.07333176681182332,1.3508501209499246,2.1644114795228253,86,1500.0,1.3508501209499246
42040.0,88,1536.0,10.893617021276595,2.088175655948703,88,88,1493.0,0.06303181279784434,1.1744048623649848,2.088175655948703,88,1493.0,1.1744048623649848
42045.0,90,1591.0,11.364285714285714,2.1282781132974784,90,90,1591.0,0.0696402630631671,1.2539008941110217,2.1282781132974784,90,1591.0,1.2539008941110217
42050.0,88,1604.0,11.375886524822695,1.9654777476759755,88,88,1604.0,0.06091518027380052,1.087019452687067,1.9654777476759755,88,1604.0,1.087019452687067
42055.0,86,1609.0,11.492857142857142,2.1118940941487776,86,86,1596.0,0.06097660222160298,1.1424422211872232,2.1118940941487776,86,1596.0,1.1424422211872232
42060.0,85,1642.0,11.728571428571428,2.2265128119557076,85,85,1642.0,0.06887551107569395,1.2906416359118946,2.2265128119557076,85,1642.0,1.2906416359118946
42065.0,87,1579.0,10.965277777777779,2.122260200320513,87,87,1579.0,0.058813258909344523,1.1407131733938822,2.122260200320513,87,1579.0,1.1407131733938822
42070.0,87,1607.0,11.316901408450704,2.090514293426953,87,87,1564.0,0.06448227916218148,1.2351407144571507,2.090514293426953,87,1564.0,1.2351407144571507
42075.0,89,1666.0,11.65034965034965,2.082261000037225,89,89,1666.0,0.06176849210498617,1.198132812583879,2.082261000037225,89,1666.0,1.198132812583879
42080.0,88,1675.0,11.795774647887324,2.179509362071552,88,88,1675.0,0.06693563834360226,1.3122635024372722,2.179509362071552,88,1675.0,1.3122635024372722
42085.0,87,1662.0,11.871428571428572,2.0712852429642155,87,87,1648.0,0.07448212533092395,1.3903379530508027,2.0712852429642155,87,1648.0,1.3903379530508027
42090.0,86,1706.0,12.185714285714285,2.296346893474381,86,86,1706.0,0.08517742183461549,1.5633260947130176,2.296346893474381,86,1706.0,1.5633260947130176
42095.0,87,1689.0,11.97872340425532,2.0655524605148643,87,87,1689.0,0.06665781471774361,1.2608999276809678,2.0655524605148643,87,1689.0,1.2608999276809678
42100.0,89,1738.0,12.23943661971831,1.9416074167583095,89,89,1695.0,0.06410616248829443,1.1589118989404632,1.9416074167583095,89,1695.0,1.1589118989404632
42105.0,91,1803.0,12.69718309859155,2.0978038483454378,91,91,1803.0,0.06958812186969879,1.207127601487474,2.0978038483454378,91,1803.0,1.207127601487474
42110.0,89,1790.0,12.430555555555555,2.0477756553251476,89,89,1790.0,0.060348097411688874,1.0761511354813371,2.0477756553251476,89,1790.0,1.0761511354813371
42115.0,89,1871.0,13.17605633802817,2.1498691889005555,89,89,1844.0,0.06310329031162165,1.1765671305449539,2.1498691889005555,89,1844.0,1.1765671305449539
42120.0,93,2020.0,14.225352112676056,2.2025413256227933,93,93,2020.0,0.06665584851158768,1.2105314162592444,2.2025413256227933,93,2020.0,1.2105314162592444
42125.0,96,2104.0,14.61111111111111,1.9125913329078061,96,96,2104.0,0.05036512307614331,0.9654666259278197,1.9125913329078061,96,2104.0,0.9654666259278197
42130.0,95,2128.0,14.675862068965516,2.193952078297715,95,95,2100.0,0.0614827288041212,1.188314114862296,2.193952078297715,95,2100.0,1.188314114862296
42135.0,91,2134.0,14.717241379310344,2.307987908355037,91,91,2134.0,0.07227686307054923,1.32721459425253,2.307987908355037,91,2134.0,1.32721459425253
42140.0,87,1646.0,11.51048951048951,2.3689410062386647,87,87,1646.0,0.0724735885700672,1.3858831721277802,2.3689410062386647,87,1646.0,1.3858831721277802
42145.0,90,1601.0,11.195804195804195,2.341870103700745,90,90,1385.0,0.07330478243585116,1.3884829235746643,2.341870103700745,90,1385.0,1.3884829235746643
42150.0,95,1685.0,11.783216783216783,2.228089175226409,95,95,1685.0,0.07412636187512686,1.398660064750504,2.228089175226409,95,1685.0,1.398660064750504
42155.0,96,1813.0,12.678321678321678,1.9870861441902388,96,96,1813.0,0.05260287669461771,1.0791602438579235,1.9870861441902388,96,1813.0,1.0791602438579235
42160.0,103,2160.0,14.794520547945206,1.9623289440862735,103,103,2135.0,0.04946422527294133,0.9445154411132135,1.9623289440862735,103,2135.0,0.9445154411132135
42165.0,111,2548.0,17.45205479452055,1.8343552490276682,111,111,2548.0,0.04541025675168654,0.8374455539728012,1.8343552490276682,111,2548.0,0.8374455539728012
42170.0,111,2863.0,19.60958904109589,1.7052512772777473,111,111,2863.0,0.03040823486603002,0.6122688375000881,1.7052512772777473,111,2863.0,0.6122688375000881
42175.0,106,3103.0,21.6993006993007,1.7395578240895027,106,106,3075.0,0.042204834862045064,0.798607170520571,1.7395578240895027,106,3075.0,0.798607170520571
42180.0,101,3318.0,23.53191489361702,1.907815478466141,101,101,3318.0,0.057008622350764586,1.020870119937628,1.907815478466141,101,3318.0,1.020870119937628
42185.0,98,3289.0,23.0,1.8802972694366409,98,98,3289.0,0.05079820017621473,0.9404585843840514,1.8802972694366409,98,3289.0,0.9404585843840514
42190.0,94,3139.0,21.95104895104895,2.224700615219062,94,94,3066.0,0.06481933612676727,1.1878731661460349,2.224700615219062,94,3066.0,1.1878731661460349
42195.0,95,3088.0,21.594405594405593,2.154249934734817,95,95,3088.0,0.06496567964533824,1.2012735140270185,2.154249934734817,95,3088.0,1.2012735140270185
42200.0,96,2997.0,20.958041958041957,2.130873349018963,96,96,2997.0,0.06529206847042943,1.2320298648482388,2.130873349018963,96,2997.0,1.2320298648482388
42205.0,96,2866.0,19.90277777777778,2.0146084050289197,96,96,2853.0,0.05751320337300676,1.1045703943153202,2.0146084050289197,96,2853.0,1.1045703943153202
42210.0,92,2724.0,18.916666666666668,2.135335677181331,92,92,2724.0,0.06662006188738875,1.2606693882834206,2.135335677181331,92,2724.0,1.2606693882834206
42215.0,90,2483.0,17.243055555555557,2.161910089602798,90,90,2483.0,0.06297639387476239,1.2278180007652533,2.161910089602798,90,2483.0,1.2278180007652533
42220.0,90,2316.0,16.083333333333332,1.9857718223828766,90,90,2276.0,0.05544519787678967,1.073523969160286,1.9857718223828766,90,2276.0,1.073523969160286
42225.0,91,2163.0,15.232394366197184,2.0528602747652016,91,91,2163.0,0.06088493776123223,1.1686128173025379,2.0528602747652016,91,2163.0,1.1686128173025379
42230.0,90,1934.0,13.619718309859154,1.9082691700046832,90,90,1934.0,0.05806995161995495,1.0881270776804768,1.9082691700046832,90,1934.0,1.0881270776804768
42235.0,93,1839.0,13.23021582733813,1.7855462351897204,93,93,1772.0,0.05647807394103736,1.0923955664775797,1.7855462351897204,93,1772.0,1.0923955664775797
42240.0,98,1864.0,13.410071942446043,1.6859183450938118,98,98,1797.0,0.04951953949686591,0.9627691208535727,1.6859183450938118,98,1797.0,0.9627691208535727
42245.0,102,1853.0,12.958041958041958,1.6145469071771552,102,102,1853.0,0.05094502743294762,0.933303365179076,1.6145469071771552,102,1853.0,0.933303365179076
42250.0,99,1971.0,13.6875,1.8286961108219353,99,99,1928.0,0.0539017509031624,1.008017539264349,1.8286961108219353,99,1928.0,1.008017539264349
42255.0,102,2168.0,14.748299319727892,1.9037790577751195,102,102,2168.0,0.05663018943114975,1.0237929390978533,1.9037790577751195,102,2168.0,1.0237929390978533
42260.0,102,2304.0,16.111888111888113,1.7560347253578765,102,102,2304.0,0.052062943315448695,1.0044870701336457,1.7560347253578765,102,2304.0,1.0044870701336457
42265.0,105,2539.0,17.755244755244757,1.7207910815468073,105,105,2512.0,0.051078108000366385,0.9861538550888483,1.7207910815468073,105,2512.0,0.9861538550888483
42270.0,107,2838.0,19.708333333333332,1.904070490478899,107,107,2838.0,0.05457759716783856,1.0643450757199868,1.904070490478899,107,2838.0,1.0643450757199868
42275.0,110,2976.0,20.81118881118881,1.667326444444792,110,110,2976.0,0.04164265046144698,0.8297610611551632,1.667326444444792,110,2976.0,0.8297610611551632
42280.0,110,2993.0,20.5,1.7269882440445232,110,110,2934.0,0.03996667486228034,0.7435496183206058,1.7269882440445232,110,2934.0,0.7435496183206058
42285.0,106,3000.0,20.97902097902098,1.8214449219571893,106,106,3000.0,0.058026896818807856,1.0327233362926163,1.8214449219571893,106,3000.0,1.0327233362926163
42290.0,101,2895.0,19.96551724137931,1.7639637846586804,101,101,2895.0,0.046078869482945865,0.8825076393372422,1.7639637846586804,101,2895.0,0.8825076393372422
42295.0,98,2711.0,18.82638888888889,1.9640675300156947,98,98,2683.0,0.05433433261827367,1.0596905806387367,1.9640675300156947,98,2683.0,1.0596905806387367
42300.0,93,2506.0,17.40277777777778,2.296260877336177,93,93,2506.0,0.06725077385846522,1.256087507154976,2.296260877336177,93,2506.0,1.256087507154976
42305.0,91,2240.0,15.342465753424657,2.2759582215067558,90,91,2239.0,0.061887868460351,1.213530277854269,2.2759582215067558,90,2239.0,1.213530277854269
42310.0,88,2075.0,14.51048951048951,2.266375910514031,88,88,2062.0,0.06241207512779908,1.2529101937065747,2.266375910514031,88,2062.0,1.2529101937065747
42315.0,89,1977.0,13.825174825174825,2.238426693110091,89,89,1977.0,0.06906805264261986,1.2860468749999971,2.238426693110091,89,1977.0,1.2860468749999971
42320.0,89,1802.0,12.871428571428572,2.083477565233739,89,89,1802.0,0.0667938599605527,1.279029096760144,2.083477565233739,89,1802.0,1.279029096760144
42325.0,90,1698.0,12.042553191489361,2.085466902204444,90,90,1662.0,0.06369363768241798,1.1797012060584828,2.085466902204444,90,1662.0,1.1797012060584828
42330.0,89,1603.0,11.45,2.154508951339255,89,89,1603.0,0.06876080776580802,1.287069210969676,2.154508951339255,89,1603.0,1.287069210969676
42335.0,88,1458.0,10.414285714285715,2.190238578168751,88,88,1458.0,0.0670622381682098,1.2941010868273808,2.190238578168751,88,1458.0,1.2941010868273808
42340.0,85,1330.0,9.5,2.197657368336677,85,85,1316.0,0.06954697040751993,1.2990827894930537,2.197657368336677,85,1316.0,1.2990827894930537
42345.0,88,1446.0,10.402877697841726,2.193776563007494,88,88,1446.0,0.07130670898264818,1.3603321472242684,2.193776563007494,88,1446.0,1.3603321472242684
42350.0,87,1434.0,10.098591549295774,2.0633591402732407,87,87,1434.0,0.056421524898379066,1.0954296497153646,2.0633591402732407,87,1434.0,1.0954296497153646
42355.0,87,1453.0,10.378571428571428,2.136061287601595,87,87,1410.0,0.06659976817906021,1.268017799646308,2.136061287601595,87,1410.0,1.268017799646308
42360.0,90,1506.0,10.83453237410072,2.015060206613847,90,90,1506.0,0.06542300049503949,1.216907982505172,2.015060206613847,90,1506.0,1.216907982505172
42365.0,89,1523.0,10.725352112676056,2.012214955018395,89,89,1523.0,0.061912281766458716,1.1659750181506139,2.012214955018395,89,1523.0,1.1659750181506139
42370.0,86,1524.0,10.885714285714286,2.102388042065823,86,86,1511.0,0.0652054261431579,1.254145531527933,2.102388042065823,86,1511.0,1.254145531527933
42375.0,87,1562.0,10.923076923076923,2.17074194265301,87,87,1562.0,0.06720740223694975,1.2874999999999965,2.17074194265301,87,1562.0,1.2874999999999965
42380.0,87,1495.0,10.528169014084508,2.124654891763761,87,87,1495.0,0.0681532186530015,1.314399683379465,2.124654891763761,87,1495.0,1.314399683379465
42385.0,90,1518.0,10.615384615384615,1.9270660148706238,90,90,1475.0,0.06088544439338619,1.1821746442812122,1.9270660148706238,90,1475.0,1.1821746442812122
42390.0,89,1578.0,11.034965034965035,2.167226404303552,89,89,1578.0,0.06851067111566386,1.323563371682461,2.167226404303552,89,1578.0,1.323563371682461
42395.0,89,1589.0,11.111888111888112,2.1954790596816123,89,89,1589.0,0.06735660412093493,1.2719040747615,2.1954790596816123,89,1589.0,1.2719040747615
42400.0,87,1582.0,10.910344827586206,2.2371304442087987,87,87,1568.0,0.06507035546171566,1.2373442712321734,2.2371304442087987,87,1568.0,1.2373442712321734
42405.0,88,1634.0,11.26896551724138,2.440877462148728,88,88,1634.0,0.07364630245307735,1.365919693614445,2.440877462148728,88,1634.0,1.365919693614445
42410.0,88,1579.0,11.119718309859154,2.05525189529856,88,88,1579.0,0.06061619923955881,1.1500376193912218,2.05525189529856,88,1579.0,1.1500376193912218
42415.0,88,1605.0,11.382978723404255,2.0913563450288306,88,88,1562.0,0.06439972232636136,1.2056809451792496,2.0913563450288306,88,1562.0,1.2056809451792496
42420.0,90,1665.0,11.892857142857142,2.015604343311392,90,90,1665.0,0.06731960579475721,1.1791095530886608,2.015604343311392,90,1665.0,1.1791095530886608
42425.0,90,1654.0,11.566433566433567,2.0122551550240035,90,90,1654.0,0.06165002022136998,1.1126177548809095,2.0122551550240035,90,1654.0,1.1126177548809095
42430.0,89,1729.0,12.17605633802817,2.225550887997005,89,89,1702.0,0.071083277400278,1.2678508229567005,2.225550887997005,89,1702.0,1.2678508229567005
42435.0,95,1882.0,13.069444444444445,2.2201671985313323,95,95,1882.0,0.07249934923788115,1.2555161700268813,2.2201671985313323,95,1882.0,1.2555161700268813
42440.0,98,1763.0,12.158620689655173,2.1462262288725262,97,98,1762.0,0.060826737981124444,1.084176066667488,2.1462262288725262,97,1762.0,1.084176066667488
42445.0,103,1952.0,13.555555555555555,1.920726359451785,103,103,1795.0,0.057380424869342125,1.0551701688013906,1.920726359451785,103,1795.0,1.0551701688013906
42450.0,101,2152.0,15.048951048951048,1.9434439291818932,101,101,2152.0,0.06017009922650745,1.0586302411629087,1.9434439291818932,101,2152.0,1.0586302411629087
42455.0,101,2336.0,16.335664335664337,1.9678536128076294,101,101,2336.0,0.05854337164210412,1.0502820679970661,1.9678536128076294,101,2336.0,1.0502820679970661
42460.0,102,2556.0,17.874125874125873,1.915130527037039,102,102,2543.0,0.056821407318735466,1.00047140271785,1.915130527037039,102,2543.0,1.00047140271785
42465.0,110,2859.0,19.854166666666668,1.7491611533583133,110,110,2859.0,0.049470145032974866,0.8794549625772831,1.7491611533583133,110,2859.0,0.8794549625772831
42470.0,110,3035.0,20.78767123287671,1.653401789088234,110,110,3035.0,0.03895510809407351,0.729048163052631,1.653401789088234,110,3035.0,0.729048163052631
42475.0,111,3260.0,22.63888888888889,1.6076863246738067,111,111,3202.0,0.041767267153499765,0.7736538243050163,1.6076863246738067,111,3202.0,0.7736538243050163
42480.0,114,3523.0,24.46527777777778,1.6268524738741699,114,114,3523.0,0.044269895783048296,0.7913056128709687,1.6268524738741699,114,3523.0,0.7913056128709687
42485.0,116,3778.0,26.23611111111111,1.3817959657429002,116,116,3778.0,0.03236147676795674,0.6201301497897815,1.3817959657429002,116,3778.0,0.6201301497897815
42490.0,115,4053.0,28.342657342657343,1.5038353405026714,115,115,4037.0,0.03951009727430444,0.7203444989504661,1.5038353405026714,115,4037.0,0.7203444989504661
42495.0,116,4330.0,30.27972027972028,1.2983632287744868,116,116,4330.0,0.036125231984426805,0.657935272362607,1.2983632287744868,116,4330.0,0.657935272362607
42500.0,117,4615.0,32.27272727272727,1.410623747748364,117,117,4615.0,0.038413542091389904,0.726715085032019,1.410623747748364,117,4615.0,0.726715085032019
42505.0,117,4836.0,33.351724137931036,1.3603564424771544,117,117,4836.0,0.03488221028781098,0.6752548146734663,1.3603564424771544,117,4836.0,0.6752548146734663
42510.0,115,5111.0,35.49305555555556,1.4742859564256734,115,115,5084.0,0.045720551258075684,0.8391807540052331,1.4742859564256734,115,5084.0,0.8391807540052331
42515.0,116,5388.0,37.67832167832168,1.5118850318847423,116,116,5388.0,0.05084848996913257,0.9104384808613128,1.5118850318847423,116,5388.0,0.9104384808613128
42520.0,114,5558.0,38.86713286713287,1.2743424531554808,114,114,5558.0,0.03066516694114181,0.5936159032890792,1.2743424531554808,114,5558.0,0.5936159032890792
42525.0,109,5638.0,39.98581560283688,1.4274879917342287,109,109,5605.0,0.041626840757053495,0.8118059945420408,1.4274879917342287,109,5605.0,0.8118059945420408
42530.0,105,5699.0,40.13380281690141,1.580594105324227,105,105,5699.0,0.04922656027805297,0.9282545932650863,1.580594105324227,105,5699.0,0.9282545932650863
42535.0,103,5489.0,38.9290780141844,1.5617859677695753,103,103,5489.0,0.04778208950677644,0.9132618389845673,1.5617859677695753,103,5489.0,0.9132618389845673
42540.0,103,5279.0,37.43971631205674,1.646573815545846,103,103,5171.0,0.050306026197408565,0.9564870177399002,1.646573815545846,103,5171.0,0.9564870177399002
42545.0,105,5072.0,34.97931034482759,1.7956086086777188,105,105,5072.0,0.05653010190375267,1.0326628787878558,1.7956086086777188,105,5072.0,1.0326628787878558
42550.0,101,4812.0,32.95890410958904,1.8868439228730536,101,101,4812.0,0.056966385551230896,1.041373011255868,1.8868439228730536,101,4812.0,1.041373011255868
42555.0,100,4510.0,30.68027210884354,1.897537110479054,100,100,4497.0,0.050896350166443394,0.9277991594724316,1.897537110479054,100,4497.0,0.9277991594724316
42560.0,96,4195.0,28.537414965986393,2.166259158453832,96,96,4195.0,0.06390450249459054,1.1736159533655552,2.166259158453832,96,4195.0,1.1736159533655552
42565.0,93,3797.0,25.655405405405407,2.2702745236300563,93,93,3797.0,0.06445821170554453,1.2266961184495067,2.2702745236300563,93,3797.0,1.2266961184495067
42570.0,92,3452.0,23.806896551724137,2.1525115210958536,92,92,3423.0,0.06190967215710374,1.1760397860565879,2.1525115210958536,92,3423.0,1.1760397860565879
42575.0,92,3107.0,21.727272727272727,2.2303886091613214,92,92,3107.0,0.06832313279727839,1.2883949638190184,2.2303886091613214,92,3107.0,1.2883949638190184
42580.0,90,2711.0,19.091549295774648,1.9748504805995613,90,90,2711.0,0.05928415654528974,1.0940172871035887,1.9748504805995613,90,2711.0,1.0940172871035887
42585.0,87,2325.0,16.72661870503597,2.045071810411031,87,87,2311.0,0.07169819270950051,1.2937846528070278,2.045071810411031,87,2311.0,1.2937846528070278
42590.0,87,2050.0,14.642857142857142,2.177035629773577,87,87,2050.0,0.0730664806235711,1.3015915099296511,2.177035629773577,87,2050.0,1.3015915099296511
42595.0,88,1674.0,11.957142857142857,1.949377561270063,88,88,1674.0,0.0659696122104092,1.1627519601780565,1.949377561270063,88,1674.0,1.1627519601780565
42600.0,85,1444.0,10.314285714285715,2.1059659144757976,85,85,1401.0,0.07288656082052135,1.2897357603852753,2.1059659144757976,85,1401.0,1.2897357603852753
42605.0,88,1490.0,10.492957746478874,2.0773790286359013,88,88,1490.0,0.07094736653322269,1.2644806813340626,2.0773790286359013,88,1490.0,1.2644806813340626
42610.0,90,1435.0,10.034965034965035,2.055249105843747,90,90,1435.0,0.07023160658158512,1.2472646802808345,2.055249105843747,90,1435.0,1.2472646802808345
42615.0,92,1539.0,10.6875,2.0586701227210207,92,92,1453.0,0.06406400824433615,1.1760204892106878,2.0586701227210207,92,1453.0,1.1760204892106878
42620.0,99,1713.0,11.732876712328768,2.0743604074370805,99,99,1713.0,0.0636622555751363,1.1809876494282188,2.0743604074370805,99,1713.0,1.1809876494282188
42625.0,103,1822.0,12.394557823129253,2.006776190389312,103,103,1822.0,0.055611607595457004,1.0585807758290122,2.006776190389312,103,1822.0,1.0585807758290122
42630.0,104,2021.0,13.748299319727892,2.0178142848030363,104,104,1981.0,0.059240109910923114,1.0979330283865314,2.0178142848030363,104,1981.0,1.0979330283865314
42635.0,104,2236.0,15.315068493150685,2.0680590076951137,104,104,2236.0,0.06455108570400626,1.1581592739153193,2.0680590076951137,104,2236.0,1.1581592739153193
42640.0,104,2451.0,17.020833333333332,1.7583151953315472,104,104,2451.0,0.05289139429476085,0.9460492604194303,1.7583151953315472,104,2451.0,0.9460492604194303
42645.0,103,2535.0,17.85211267605634,1.7695924377408534,103,103,2535.0,0.04870773479166287,0.9216308840883733,1.7695924377408534,103,2535.0,0.9216308840883733
42650.0,104,2575.0,17.881944444444443,1.7713658905990994,104,104,2527.0,0.050760743837205295,0.9310026132983507,1.7713658905990994,104,2527.0,0.9310026132983507
42655.0,103,2619.0,18.443661971830984,1.7523349404082322,103,103,2619.0,0.057401285235355315,1.0239524853672402,1.7523349404082322,103,2619.0,1.0239524853672402
42660.0,101,2570.0,17.972027972027973,1.7849970305938025,101,101,2570.0,0.04922602902275893,0.9453753761472352,1.7849970305938025,101,2570.0,0.9453753761472352
42665.0,105,2586.0,17.71232876712329,1.7774426818084268,105,105,2538.0,0.04767520486002531,0.8964997297954437,1.7774426818084268,105,2538.0,0.8964997297954437
42670.0,105,2610.0,18.0,1.869518708450309,105,105,2610.0,0.0603774844083714,1.100386095478786,1.869518708450309,105,2610.0,1.100386095478786
42675.0,102,2590.0,17.61904761904762,1.8722419872376483,102,102,2590.0,0.05465755108621636,1.028936635334362,1.8722419872376483,102,2590.0,1.028936635334362
42680.0,104,2605.0,17.60135135135135,2.0735543023576652,104,104,2587.0,0.056302578826316674,1.0870997595221752,2.0735543023576652,104,2587.0,1.0870997595221752
42685.0,106,2630.0,17.891156462585034,2.0037258931290327,106,106,2630.0,0.05915809845094932,1.0828639249831922,2.0037258931290327,106,2630.0,1.0828639249831922
42690.0,102,2559.0,17.527397260273972,1.9651624778185985,102,102,2559.0,0.05527131212728678,1.0472147672241965,1.9651624778185985,102,2559.0,1.0472147672241965
42695.0,97,2404.0,16.694444444444443,2.160558202747,97,97,2376.0,0.06589313935851931,1.2161532246628664,2.160558202747,97,2376.0,1.2161532246628664
42700.0,93,2225.0,15.45138888888889,2.224173324744295,93,93,2225.0,0.06787963135882392,1.2321154753915609,2.224173324744295,93,2225.0,1.2321154753915609
42705.0,89,1941.0,13.669014084507042,2.2607615238961185,89,89,1941.0,0.06518800118400887,1.2622653041135985,2.2607615238961185,89,1941.0,1.2622653041135985
42710.0,86,1642.0,11.728571428571428,2.171993730219277,86,86,1614.0,0.06815483064964184,1.2585098654628006,2.171993730219277,86,1614.0,1.2585098654628006
42715.0,86,1522.0,10.871428571428572,2.3140379234376693,86,86,1522.0,0.07831097633724897,1.4382858654628023,2.3140379234376693,86,1522.0,1.4382858654628023
42720.0,87,1359.0,9.638297872340425,2.2165959962260495,86,87,1358.0,0.06823540196840133,1.3281281914430452,2.2165959962260495,86,1358.0,1.3281281914430452
42725.0,86,1227.0,8.640845070422536,2.1036116227013015,86,86,1214.0,0.06295479142284811,1.2460485292376482,2.1036116227013015,86,1214.0,1.2460485292376482
42730.0,88,1277.0,8.93006993006993,2.1708310041782157,88,88,1277.0,0.06813010113785724,1.3043724174176174,2.1708310041782157,88,1277.0,1.3043724174176174
42735.0,90,1297.0,9.006944444444445,2.010151622633075,90,90,1297.0,0.060222819200322276,1.1570789057091162,2.010151622633075,90,1297.0,1.1570789057091162
42740.0,87,1277.0,8.992957746478874,2.0690433710324054,87,87,1264.0,0.06865914398053354,1.3096804682091279,2.0690433710324054,87,1264.0,1.3096804682091279
42745.0,83,1237.0,8.590277777777779,2.374321155176304,83,83,1237.0,0.08342575500356382,1.5550773270572362,2.374321155176304,83,1237.0,1.5550773270572362
42750.0,82,1139.0,7.909722222222222,2.349922176612051,81,82,1138.0,0.07922172091060818,1.525332772738807,2.349922176612051,81,1138.0,1.525332772738807
42755.0,79,1045.0,7.256944444444445,2.4416391368171886,79,79,1031.0,0.07803109633342956,1.508328655276992,2.4416391368171886,79,1031.0,1.508328655276992
42760.0,80,1043.0,7.243055555555555,2.3145655231513214,80,80,1043.0,0.07355540646721728,1.390554660327768,2.3145655231513214,80,1043.0,1.390554660327768
42765.0,82,895.0,6.302816901408451,2.0643790122144727,82,82,895.0,0.06851971297400622,1.326696510881246,2.0643790122144727,82,895.0,1.326696510881246
42770.0,81,900.0,6.25,2.089623668938744,81,81,839.0,0.06440098277354925,1.2605871804429516,2.089623668938744,81,839.0,1.2605871804429516
42775.0,88,1075.0,7.465277777777778,2.043394563984603,88,88,1075.0,0.06525942298286626,1.2180326636703296,2.043394563984603,88,1075.0,1.2180326636703296
42780.0,94,1238.0,8.597222222222221,1.8040970493697646,94,94,1238.0,0.055110717667587426,1.0516111789608618,1.8040970493697646,94,1238.0,1.0516111789608618
42785.0,92,1405.0,9.5578231292517,1.9586905977346232,92,92,1391.0,0.060347192753449026,1.1200875999640316,1.9586905977346232,92,1391.0,1.1200875999640316
42790.0,93,1613.0,10.97278911564626,2.149434806076726,93,93,1613.0,0.07059640534365076,1.312068251417276,2.149434806076726,93,1613.0,1.312068251417276
42795.0,95,1791.0,12.267123287671232,1.911486451332343,95,95,1791.0,0.05750310463090608,1.1115174203713127,1.911486451332343,95,1791.0,1.1115174203713127
42800.0,95,2035.0,13.843537414965986,2.059779897254387,95,95,2022.0,0.06275066967305333,1.191590886047053,2.059779897254387,95,2022.0,1.191590886047053
42805.0,102,2360.0,16.05442176870748,1.9431413571335818,102,102,2360.0,0.06080298098122031,1.1212970834483336,1.9431413571335818,102,2360.0,1.1212970834483336
42810.0,104,2664.0,18.122448979591837,1.7394917374874521,104,104,2664.0,0.05250886048545831,0.9753417359442703,1.7394917374874521,104,2664.0,0.9753417359442703
42815.0,102,2953.0,20.36551724137931,1.801716835047798,102,102,2940.0,0.05987504053024101,1.0648119550035922,1.801716835047798,102,2940.0,1.0648119550035922
42820.0,103,3300.0,22.2972972972973,1.900130941663567,103,103,3300.0,0.05840974308248536,1.014203005216987,1.900130941663567,103,3300.0,1.014203005216987
42825.0,103,3431.0,23.18243243243243,1.8760137146637383,103,103,3431.0,0.050855415685774834,0.9246384393740134,1.8760137146637383,103,3431.0,0.9246384393740134
42830.0,100,3406.0,22.706666666666667,2.0376941855940514,100,100,3333.0,0.05715611568143959,1.0484759101167564,2.0376941855940514,100,3333.0,1.0484759101167564
42835.0,97,3367.0,22.75,2.1365005368456123,97,97,3367.0,0.06497693745231051,1.1994397549451876,2.1365005368456123,97,3367.0,1.1994397549451876
42840.0,93,3230.0,21.824324324324323,2.2626048919351045,93,93,3230.0,0.06773953902955764,1.2619526817945657,2.2626048919351045,93,3230.0,1.2619526817945657
42845.0,94,3181.0,21.348993288590606,2.304199460008561,94,94,3152.0,0.06611989037859341,1.2291194771439704,2.304199460008561,94,3152.0,1.2291194771439704
42850.0,99,3216.0,21.877551020408163,2.2501386507135135,99,99,3216.0,0.06964086894725129,1.247989706151614,2.2501386507135135,99,3216.0,1.247989706151614
42855.0,101,3224.0,21.63758389261745,2.047526888568489,101,101,3224.0,0.05304885912662214,0.9963727483500968,2.047526888568489,101,3224.0,0.9963727483500968
42860.0,98,3194.0,21.436241610738254,2.239294682576371,98,98,3181.0,0.06302544894994737,1.1645364609731992,2.239294682576371,98,3181.0,1.1645364609731992
42865.0,96,3149.0,21.13422818791946,2.3859594214498845,96,96,3149.0,0.07468552676824787,1.3678653334418527,2.3859594214498845,96,3149.0,1.3678653334418527
42870.0,93,2960.0,20.13605442176871,2.302611388489394,92,93,2959.0,0.06897028682029428,1.3139326290969446,2.302611388489394,92,2959.0,1.3139326290969446
42875.0,90,2696.0,18.72222222222222,2.2688723217492455,90,90,2653.0,0.0696176743974333,1.3479521723101693,2.2688723217492455,90,2653.0,1.3479521723101693
42880.0,92,2465.0,17.118055555555557,2.0531892446405475,92,92,2465.0,0.062251808672745955,1.1792650564485672,2.0531892446405475,92,2465.0,1.1792650564485672
42885.0,93,2200.0,15.172413793103448,1.9799033063013811,93,93,2200.0,0.059892496493676735,1.1383265949100867,1.9799033063013811,93,2200.0,1.1383265949100867
42890.0,91,2034.0,14.027586206896551,1.965667331444812,91,91,2021.0,0.06076883271630453,1.1627499413712719,1.965667331444812,91,2021.0,1.1627499413712719
42895.0,93,2109.0,14.346938775510203,2.1609708938775056,93,93,2109.0,0.06835735756437704,1.2729262186355081,2.1609708938775056,93,2109.0,1.2729262186355081
42900.0,93,2099.0,14.475862068965517,1.891391305118903,93,93,2099.0,0.055090545618971976,1.0685840942740457,1.891391305118903,93,2099.0,1.0685840942740457
42905.0,93,2168.0,14.64864864864865,2.0958651071492906,93,93,2128.0,0.06289977781632164,1.1904195506778332,2.0958651071492906,93,2128.0,1.1904195506778332
42910.0,96,2254.0,15.12751677852349,2.1866498310426237,96,96,2254.0,0.06945764559188493,1.262506621725371,2.1866498310426237,96,2254.0,1.262506621725371
42915.0,94,2254.0,15.333333333333334,2.0014713029165194,94,94,2254.0,0.06086599585283222,1.1478444197073532,2.0014713029165194,94,2254.0,1.1478444197073532
42920.0,91,2221.0,15.108843537414966,2.2779512263184265,91,91,2192.0,0.06795284046434691,1.2878064532014069,2.2779512263184265,91,2192.0,1.2878064532014069
42925.0,91,2211.0,15.143835616438356,2.455371750500756,91,91,2211.0,0.07978538637340966,1.4875602993552592,2.455371750500756,91,2211.0,1.4875602993552592
42930.0,91,1516.0,10.383561643835616,2.301787106958533,91,91,1516.0,0.06632760028191231,1.3169829890874596,2.301787106958533,91,1516.0,1.3169829890874596
42935.0,92,1406.0,9.76388888888889,2.19251091659311,92,92,1121.0,0.06466683801171383,1.2139092387619839,2.19251091659311,92,1121.0,1.2139092387619839
42940.0,97,1642.0,11.246575342465754,2.1393489148304465,97,97,1642.0,0.06345485974867572,1.1496027572075724,2.1393489148304465,97,1642.0,1.1496027572075724
42945.0,100,1859.0,12.820689655172414,1.9753481455486348,100,100,1859.0,0.055201831013573205,1.0131403268685204,1.9753481455486348,100,1859.0,1.0131403268685204
42950.0,106,2201.0,14.97278911564626,1.925914210511603,106,106,2176.0,0.04987605375226428,0.903140521238153,1.925914210511603,106,2176.0,0.903140521238153
42955.0,111,2591.0,17.746575342465754,1.8546055206468546,111,111,2591.0,0.04758122161903469,0.8325602128147962,1.8546055206468546,111,2591.0,0.8325602128147962
42960.0,110,2904.0,20.307692307692307,1.6983464735181877,110,110,2904.0,0.038675925620402285,0.7221873648008855,1.6983464735181877,110,2904.0,0.7221873648008855
42965.0,107,3140.0,21.805555555555557,1.7282852227559038,107,107,3112.0,0.04178750555340221,0.7760271074618648,1.7282852227559038,107,3112.0,0.7760271074618648
42970.0,102,3355.0,23.46153846153846,2.0300589815864876,102,102,3355.0,0.061725269911038994,1.1162695067389095,2.0300589815864876,102,3355.0,1.1162695067389095
42975.0,101,3523.0,24.29655172413793,1.9667680977906057,101,101,3523.0,0.050818669773849454,0.9391080774840506,1.9667680977906057,101,3523.0,0.9391080774840506
42980.0,102,3762.0,26.307692307692307,2.1142326773069637,102,102,3734.0,0.056566676729802555,1.0610558265853423,2.1142326773069637,102,3734.0,1.0610558265853423
42985.0,110,4140.0,28.75,1.8774335693814628,110,110,4140.0,0.05004949892302659,0.9434053930770615,1.8774335693814628,110,4140.0,0.9434053930770615
42990.0,110,4502.0,31.26388888888889,1.7690571182785004,110,110,4502.0,0.042270853594557026,0.8162351234108471,1.7690571182785004,110,4502.0,0.8162351234108471
42995.0,113,4909.0,34.570422535211264,1.6432140230330983,113,113,4888.0,0.045541090124868344,0.8221002972835285,1.6432140230330983,113,4888.0,0.8221002972835285
43000.0,115,5327.0,36.99305555555556,1.456474461391794,115,115,5327.0,0.043258683136917,0.767734139284293,1.456474461391794,115,5327.0,0.767734139284293
43005.0,115,5663.0,39.326388888888886,1.4248767471192214,115,115,5663.0,0.036009308767240594,0.6710709960897119,1.4248767471192214,115,5663.0,0.6710709960897119
43010.0,111,5923.0,41.41958041958042,1.4529213904911003,111,111,5895.0,0.03958456472153802,0.7355057321264796,1.4529213904911003,111,5895.0,0.7355057321264796
43015.0,106,6162.0,43.702127659574465,1.6352575136887053,106,106,6162.0,0.052918710510225495,0.9691035869307401,1.6352575136887053,106,6162.0,0.9691035869307401
43020.0,102,6024.0,43.02857142857143,1.6467282348257732,102,102,6024.0,0.04791831772394721,0.9160656255740988,1.6467282348257732,102,6024.0,0.9160656255740988
43025.0,100,5683.0,40.59285714285714,1.6077529964054573,100,100,5565.0,0.052641050193108364,0.9869522804398803,1.6077529964054573,100,5565.0,0.9869522804398803
43030.0,100,5433.0,38.53191489361702,1.8912320488409304,100,100,5433.0,0.06591388661561748,1.1867061265937313,1.8912320488409304,100,5433.0,1.1867061265937313
43035.0,100,5137.0,35.673611111111114,1.8247144696262465,100,100,5137.0,0.05741802728395487,1.0487863824684334,1.8247144696262465,100,5137.0,1.0487863824684334
43040.0,98,4803.0,33.12413793103448,1.9983305772472513,98,98,4790.0,0.05797037318303551,1.0691770739291204,1.9983305772472513,98,4790.0,1.0691770739291204
43045.0,96,4453.0,30.5,2.02792973547502,96,96,4453.0,0.06168024652259809,1.1297616962384283,2.02792973547502,96,4453.0,1.1297616962384283
43050.0,93,4021.0,27.73103448275862,2.0581978269805465,93,93,4021.0,0.06261698016869431,1.1556703740903083,2.0581978269805465,93,4021.0,1.1556703740903083
43055.0,92,3646.0,25.319444444444443,2.109327116019414,92,92,3612.0,0.06483911216107081,1.2025538476494186,2.109327116019414,92,3612.0,1.2025538476494186
43060.0,92,3276.0,22.75,2.1532753488062415,92,92,3276.0,0.06566411432401642,1.2179270170983483,2.1532753488062415,92,3276.0,1.2179270170983483
43065.0,91,2859.0,20.27659574468085,1.956251247530919,91,91,2859.0,0.060712770731976215,1.1501844081750505,1.956251247530919,91,2859.0,1.1501844081750505
43070.0,87,2443.0,17.45,1.9752589753355694,87,87,2429.0,0.06647556318446961,1.2368146285582655,1.9752589753355694,87,2429.0,1.2368146285582655
43075.0,88,2122.0,15.266187050359711,2.0641835568449998,88,88,2122.0,0.0750924009354295,1.3457005917952154,2.0641835568449998,88,2122.0,1.3457005917952154
43080.0,89,1749.0,12.492857142857142,1.95793939435861,89,89,1749.0,0.065514955144327,1.1943304866273767,1.95793939435861,89,1749.0,1.1943304866273767
43085.0,92,1747.0,12.390070921985815,1.8884421369283166,92,92,1673.0,0.06513397396882716,1.1682314825362092,1.8884421369283166,92,1673.0,1.1682314825362092
43090.0,99,2067.0,14.454545454545455,1.8824821512893484,99,99,2067.0,0.0603535866354779,1.0626667630129638,1.8824821512893484,99,2067.0,1.0626667630129638
43095.0,103,2356.0,16.248275862068965,1.701225648711437,103,103,2356.0,0.04446500567899527,0.8123977464050883,1.701225648711437,103,2356.0,0.8123977464050883
43100.0,104,2743.0,18.78767123287671,1.8519042383275799,104,104,2716.0,0.055326017305080945,0.9620727634777907,1.8519042383275799,104,2716.0,0.9620727634777907
43105.0,111,3197.0,21.74829931972789,1.7802106656084695,111,111,3197.0,0.05874519367065459,1.000262811681836,1.7802106656084695,111,3197.0,1.000262811681836
43110.0,113,3591.0,24.428571428571427,1.6210203438610098,113,113,3591.0,0.04237548744613196,0.77439425060861,1.6210203438610098,113,3591.0,0.77439425060861
43115.0,112,3924.0,26.693877551020407,1.7220199996204921,112,112,3896.0,0.048640021031511306,0.8947217619887927,1.7220199996204921,112,3896.0,0.8947217619887927
43120.0,108,4240.0,29.24137931034483,1.6671366780201822,108,108,4240.0,0.0524014194479119,0.9503318826273636,1.6671366780201822,108,4240.0,0.9503318826273636
43125.0,104,4539.0,31.74125874125874,1.8241815999874844,104,104,4539.0,0.060904835557840487,1.0931931444524834,1.8241815999874844,104,4539.0,1.0931931444524834
43130.0,103,4815.0,33.67132867132867,1.8167827193659705,103,103,4815.0,0.0596050608721092,1.0807531994415502,1.8167827193659705,103,4815.0,1.0807531994415502
43135.0,107,5182.0,35.986111111111114,1.7506602459828058,107,107,5180.0,0.05013319728093304,0.9413181890500805,1.7506602459828058,107,5180.0,0.9413181890500805
43140.0,110,5576.0,38.4551724137931,1.753281822807962,110,110,5574.0,0.04895085820304004,0.877442080929278,1.753281822807962,110,5574.0,0.877442080929278
43145.0,110,5934.0,40.64383561643836,1.6877531460700141,110,110,5934.0,0.049897122037370074,0.8716053823085624,1.6877531460700141,110,5934.0,0.8716053823085624
43150.0,107,6250.0,42.51700680272109,1.8906798547385892,107,107,6237.0,0.05614656051750164,1.021498573443347,1.8906798547385892,107,6237.0,1.021498573443347
43155.0,103,6550.0,44.25675675675676,2.1550304751265315,103,103,6550.0,0.0652415842872059,1.2048105631062405,2.1550304751265315,103,6550.0,1.2048105631062405
43160.0,101,6815.0,46.0472972972973,2.276607264839292,100,101,6814.0,0.06299847203426263,1.2257973487407383,2.276607264839292,100,6814.0,1.2257973487407383
43165.0,101,7089.0,48.889655172413796,2.122520757761875,101,101,7077.0,0.06012128251223407,1.141554487160585,2.122520757761875,101,7077.0,1.141554487160585
43170.0,100,7365.0,52.234042553191486,2.0265400157145033,100,100,7365.0,0.06617528516241342,1.239823136805908,2.0265400157145033,100,7365.0,1.239823136805908
43175.0,98,7641.0,54.57857142857143,1.984420835124755,98,98,7641.0,0.06566341343493826,1.2305170114643154,1.984420835124755,98,7641.0,1.2305170114643154
43180.0,99,7983.0,56.61702127659574,1.9031157030782044,99,99,7970.0,0.05864318884600271,1.0961674134688728,1.9031157030782044,99,7970.0,1.0961674134688728
43185.0,101,8333.0,58.27272727272727,2.0116850403907605,101,101,8333.0,0.06036079234810753,1.1125853276964865,2.0116850403907605,101,8333.0,1.1125853276964865
43190.0,100,8671.0,60.63636363636363,1.8693886137128817,99,100,8670.0,0.051019004187397014,0.9743645037309966,1.8693886137128817,99,8670.0,0.9743645037309966
43195.0,100,9018.0,62.625,2.0040369011630377,100,100,9013.0,0.05036092492054826,0.9732173818374276,2.0040369011630377,100,9013.0,0.9732173818374276
43200.0,102,9375.0,65.10416666666667,2.017513684680196,102,102,9375.0,0.05290761046753736,1.0072969542950863,2.017513684680196,102,9375.0,1.0072969542950863
43205.0,104,9653.0,67.5034965034965,1.661077176810962,103,104,9652.0,0.051103917178203895,0.9510348189370023,1.661077176810962,103,9652.0,0.9510348189370023
43210.0,105,10086.0,71.02816901408451,1.7328514362574352,105,105,10005.0,0.049087215185389825,0.9426260863909521,1.7328514362574352,105,10005.0,0.9426260863909521
43215.0,110,10551.0,73.78321678321679,1.5949915509268209,110,110,10551.0,0.042260781882882,0.8112627795056114,1.5949915509268209,110,10551.0,0.8112627795056114
43220.0,115,11040.0,76.13793103448276,1.5761654357502801,115,115,11040.0,0.040654788916767375,0.7977112947999855,1.5761654357502801,115,11040.0,0.7977112947999855
43225.0,117,11540.0,79.04109589041096,1.5743855203166461,117,117,11540.0,0.04371307635084256,0.7951420724105709,1.5743855203166461,117,11540.0,0.7951420724105709
43230.0,118,12050.0,83.68055555555556,1.3980833250849642,118,118,12050.0,0.04286211154991739,0.7878540816525398,1.3980833250849642,118,12050.0,0.7878540816525398
43235.0,116,12431.0,87.54225352112677,1.3707549910070835,116,116,12431.0,0.04012353062233011,0.768800730908274,1.3707549910070835,116,12431.0,0.768800730908274
43240.0,113,12736.0,90.32624113475177,1.281358275005659,113,113,12693.0,0.04169228091258334,0.775412625569978,1.281358275005659,113,12693.0,0.775412625569978
43245.0,114,13079.0,92.1056338028169,1.431467272663629,114,114,13079.0,0.048057616582383444,0.8649244599770243,1.431467272663629,114,13079.0,0.8649244599770243
43250.0,116,13421.0,92.55862068965517,1.3162606613514922,116,116,13421.0,0.03292125356972049,0.6227902704120255,1.3162606613514922,116,13421.0,0.6227902704120255
43255.0,118,13781.0,95.04137931034482,1.3601524474965554,118,118,13778.0,0.03411045787552047,0.6347992876745288,1.3601524474965554,118,13778.0,0.6347992876745288
43260.0,120,14151.0,98.27083333333333,1.2308406237332876,120,120,14151.0,0.03125297414945348,0.5918254275746718,1.2308406237332876,120,14151.0,0.5918254275746718
43265.0,122,14534.0,100.23448275862069,1.1747440062491996,122,122,14534.0,0.02745851908408181,0.5371582037354656,1.1747440062491996,122,14534.0,0.5371582037354656
43270.0,119,14860.0,103.19444444444444,1.2325715200236596,119,119,14860.0,0.03372167566828245,0.6478038200594328,1.2325715200236596,119,14860.0,0.6478038200594328
43275.0,119,15230.0,105.03448275862068,1.292769427821803,119,119,15204.0,0.038160680779745784,0.7107004486457241,1.292769427821803,119,15204.0,0.7107004486457241
43280.0,119,15600.0,109.0909090909091,1.3086532785840717,119,119,15600.0,0.046933493368852316,0.8440945450939246,1.3086532785840717,119,15600.0,0.8440945450939246
43285.0,120,15970.0,110.90277777777777,1.2765556635557886,120,120,15970.0,0.037853441736113866,0.6942913774521953,1.2765556635557886,120,15970.0,0.6942913774521953
43290.0,120,16344.0,114.2937062937063,1.2967305931355462,120,120,16344.0,0.035775715965531724,0.6681476185235035,1.2967305931355462,120,16344.0,0.6681476185235035
43295.0,120,16721.0,117.75352112676056,1.2932340775201328,120,120,16721.0,0.03857921283498365,0.7278491110608167,1.2932340775201328,120,16721.0,0.7278491110608167
43300.0,120,17151.0,122.50714285714285,0.9894950652026495,120,120,17151.0,0.028742387872735118,0.547052205335443,0.9894950652026495,120,17151.0,0.547052205335443
43305.0,125,17766.0,126.9,0.9182737128330766,125,125,17757.0,0.03093628153724408,0.5582562955876816,0.9182737128330766,125,17757.0,0.5582562955876816
43310.0,130,18405.0,128.7062937062937,0.8392834689766611,130,130,18405.0,0.02868397383626015,0.4713347587261491,0.8392834689766611,130,18405.0,0.4713347587261491
43315.0,131,19055.0,132.32638888888889,0.8630309660165332,131,131,19055.0,0.02036241623863928,0.37250654343512735,0.8630309660165332,131,19055.0,0.37250654343512735
43320.0,133,19715.0,135.9655172413793,0.9313342306021491,133,133,19715.0,0.01757009190554953,0.3418543545796498,0.9313342306021491,133,19715.0,0.3418543545796498
43325.0,134,20385.0,138.6734693877551,0.9263329503915535,134,134,20385.0,0.01458765573917675,0.2923093735163132,0.9263329503915535,134,20385.0,0.2923093735163132
43330.0,131,20809.0,144.50694444444446,0.8280247148063761,131,131,20809.0,0.02013894958996016,0.3937618083627628,0.8280247148063761,131,20809.0,0.3937618083627628
43335.0,127,21050.0,146.18055555555554,0.871851147645164,127,127,20972.0,0.027943985626599964,0.4888571563660633,0.871851147645164,127,20972.0,0.4888571563660633
43340.0,122,21270.0,147.70833333333334,1.22024424291281,122,122,21270.0,0.04522632661406272,0.7805714421789511,1.22024424291281,122,21270.0,0.7805714421789511
43345.0,118,20535.0,141.6206896551724,1.2822904206993861,118,118,20535.0,0.03992681233564502,0.7211987118459302,1.2822904206993861,118,20535.0,0.7211987118459302
43350.0,113,19159.0,133.04861111111111,1.4410922543917781,113,113,18851.0,0.047237729762317764,0.8419786998459864,1.4410922543917781,113,18851.0,0.8419786998459864
43355.0,108,17759.0,124.18881118881119,1.6868246622693366,108,108,17759.0,0.06156209430571423,1.0819196369225899,1.6868246622693366,108,17759.0,1.0819196369225899
43360.0,104,16291.0,113.13194444444444,1.614611545073845,104,104,16291.0,0.05336188034885366,0.9290129185577728,1.614611545073845,104,16291.0,0.9290129185577728
43365.0,101,14776.0,104.05633802816901,1.6356110427400772,101,101,14763.0,0.05009107651676593,0.9128622930532031,1.6356110427400772,101,14763.0,0.9128622930532031
43370.0,96,13236.0,92.55944055944056,1.7924220745949082,96,96,13236.0,0.05729547887292894,1.0280153193450163,1.7924220745949082,96,13236.0,1.0280153193450163
43375.0,93,11598.0,81.67605633802818,1.8088415322658138,93,93,11598.0,0.05590572915566406,1.0347835888224408,1.8088415322658138,93,11598.0,1.0347835888224408
43380.0,92,10024.0,70.59154929577464,1.916210696022061,92,92,9988.0,0.057362702716425046,1.0810889115088265,1.916210696022061,92,9988.0,1.0810889115088265
43385.0,92,8454.0,59.11888111888112,2.0080857971106156,92,92,8454.0,0.0625131639985119,1.1651469679326614,2.0080857971106156,92,8454.0,1.1651469679326614
43390.0,90,6834.0,47.79020979020979,2.102387170101921,90,90,6834.0,0.0641059047745831,1.2206040239962122,2.102387170101921,90,6834.0,1.2206040239962122
43395.0,87,5264.0,37.333333333333336,2.095967405703832,87,87,5250.0,0.07062494884799138,1.3091628588677253,2.095967405703832,87,5250.0,1.3091628588677253
43400.0,87,3989.0,28.492857142857144,2.259983282252051,87,87,3989.0,0.08066022774999446,1.4897003046375346,2.259983282252051,87,3989.0,1.4897003046375346
43405.0,88,2580.0,18.29787234042553,2.0554260636554784,88,88,2580.0,0.06813350391276926,1.2984094433460363,2.0554260636554784,88,2580.0,1.2984094433460363
43410.0,85,1404.0,10.028571428571428,2.1745918015682033,85,85,1361.0,0.07586563587760856,1.4417673664821788,2.1745918015682033,85,1361.0,1.4417673664821788
43415.0,87,1449.0,10.27659574468085,2.1958259343145183,87,87,1449.0,0.07495367431224859,1.409351285921819,2.1958259343145183,87,1449.0,1.409351285921819
43420.0,90,1443.0,10.020833333333334,2.0597601725950767,90,90,1443.0,0.061195349369340665,1.1802568671638298,2.0597601725950767,90,1443.0,1.1802568671638298
43425.0,91,1539.0,10.613793103448275,2.2315371871253533,91,91,1512.0,0.06293093380341866,1.1959955639715532,2.2315371871253533,91,1512.0,1.1959955639715532
43430.0,97,1703.0,11.664383561643836,2.1010653080115533,97,97,1703.0,0.05973846615735808,1.0868153846153852,2.1010653080115533,97,1703.0,1.0868153846153852
43435.0,100,1807.0,12.376712328767123,1.9991884956508505,100,100,1807.0,0.04909153638048623,0.939499571577934,1.9991884956508505,100,1807.0,0.939499571577934
43440.0,98,1846.0,12.73103448275862,2.0191910169291507,98,98,1818.0,0.055976342474669614,1.0313553136767228,2.0191910169291507,98,1818.0,1.0313553136767228
43445.0,94,1869.0,12.801369863013699,2.233783288056474,94,94,1869.0,0.06772595819717861,1.2278236762608605,2.233783288056474,94,1869.0,1.2278236762608605
43450.0,89,1779.0,12.354166666666666,2.2660311735701217,89,89,1779.0,0.07050325753950511,1.289134048426885,2.2660311735701217,89,1779.0,1.289134048426885
43455.0,85,1624.0,11.2,2.4268637480790254,85,85,1596.0,0.07522528066363926,1.3529184277313169,2.4268637480790254,85,1596.0,1.3529184277313169
43460.0,87,1529.0,10.692307692307692,2.4586381307810257,87,87,1529.0,0.08622546192919081,1.546505283840064,2.4586381307810257,87,1529.0,1.546505283840064
43465.0,85,1390.0,9.788732394366198,2.3221293075132095,85,85,1390.0,0.08108020741263973,1.459109578423729,2.3221293075132095,85,1390.0,1.459109578423729
43470.0,85,1280.0,9.014084507042254,2.2126441341928103,85,85,1267.0,0.07444696229209208,1.3764303550552694,2.2126441341928103,85,1267.0,1.3764303550552694
43475.0,88,1333.0,9.256944444444445,2.3037836241555874,88,88,1333.0,0.07752258019685,1.41313190526634,2.3037836241555874,88,1333.0,1.41313190526634
43480.0,91,1354.0,9.210884353741497,2.039586555153233,91,91,1354.0,0.058877425168623126,1.065120636352393,2.039586555153233,91,1354.0,1.065120636352393
43485.0,87,1339.0,9.047297297297296,2.2507826510011384,87,87,1326.0,0.06737547423044242,1.220964408495172,2.2507826510011384,87,1326.0,1.220964408495172
43490.0,84,1309.0,8.904761904761905,2.4034814078442364,84,84,1309.0,0.08144623001774484,1.4325590424548609,2.4034814078442364,84,1309.0,1.4325590424548609
43495.0,81,1153.0,8.119718309859154,2.177543533917505,81,81,1153.0,0.07257666333152062,1.34633705760022,2.177543533917505,81,1153.0,1.34633705760022
43500.0,80,1124.0,7.971631205673759,2.3736017715489988,80,80,1076.0,0.08179833678052122,1.4998846113312305,2.3736017715489988,80,1076.0,1.4998846113312305
43505.0,85,1234.0,8.62937062937063,2.340990681316286,85,85,1234.0,0.0789939181809291,1.4182882894070832,2.340990681316286,85,1234.0,1.4182882894070832
43510.0,88,1274.0,8.786206896551723,2.297851569622307,88,88,1274.0,0.07012657468422595,1.3058033448169561,2.297851569622307,88,1274.0,1.3058033448169561
43515.0,86,1294.0,9.048951048951048,2.256562784577477,86,86,1265.0,0.0651252687344678,1.2568154288305817,2.256562784577477,86,1265.0,1.2568154288305817
43520.0,88,1419.0,9.923076923076923,2.2436219629280116,88,88,1419.0,0.07730806928386834,1.4248466112421916,2.2436219629280116,88,1419.0,1.4248466112421916
43525.0,90,1465.0,10.034246575342467,2.2058628171231125,90,90,1465.0,0.06663680529034371,1.2927187604172765,2.2058628171231125,90,1465.0,1.2927187604172765
43530.0,87,1477.0,10.186206896551724,2.311308901147812,87,87,1449.0,0.07359909097387628,1.4102525259185603,2.311308901147812,87,1449.0,1.4102525259185603
43535.0,88,1531.0,10.414965986394558,2.439773246728669,88,88,1531.0,0.07525735602451988,1.431956213205118,2.439773246728669,88,1531.0,1.431956213205118
43540.0,92,1537.0,10.527397260273972,2.085361533898734,92,92,1537.0,0.05738363736979058,1.1288166301356028,2.085361533898734,92,1537.0,1.1288166301356028
43545.0,94,1652.0,11.393103448275863,2.1738904917193307,94,94,1624.0,0.06546265434535627,1.2536356589147244,2.1738904917193307,94,1624.0,1.2536356589147244
43550.0,99,1832.0,12.547945205479452,2.1433013443310216,99,99,1832.0,0.06590913820144102,1.2305445142619393,2.1433013443310216,99,1832.0,1.2305445142619393
43555.0,100,1985.0,13.595890410958905,1.9832744139129308,100,100,1985.0,0.04977068838419415,0.9420814429346254,1.9832744139129308,100,1985.0,0.9420814429346254
43560.0,97,2093.0,14.534722222222221,1.9603109816160524,97,97,2080.0,0.05605708826425618,1.0543492866370574,1.9603109816160524,97,2080.0,1.0543492866370574
43565.0,93,2184.0,14.95890410958904,2.1704106098277522,93,93,2184.0,0.06668324334328728,1.255403941713018,2.1704106098277522,93,2184.0,1.255403941713018
43570.0,91,2125.0,14.554794520547945,2.207856066087301,90,91,2124.0,0.06742299988881136,1.2759363883608332,2.207856066087301,90,2124.0,1.2759363883608332
43575.0,89,1997.0,13.585034013605442,2.3888470405813065,89,89,1954.0,0.06912841671428596,1.354131494045884,2.3888470405813065,89,1954.0,1.354131494045884
43580.0,91,1984.0,13.405405405405405,2.416303134468713,91,91,1984.0,0.07165650417539685,1.379376627848775,2.416303134468713,91,1984.0,1.379376627848775
43585.0,90,1935.0,13.253424657534246,2.1707030844805795,90,90,1935.0,0.06342430602740681,1.2092309942623094,2.1707030844805795,90,1935.0,1.2092309942623094
43590.0,89,1919.0,13.23448275862069,2.2259165215312327,89,89,1906.0,0.07092963784400351,1.343053667108732,2.2259165215312327,89,1906.0,1.343053667108732
43595.0,92,1987.0,13.60958904109589,2.254092171661267,92,92,1987.0,0.07202082009797724,1.3481816937883555,2.254092171661267,92,1987.0,1.3481816937883555
43600.0,94,2066.0,13.865771812080537,2.2749225791247487,94,94,2066.0,0.06473326314978219,1.2392074703879583,2.2749225791247487,94,2066.0,1.2392074703879583
43605.0,90,2052.0,14.054794520547945,2.2451798135732295,90,90,2052.0,0.06622131580977203,1.2814442086604092,2.2451798135732295,90,2052.0,1.2814442086604092
43610.0,90,2108.0,14.741258741258742,2.076788196866039,90,90,2070.0,0.0684112754758561,1.2582892147087998,2.076788196866039,90,2070.0,1.2582892147087998
43615.0,91,2176.0,15.216783216783217,2.145542238259905,91,91,2176.0,0.07360569864350143,1.3426042825691824,2.145542238259905,91,2176.0,1.3426042825691824
43620.0,93,2300.0,16.197183098591548,2.193095962905758,93,93,2300.0,0.06934848082917308,1.3284108462153148,2.193095962905758,93,2300.0,1.3284108462153148
43625.0,95,2341.0,16.144827586206898,2.169909118627791,95,95,2341.0,0.05814500771624102,1.1383396960830106,2.169909118627791,95,2341.0,1.1383396960830106
43630.0,96,2305.0,15.680272108843537,2.276210123943875,96,96,2266.0,0.0645977544432628,1.2213754584456618,2.276210123943875,96,2266.0,1.2213754584456618
43635.0,94,2321.0,15.789115646258503,2.322686458729785,94,94,2321.0,0.07375595818077023,1.3317785248455012,2.322686458729785,94,2321.0,1.3317785248455012
43640.0,95,2399.0,16.20945945945946,2.315966947382727,95,95,2399.0,0.07048841044175158,1.3176124816838328,2.315966947382727,95,2399.0,1.3176124816838328
43645.0,96,2420.0,16.575342465753426,2.2198107286968987,96,96,2387.0,0.07625924829799142,1.3862986530011923,2.2198107286968987,96,2387.0,1.3862986530011923
43650.0,93,2469.0,16.79591836734694,2.4046929650806983,93,93,2469.0,0.0823722268496343,1.5016902788099973,2.4046929650806983,93,2469.0,1.5016902788099973
43655.0,96,2520.0,17.027027027027028,2.3786551628514827,95,96,2519.0,0.07447119812260129,1.3940580005882799,2.3786551628514827,95,2519.0,1.3940580005882799
43660.0,99,2545.0,17.431506849315067,1.90768860008422,99,99,2532.0,0.049134502109119134,0.979053435114512,1.90768860008422,99,2532.0,0.979053435114512
43665.0,96,2566.0,17.69655172413793,2.00502096328265,96,96,2566.0,0.05983589008515538,1.1349312977099155,2.00502096328265,96,2566.0,1.1349312977099155
43670.0,95,2479.0,17.09655172413793,1.7757042790660762,95,95,2479.0,0.05546220723164158,1.0561669046743898,1.7757042790660762,95,2479.0,1.0561669046743898
43675.0,93,2464.0,16.876712328767123,1.9182053876365868,93,93,2425.0,0.058255212040133085,1.1203184198259089,1.9182053876365868,93,2425.0,1.1203184198259089
43680.0,95,2471.0,16.80952380952381,2.0212317497582006,95,95,2471.0,0.061502321032596695,1.1367971906870389,2.0212317497582006,95,2471.0,1.1367971906870389
43685.0,97,2440.0,16.375838926174495,1.9313793970707809,97,97,2440.0,0.05815938442132128,1.0693328106779179,1.9313793970707809,97,2440.0,1.0693328106779179
43690.0,93,2414.0,16.534246575342465,2.067671297993856,93,93,2400.0,0.07014884968749721,1.2740523887140536,2.067671297993856,93,2400.0,1.2740523887140536
43695.0,93,2539.0,17.39041095890411,2.078003265477757,93,93,2539.0,0.07182811542321321,1.2895927432425485,2.078003265477757,93,2539.0,1.2895927432425485
43700.0,94,2664.0,18.246575342465754,2.016834044728794,94,94,2664.0,0.06550313778598206,1.2369258259784506,2.016834044728794,94,2664.0,1.2369258259784506
43705.0,97,2889.0,19.52027027027027,2.0754312273113356,97,97,2876.0,0.06180254696090769,1.1899199888094782,2.0754312273113356,97,2876.0,1.1899199888094782
43710.0,103,3224.0,21.931972789115648,1.8930754356231774,103,103,3224.0,0.058788246716656556,1.1065320762485649,1.8930754356231774,103,3224.0,1.1065320762485649
43715.0,106,3409.0,23.033783783783782,1.6966155821025146,106,106,3409.0,0.05085353279789273,0.9566430895704409,1.6966155821025146,106,3409.0,0.9566430895704409
43720.0,105,3502.0,23.346666666666668,1.7719678365685494,105,105,3444.0,0.05058352958602467,0.9204660778649562,1.7719678365685494,105,3444.0,0.9204660778649562
43725.0,106,3640.0,23.94736842105263,2.0696389480531665,106,106,3640.0,0.06019312753683302,1.0826137989352496,2.0696389480531665,106,3640.0,1.0826137989352496
43730.0,106,2862.0,18.95364238410596,1.7873512550289348,106,106,2862.0,0.05079328930092003,0.896002485315313,1.7873512550289348,106,2862.0,0.896002485315313
43735.0,105,2593.0,17.05921052631579,2.0123709683298694,105,105,2229.0,0.05428832720359604,0.9760679218964214,2.0123709683298694,105,2229.0,0.9760679218964214
43740.0,106,2743.0,18.165562913907284,2.150257156647409,106,106,2743.0,0.06005873017841905,1.0855753739067011,2.150257156647409,106,2743.0,1.0855753739067011
43745.0,106,2857.0,19.174496644295303,1.813816342672351,106,106,2857.0,0.047902547893897585,0.8944775696692969,1.813816342672351,106,2857.0,0.8944775696692969
43750.0,107,3031.0,20.61904761904762,1.8646666995867631,107,107,3010.0,0.05131839733629147,0.9609875641784047,1.8646666995867631,107,3010.0,0.9609875641784047
43755.0,112,3281.0,22.16891891891892,1.8357871383155557,112,112,3281.0,0.045159958503166925,0.8517443609022632,1.8357871383155557,112,3281.0,0.8517443609022632
43760.0,117,3555.0,23.859060402684563,1.7228293365396368,117,117,3555.0,0.037036177710496936,0.7444646725054687,1.7228293365396368,117,3555.0,0.7444646725054687
43765.0,116,3729.0,24.695364238410598,1.7255074162481854,116,116,3729.0,0.035402207502150854,0.7036559862294176,1.7255074162481854,116,3729.0,0.7036559862294176
43770.0,113,3823.0,25.65771812080537,1.7208563009690763,113,113,3790.0,0.04694898310751555,0.8742597324934595,1.7208563009690763,113,3790.0,0.8742597324934595
43775.0,109,3905.0,26.564625850340136,1.8961946089513388,109,109,3905.0,0.06302250497747662,1.1337269506856107,1.8961946089513388,109,3905.0,1.1337269506856107
43780.0,106,4046.0,27.71232876712329,1.8105297605563055,106,106,4046.0,0.05737472742518724,1.0280034876625201,1.8105297605563055,106,4046.0,1.0280034876625201
43785.0,108,4152.0,28.244897959183675,1.8161061003263101,108,108,4152.0,0.05403592452410795,1.0121955609136366,1.8161061003263101,108,4152.0,1.0121955609136366
43790.0,108,4086.0,27.24,1.707124256396981,108,108,4003.0,0.04194975941688029,0.8223436944761459,1.707124256396981,108,4003.0,0.8223436944761459
43795.0,105,4011.0,27.10135135135135,1.7477060101722073,105,105,3928.0,0.051392860411950035,0.961878041378925,1.7477060101722073,105,3928.0,0.961878041378925
43800.0,102,3876.0,26.367346938775512,1.7401149172205896,102,102,3876.0,0.05260306500365796,0.9696847041148923,1.7401149172205896,102,3876.0,0.9696847041148923
43805.0,99,3700.0,25.170068027210885,1.8138992981450242,99,99,3687.0,0.06046256400682289,1.088772070902239,1.8138992981450242,99,3687.0,1.088772070902239
43810.0,94,3500.0,23.972602739726028,2.1226816800901886,94,94,3500.0,0.07156568378229146,1.3348731965934433,2.1226816800901886,94,3500.0,1.3348731965934433
43815.0,90,3172.0,21.726027397260275,2.100260946989007,90,90,3172.0,0.06417850929616625,1.270887271442247,2.100260946989007,90,3172.0,1.270887271442247
43820.0,88,2916.0,19.972602739726028,2.3453135929558244,88,88,2872.0,0.07447118363139874,1.4649964315094026,2.3453135929558244,88,2872.0,1.4649964315094026
43825.0,88,2678.0,18.46896551724138,2.4263472561211152,88,88,2678.0,0.07837232449745421,1.499767250931349,2.4263472561211152,88,2678.0,1.499767250931349
43830.0,87,2449.0,17.006944444444443,2.343339139193115,87,87,2449.0,0.07670481772968932,1.465732364005581,2.343339139193115,87,2449.0,1.465732364005581
43835.0,87,2304.0,15.889655172413793,2.4156166168251607,87,87,2291.0,0.07139764995206002,1.3719632268421889,2.4156166168251607,87,2291.0,1.3719632268421889
43840.0,90,2164.0,14.924137931034483,2.2152405132887054,90,90,2164.0,0.06484827581006022,1.2019996104104798,2.2152405132887054,90,2164.0,1.2019996104104798
43845.0,86,1758.0,12.208333333333334,2.2103832014962848,86,86,1758.0,0.0625944203662949,1.2050340906351857,2.2103832014962848,86,1758.0,1.2050340906351857
43850.0,87,1707.0,11.772413793103448,2.2166111410344684,87,87,1609.0,0.0608859917473589,1.1700501942413188,2.2166111410344684,87,1609.0,1.1700501942413188
43855.0,94,2013.0,13.787671232876713,2.2552148470627538,94,94,2013.0,0.06520163452025593,1.2067008251947164,2.2552148470627538,94,2013.0,1.2067008251947164
43860.0,99,2313.0,15.628378378378379,2.124191748096022,99,99,2313.0,0.05180356891911434,0.9974957980710375,2.124191748096022,99,2313.0,0.9974957980710375
43865.0,104,2737.0,18.493243243243242,2.0229724671293097,104,104,2709.0,0.05128215431448699,0.9598746588232745,2.0229724671293097,104,2709.0,0.9598746588232745
43870.0,110,3202.0,21.931506849315067,1.8674826190864202,110,110,3202.0,0.05277580227687742,0.9804023482897056,1.8674826190864202,110,3202.0,0.9804023482897056
43875.0,112,3596.0,24.63013698630137,1.5936239552069784,112,112,3596.0,0.03679285849749904,0.6991249996632458,1.5936239552069784,112,3596.0,0.6991249996632458
43880.0,109,3920.0,26.84931506849315,1.7248775182711027,109,109,3892.0,0.04562678107464302,0.8695873459726668,1.7248775182711027,109,3892.0,0.8695873459726668
43885.0,106,4228.0,28.56756756756757,2.0567101029298853,106,106,4228.0,0.06163110483511754,1.1478310501382816,2.0567101029298853,106,4228.0,1.1478310501382816
43890.0,104,4257.0,29.15753424657534,1.9660952471528337,103,104,4256.0,0.05529289574149252,1.069386329641954,1.9660952471528337,103,4256.0,1.069386329641954
43895.0,101,4127.0,28.65972222222222,1.9393121404301406,101,101,4039.0,0.056425769138526705,1.0622602248291868,1.9393121404301406,101,4039.0,1.0622602248291868
43900.0,103,4026.0,27.76551724137931,1.8174846325526122,103,103,4026.0,0.05174053662935867,0.907401903483765,1.8174846325526122,103,4026.0,0.907401903483765
43905.0,104,3889.0,26.45578231292517,1.8176568746685382,104,104,3889.0,0.048078394509844254,0.8504407700001928,1.8176568746685382,104,3889.0,0.8504407700001928
43910.0,100,3709.0,25.579310344827586,1.7813105106744693,100,100,3696.0,0.04968513269882578,0.865704624302501,1.7813105106744693,100,3696.0,0.865704624302501
43915.0,98,3518.0,24.430555555555557,1.8531195239021452,98,98,3518.0,0.06284242012553723,1.0927885720731283,1.8531195239021452,98,3518.0,1.0927885720731283
43920.0,94,3217.0,22.496503496503497,1.8691569174445866,94,94,3217.0,0.05983169886849774,1.0720804732423257,1.8691569174445866,94,3217.0,1.0720804732423257
43925.0,93,2987.0,20.743055555555557,1.9964672544305873,93,93,2946.0,0.06560373097556657,1.1744529266699457,1.9964672544305873,93,2946.0,1.1744529266699457
43930.0,93,2767.0,19.21527777777778,2.1701382128520232,93,93,2767.0,0.07136769199357959,1.248953056179172,2.1701382128520232,93,2767.0,1.248953056179172
43935.0,90,2498.0,17.46853146853147,2.1403935114774515,90,90,2498.0,0.06473445330513593,1.2201701486274203,2.1403935114774515,90,2498.0,1.2201701486274203
43940.0,87,2234.0,15.957142857142857,2.189039600296183,87,87,2221.0,0.07178472417989173,1.3571326160190162,2.189039600296183,87,2221.0,1.3571326160190162
43945.0,88,2059.0,14.5,2.2900773741333476,88,88,2059.0,0.07718741313833709,1.4021917410106024,2.2900773741333476,88,2059.0,1.4021917410106024
43950.0,89,1750.0,12.237762237762238,2.1793593103798554,88,89,1749.0,0.06861667342629177,1.2772019677612172,2.1793593103798554,88,1749.0,1.2772019677612172
43955.0,87,1432.0,10.084507042253522,2.1841192384110544,87,87,1388.0,0.06928001197003418,1.2834180913355102,2.1841192384110544,87,1388.0,1.2834180913355102
43960.0,89,1472.0,10.151724137931035,2.1729446595923037,89,89,1472.0,0.0643593413611753,1.1923458545165038,2.1729446595923037,89,1472.0,1.1923458545165038
43965.0,91,1492.0,10.36111111111111,2.028434600760081,91,91,1492.0,0.05903761066817813,1.120827661869994,2.028434600760081,91,1492.0,1.120827661869994
43970.0,89,1511.0,10.420689655172414,2.164250601070265,89,89,1498.0,0.0658692900846136,1.2309346330393955,2.164250601070265,89,1498.0,1.2309346330393955
43975.0,91,1574.0,11.006993006993007,2.1449241536091836,91,91,1574.0,0.0707846341083419,1.3064377294885752,2.1449241536091836,91,1574.0,1.3064377294885752
43980.0,90,1545.0,10.729166666666666,2.049489271016228,90,90,1545.0,0.056571302850891195,1.099888804594212,2.049489271016228,90,1545.0,1.099888804594212
43985.0,90,1595.0,10.924657534246576,2.147949724454247,90,90,1557.0,0.06318295311801066,1.1903535085212509,2.147949724454247,90,1557.0,1.1903535085212509
43990.0,92,1663.0,11.54861111111111,2.180702103752171,92,92,1663.0,0.06958706032998359,1.2901829658855946,2.180702103752171,92,1663.0,1.2901829658855946
43995.0,91,1688.0,11.722222222222221,2.01911269227018,91,91,1688.0,0.06216708761988479,1.1900436888692771,2.01911269227018,91,1688.0,1.1900436888692771
44000.0,88,1718.0,12.098591549295774,2.1616305126135718,88,88,1705.0,0.0705704390247979,1.3491898391841675,2.1616305126135718,88,1705.0,1.3491898391841675
44005.0,90,1768.0,12.363636363636363,2.2254677473522433,90,90,1768.0,0.07467419814229068,1.398430410767687,2.2254677473522433,90,1768.0,1.398430410767687
44010.0,89,1684.0,11.776223776223777,2.2204102725702004,88,89,1683.0,0.06505562610600073,1.291199138092344,2.2204102725702004,88,1683.0,1.291199138092344
44015.0,87,1546.0,10.964539007092199,2.1312225059105594,87,87,1502.0,0.06248686325262235,1.2487151320149905,2.1312225059105594,87,1502.0,1.2487151320149905
44020.0,88,1584.0,11.076923076923077,2.1242331930600593,88,88,1584.0,0.06368736651817006,1.2244793159446214,2.1242331930600593,88,1584.0,1.2244793159446214
44025.0,88,1592.0,11.055555555555555,2.1151406211575012,88,88,1592.0,0.05961469121084118,1.1709668799605788,2.1151406211575012,88,1592.0,1.1709668799605788
44030.0,91,1648.0,11.287671232876713,2.085850742343561,91,91,1635.0,0.057647564154390256,1.0977031249999991,2.085850742343561,91,1635.0,1.0977031249999991
44035.0,92,1718.0,12.098591549295774,2.109195756715096,92,92,1718.0,0.06541403387470163,1.2324319029601019,2.109195756715096,92,1718.0,1.2324319029601019
44040.0,88,1778.0,12.52112676056338,2.271099436571999,88,88,1778.0,0.06779948621755767,1.2556609075376324,2.271099436571999,88,1778.0,1.2556609075376324
44045.0,85,1710.0,11.958041958041958,2.289674152784031,85,85,1710.0,0.06916532855884135,1.304406253981897,2.289674152784031,85,1710.0,1.304406253981897
44050.0,83,1714.0,12.242857142857142,2.41800035128835,83,83,1668.0,0.08133869059459867,1.5243083372893802,2.41800035128835,83,1668.0,1.5243083372893802
44055.0,86,1795.0,12.640845070422536,2.5297424759979714,86,86,1795.0,0.081413415679839,1.5145989643573545,2.5297424759979714,86,1795.0,1.5145989643573545
44060.0,89,1814.0,13.050359712230216,2.387861309811723,89,89,1814.0,0.0711974675700152,1.3689757856131033,2.387861309811723,89,1814.0,1.3689757856131033
44065.0,89,1761.0,12.66906474820144,2.4498004577195363,89,89,1727.0,0.0725210215821495,1.3657731765861554,2.4498004577195363,89,1727.0,1.3657731765861554
44070.0,84,1693.0,12.357664233576642,2.6195444060015918,84,84,1693.0,0.08573526749157923,1.5802546764438148,2.6195444060015918,84,1693.0,1.5802546764438148
44075.0,81,1636.0,12.029411764705882,2.6297973856723966,81,81,1636.0,0.07953986391085416,1.5091953384631245,2.6297973856723966,81,1636.0,1.5091953384631245
44080.0,87,1812.0,13.035971223021583,2.4596470028691404,87,87,1799.0,0.06386799378149258,1.22993002691667,2.4596470028691404,87,1799.0,1.22993002691667
44085.0,96,2091.0,15.262773722627736,2.295232718580132,96,96,2091.0,0.06486605574491137,1.19164134900827,2.295232718580132,96,2091.0,1.19164134900827
44090.0,100,2270.0,16.214285714285715,2.0510520842673836,100,100,2270.0,0.0494360278707923,0.9285592486210754,2.0510520842673836,100,2270.0,0.9285592486210754
44095.0,99,2367.0,17.277372262773724,1.9498718831680701,99,99,2324.0,0.0458412683962923,0.8735600908930087,1.9498718831680701,99,2324.0,0.8735600908930087
44100.0,95,2447.0,18.125925925925927,2.136436243029681,95,95,2447.0,0.05940125982459477,1.1040106233527809,2.136436243029681,95,2447.0,1.1040106233527809
44105.0,93,2495.0,18.7593984962406,1.833371430169676,93,93,2495.0,0.05669925566465747,1.0932095641550783,1.833371430169676,93,2495.0,1.0932095641550783
44110.0,93,2554.0,19.203007518796994,2.0148698736666546,93,93,2546.0,0.0603149309634204,1.1413726783218971,2.0148698736666546,93,2546.0,1.1413726783218971
44115.0,93,2614.0,19.362962962962964,2.080515838094596,93,93,2614.0,0.06454854565270593,1.2038770491803252,2.080515838094596,93,2614.0,1.2038770491803252
44120.0,90,2189.0,16.458646616541355,2.1297890785062465,90,90,2189.0,0.06656896456403556,1.2682081326682548,2.1297890785062465,90,2189.0,1.2682081326682548
44125.0,93,2233.0,16.916666666666668,2.0144969590836705,93,93,2015.0,0.0650565477453056,1.2382824745463952,2.0144969590836705,93,2015.0,1.2382824745463952
44130.0,98,2483.0,18.669172932330827,1.991784584764248,98,98,2483.0,0.06458323976834127,1.1579331594654125,1.991784584764248,98,2483.0,1.1579331594654125
44135.0,102,2753.0,20.392592592592592,1.910235164337229,102,102,2753.0,0.05004340477755411,0.9649005012500849,1.910235164337229,102,2753.0,0.9649005012500849
44140.0,105,3083.0,22.669117647058822,1.6553501723599662,105,105,3079.0,0.038565700730342024,0.7293959948200519,1.6553501723599662,105,3079.0,0.7293959948200519
44145.0,110,3607.0,26.522058823529413,1.589256995537265,110,110,3607.0,0.03505273932079915,0.6796717202925778,1.589256995537265,110,3607.0,0.6796717202925778
44150.0,113,3946.0,29.44776119402985,1.2363990248098675,113,113,3946.0,0.021649369592009665,0.4220783554969099,1.2363990248098675,113,3946.0,0.4220783554969099
44155.0,111,4135.0,31.090225563909776,1.3291074683005057,111,111,4062.0,0.03393349233480409,0.6176884410032272,1.3291074683005057,111,4062.0,0.6176884410032272
44160.0,107,4302.0,32.34586466165413,1.5768387883198653,107,107,4302.0,0.045900068445162416,0.8010352818975875,1.5768387883198653,107,4302.0,0.8010352818975875
44165.0,103,4450.0,32.720588235294116,1.839004553995766,103,103,4450.0,0.049395529412359675,0.9173630652031356,1.839004553995766,103,4450.0,0.9173630652031356
44170.0,99,4384.0,33.21212121212121,1.8097953673224652,99,99,4384.0,0.06030089003912212,1.1062017259745778,1.8097953673224652,99,4384.0,1.1062017259745778
44175.0,95,4165.0,31.082089552238806,1.9464976423212883,95,95,4102.0,0.062306872252897404,1.131683742312652,1.9464976423212883,95,4102.0,1.131683742312652
44180.0,91,3927.0,29.30597014925373,2.331210127308041,91,91,3927.0,0.0773045998260462,1.4210903357411355,2.331210127308041,91,3927.0,1.4210903357411355
44185.0,90,3627.0,27.067164179104477,2.3920439082907783,90,90,3627.0,0.0814214659836802,1.5331797127506912,2.3920439082907783,90,3627.0,1.5331797127506912
44190.0,90,3369.0,25.717557251908396,2.1787632421809713,90,90,3328.0,0.0720599270777832,1.3693957323020653,2.1787632421809713,90,3328.0,1.3693957323020653
44195.0,90,3119.0,23.80916030534351,2.1979881478666137,90,90,3119.0,0.07187854311518815,1.3589915526165515,2.1979881478666137,90,3119.0,1.3589915526165515
44200.0,88,2758.0,20.736842105263158,2.097843469807416,88,88,2758.0,0.06260166974068342,1.1694518025314287,2.097843469807416,88,2758.0,1.1694518025314287
44205.0,87,2479.0,18.78030303030303,2.21649968056189,87,87,2434.0,0.07263083802841559,1.3186082667859442,2.21649968056189,87,2434.0,1.3186082667859442
44210.0,87,2216.0,16.53731343283582,2.4075324504686995,87,87,2216.0,0.08006687965500157,1.4374074890265154,2.4075324504686995,87,2216.0,1.4374074890265154
44215.0,89,2053.0,15.32089552238806,2.4039488183840794,89,89,2053.0,0.07506067259271405,1.3353978421718724,2.4039488183840794,89,2053.0,1.3353978421718724
44220.0,91,2075.0,15.719696969696969,2.297994725079864,91,91,2075.0,0.06337600037780682,1.1916950249903326,2.297994725079864,91,2075.0,1.1916950249903326
44225.0,96,2223.0,16.58955223880597,1.9795205787091439,96,96,2175.0,0.04915883183273288,0.9382224633710589,1.9795205787091439,96,2175.0,0.9382224633710589
44230.0,96,2449.0,18.553030303030305,2.0643893523602075,96,96,2449.0,0.06212733320445197,1.1448414924570012,2.0643893523602075,96,2449.0,1.1448414924570012
44235.0,100,2688.0,20.363636363636363,1.6715550649839062,100,100,2688.0,0.04544756884198318,0.8504777036925961,1.6715550649839062,100,2688.0,0.8504777036925961
44240.0,103,2947.0,22.157894736842106,1.7581844123574246,103,103,2947.0,0.042629563341194304,0.8353640714914632,1.7581844123574246,103,2947.0,0.8353640714914632
44245.0,108,3218.0,23.83703703703704,1.5954906706431748,108,108,3218.0,0.03949343669753128,0.78823696696469,1.5954906706431748,108,3218.0,0.78823696696469
44250.0,106,3458.0,25.614814814814814,1.613374452196636,106,106,3458.0,0.040039056591350444,0.7915047612193707,1.613374452196636,106,3458.0,0.7915047612193707
44255.0,106,3738.0,27.895522388059703,1.7133534414123197,106,106,3716.0,0.05000582925003977,0.9614888998461659,1.7133534414123197,106,3716.0,0.9614888998461659
44260.0,106,4018.0,30.210526315789473,1.5290972288362576,106,106,4018.0,0.04853759279237455,0.88708129821357,1.5290972288362576,106,4018.0,0.88708129821357
44265.0,105,4060.0,30.757575757575758,1.3150126350821016,105,105,4060.0,0.041097589233493693,0.7618179312709905,1.3150126350821016,105,4060.0,0.7618179312709905
44270.0,100,3920.0,29.253731343283583,1.5466926021329581,100,100,3842.0,0.04693419683551212,0.8533032889600269,1.5466926021329581,100,3842.0,0.8533032889600269
44275.0,96,3759.0,28.05223880597015,1.9138843825405873,96,96,3759.0,0.06360413957534183,1.1106356845371663,1.9138843825405873,96,3759.0,1.1106356845371663
44280.0,94,3599.0,27.47328244274809,1.8085753135037983,94,94,3599.0,0.059434680448256366,1.0883241842378295,1.8085753135037983,94,3599.0,1.0883241842378295
44285.0,96,3523.0,26.893129770992367,1.6147718969706637,96,96,3519.0,0.050926853719704304,0.9476161538643288,1.6147718969706637,96,3519.0,0.9476161538643288
44290.0,101,3618.0,27.40909090909091,1.6583325871475245,101,101,3618.0,0.04902078572321763,0.9245989778565101,1.6583325871475245,101,3618.0,0.9245989778565101
44295.0,104,3687.0,27.110294117647058,1.6618235510265962,104,104,3687.0,0.045244249797338675,0.8503178319094895,1.6618235510265962,104,3687.0,0.8503178319094895
44300.0,101,3719.0,27.145985401459853,1.8536201912008705,101,101,3706.0,0.05179976907461523,1.0032411617481325,1.8536201912008705,101,3706.0,1.0032411617481325
44305.0,100,3739.0,26.707142857142856,2.0152756070405324,100,100,3739.0,0.06134248039365744,1.1271654556605444,2.0152756070405324,100,3739.0,1.1271654556605444
44310.0,97,3742.0,27.313868613138688,1.9002197269492984,97,97,3742.0,0.05796804842593378,1.102811999295084,1.9002197269492984,97,3742.0,1.102811999295084
44315.0,97,3756.0,27.61764705882353,2.029551309651288,97,97,3749.0,0.06643302622078597,1.2350753437507873,2.029551309651288,97,3749.0,1.2350753437507873
44320.0,98,3946.0,28.802919708029197,1.882810988713656,98,98,3946.0,0.06035689646290254,1.1114977946405207,1.882810988713656,98,3946.0,1.1114977946405207
44325.0,99,4301.0,31.85925925925926,1.7740825682439367,99,99,4301.0,0.05176819972271221,1.0194385093865947,1.7740825682439367,99,4301.0,1.0194385093865947
44330.0,99,4646.0,34.41481481481482,1.55890574890639,99,99,4633.0,0.04566068920869417,0.858381221382739,1.55890574890639,99,4633.0,0.858381221382739
44335.0,98,4993.0,37.26119402985075,1.7252187876838065,98,98,4993.0,0.057093659740524015,1.0584817812761553,1.7252187876838065,98,4993.0,1.0584817812761553
44340.0,95,5314.0,39.954887218045116,1.7536022469192438,95,95,5314.0,0.05487363813240423,1.049717324274576,1.7536022469192438,95,5314.0,1.049717324274576
44345.0,96,5641.0,41.47794117647059,1.786863389428683,96,96,5636.0,0.05302080701635407,0.9957637639262461,1.786863389428683,96,5636.0,0.9957637639262461
44350.0,97,5997.0,44.422222222222224,1.8874226249377644,97,97,5997.0,0.05518281914464724,1.0838571815590152,1.8874226249377644,97,5997.0,1.0838571815590152
44355.0,99,6056.0,44.529411764705884,1.733526743048522,99,99,6056.0,0.04501484165919392,0.9018919069467223,1.733526743048522,99,6056.0,0.9018919069467223
44360.0,100,5881.0,43.24264705882353,1.8683317777174007,100,100,5763.0,0.051138781071451145,0.9846747026821042,1.8683317777174007,100,5763.0,0.9846747026821042
44365.0,96,5691.0,41.54014598540146,2.1492759998359063,96,96,5691.0,0.06608153934507247,1.2278455801794657,2.1492759998359063,96,5691.0,1.2278455801794657
44370.0,93,5468.0,40.50370370370371,2.050878761672869,93,93,5468.0,0.05883192501950331,1.152221478774178,2.050878761672869,93,5468.0,1.152221478774178
44375.0,93,5258.0,39.23880597014925,2.105109931924242,93,93,5248.0,0.057490329540817627,1.1363716922492602,2.105109931924242,93,5248.0,1.1363716922492602
44380.0,98,5129.0,38.276119402985074,1.916041382464788,98,98,5129.0,0.05255578553568377,0.9877848962670637,1.916041382464788,98,5129.0,0.9877848962670637
44385.0,103,5034.0,38.42748091603053,1.533706879938815,103,103,5034.0,0.040286788373214505,0.7833704189927139,1.533706879938815,103,5034.0,0.7833704189927139
44390.0,102,4802.0,36.656488549618324,1.5137226852587222,102,102,4802.0,0.03630779432648215,0.7123741539976809,1.5137226852587222,102,4802.0,0.7123741539976809
44395.0,98,4451.0,33.97709923664122,1.653918244088451,98,98,4403.0,0.04820284997389967,0.8925389274746972,1.653918244088451,98,4403.0,0.8925389274746972
44400.0,94,4080.0,31.627906976744185,1.8824583931756178,94,94,4080.0,0.06512113356444559,1.1728663804309445,1.8824583931756178,94,4080.0,1.1728663804309445
44405.0,91,3677.0,27.856060606060606,1.9062173275515308,91,91,3677.0,0.06280339169010532,1.137608865320463,1.9062173275515308,91,3677.0,1.137608865320463
44410.0,92,3284.0,25.068702290076335,2.0075055751170994,92,92,3275.0,0.06123575209983137,1.158852335918647,2.0075055751170994,92,3275.0,1.158852335918647
44415.0,92,2896.0,21.939393939393938,2.0653899172002848,92,92,2896.0,0.06894265380558533,1.2833815063782976,2.0653899172002848,92,2896.0,1.2833815063782976
44420.0,91,2496.0,19.2,2.0300386490909497,91,91,2496.0,0.06282734437543953,1.2345971131251925,2.0300386490909497,91,2496.0,1.2345971131251925
44425.0,93,2451.0,18.568181818181817,1.9927278817649403,93,93,2403.0,0.06306461249330197,1.184454870521235,1.9927278817649403,93,2403.0,1.184454870521235
44430.0,93,2410.0,18.257575757575758,2.0494928080336745,93,93,2410.0,0.07138570627188166,1.306353035399046,2.0494928080336745,93,2410.0,1.306353035399046
44435.0,91,2357.0,17.856060606060606,2.002461540768772,91,91,2357.0,0.0629184561711956,1.2078146587268392,2.002461540768772,91,2357.0,1.2078146587268392
44440.0,94,2378.0,17.614814814814814,1.8776687854995253,94,94,2374.0,0.05302618557810139,1.0034166835245824,1.8776687854995253,94,2374.0,1.0034166835245824
44445.0,99,2602.0,19.417910447761194,1.8538809692645952,99,99,2602.0,0.05393680839186708,1.0379903093750267,1.8538809692645952,99,2602.0,1.0379903093750267
44450.0,104,2862.0,21.35820895522388,1.582840999523668,104,104,2862.0,0.04718219975339263,0.8490002008467566,1.582840999523668,104,2862.0,0.8490002008467566
44455.0,106,3141.0,23.440298507462686,1.551437143905513,106,106,3141.0,0.03818729803860042,0.7238251944637039,1.551437143905513,106,3141.0,0.7238251944637039
44460.0,104,3008.0,22.9618320610687,1.4793763535602569,104,104,3008.0,0.03754800644327119,0.7276898941314219,1.4793763535602569,104,3008.0,0.7276898941314219
44465.0,104,3252.0,24.451127819548873,1.5078787330085759,104,104,3059.0,0.045671610900869075,0.8363619000430632,1.5078787330085759,104,3059.0,0.8363619000430632
44470.0,105,3526.0,26.51127819548872,1.621711727736083,105,105,3526.0,0.05203311142503421,0.9310275085662152,1.621711727736083,105,3526.0,0.9310275085662152
44475.0,104,3789.0,28.276119402985074,1.5639544069466498,104,104,3789.0,0.04286351059699974,0.8049246445231146,1.5639544069466498,104,3789.0,0.8049246445231146
44480.0,105,4063.0,30.548872180451127,1.6765496085182054,105,105,4056.0,0.04910124046601134,0.8794112358006884,1.6765496085182054,105,4056.0,0.8794112358006884
44485.0,108,4412.0,33.17293233082707,1.6092714652461104,108,108,4412.0,0.054525548927003085,0.9715945601018396,1.6092714652461104,108,4412.0,0.9715945601018396
44490.0,112,4958.0,37.56060606060606,1.342127773744404,112,112,4958.0,0.03896939107481336,0.6896312274716959,1.342127773744404,112,4958.0,0.6896312274716959
44495.0,114,5256.0,39.5187969924812,1.3174645294689604,114,114,5256.0,0.036150274018740075,0.6428779236658665,1.3174645294689604,114,5256.0,0.6428779236658665
44500.0,111,5362.0,40.014925373134325,1.1885050924584468,111,111,5274.0,0.03599107085600028,0.6252178153831737,1.1885050924584468,111,5274.0,0.6252178153831737
44505.0,110,5465.0,40.48148148148148,1.415423349135055,110,110,5465.0,0.04485969454478044,0.7884475052687948,1.415423349135055,110,5465.0,0.7884475052687948
44510.0,106,5330.0,38.90510948905109,1.4656090507085513,106,106,5330.0,0.041668359307367876,0.7623620128933533,1.4656090507085513,106,5330.0,0.7623620128933533
44515.0,104,5027.0,36.963235294117645,1.511566042496655,104,104,4954.0,0.037235936973792697,0.717717273549169,1.511566042496655,104,4954.0,0.717717273549169
44520.0,99,4702.0,34.82962962962963,1.6922606634353639,99,99,4702.0,0.04966527779861705,0.9182046829014503,1.6922606634353639,99,4702.0,0.9182046829014503
44525.0,97,4316.0,31.735294117647058,1.5442369101740756,97,97,4316.0,0.04551724597823746,0.8436400505155786,1.5442369101740756,97,4316.0,0.8436400505155786
44530.0,92,3881.0,28.748148148148147,1.808676697587002,92,92,3868.0,0.06022476075115054,1.111204459039226,1.808676697587002,92,3868.0,1.111204459039226
44535.0,89,3423.0,25.169117647058822,1.9593530011282245,89,89,3423.0,0.06781595460682666,1.2352462733977037,1.9593530011282245,89,3423.0,1.2352462733977037
44540.0,84,2900.0,21.48148148148148,2.063736034607781,84,84,2900.0,0.06953165001333499,1.3264764710016945,2.063736034607781,84,2900.0,1.3264764710016945
44545.0,83,2363.0,17.248175182481752,2.119891818071674,82,83,2347.0,0.07229278607673897,1.3439563653054398,2.119891818071674,82,2347.0,1.3439563653054398
44550.0,78,2042.0,15.014705882352942,2.210815301962496,78,78,2042.0,0.078936604686416,1.4256555663609671,2.210815301962496,78,2042.0,1.4256555663609671
44555.0,78,1837.0,13.708955223880597,2.291945927563679,78,78,1837.0,0.08308685405583947,1.5137448487821845,2.291945927563679,78,1837.0,1.5137448487821845
44560.0,80,1610.0,11.925925925925926,1.9913059179102608,80,80,1596.0,0.06496990968641266,1.2150233093833875,1.9913059179102608,80,1596.0,1.2150233093833875
44565.0,77,1384.0,10.328358208955224,2.2940046064020985,77,77,1384.0,0.07994025921770383,1.4605550632484825,2.2940046064020985,77,1384.0,1.4605550632484825
44570.0,73,967.0,7.162962962962963,2.201447373545074,73,73,967.0,0.06952929729753568,1.3239263529618996,2.201447373545074,73,967.0,1.3239263529618996
44575.0,71,720.0,5.333333333333333,2.455992424542234,71,71,657.0,0.08269025803177624,1.4683794151367062,2.455992424542234,71,657.0,1.4683794151367062
44580.0,77,887.0,6.619402985074627,2.573698118197713,77,77,887.0,0.09013142137268945,1.596843770740481,2.573698118197713,77,887.0,1.596843770740481
44585.0,87,1137.0,8.299270072992702,2.2641874836459994,87,87,1137.0,0.0638356451877276,1.149131494333582,2.2641874836459994,87,1137.0,1.149131494333582
44590.0,91,1316.0,9.748148148148148,2.022835406296349,91,91,1316.0,0.05885461558130483,1.0655631720508714,2.022835406296349,91,1316.0,1.0655631720508714
44595.0,86,1411.0,10.451851851851853,2.0631684383231996,86,86,1377.0,0.0654180524430854,1.2012137799165623,2.0631684383231996,86,1377.0,1.2012137799165623
44600.0,83,1487.0,11.014814814814814,2.4203375040794124,83,83,1487.0,0.07868467825366245,1.4094020674844603,2.4203375040794124,83,1487.0,1.4094020674844603
44605.0,80,1571.0,11.723880597014926,2.635715011757776,80,80,1571.0,0.08596308051505606,1.589501141867746,2.635715011757776,80,1571.0,1.589501141867746
44610.0,88,1785.0,13.125,2.519594621342452,88,88,1785.0,0.07932129056895464,1.478532063687996,2.519594621342452,88,1785.0,1.478532063687996
44615.0,94,2050.0,15.185185185185185,2.2837671532103103,94,94,2048.0,0.058790931604236214,1.1309099486314722,2.2837671532103103,94,2048.0,1.1309099486314722
44620.0,100,2357.0,17.45925925925926,1.986521406570092,100,100,2355.0,0.0503120812658765,0.9266835073292646,1.986521406570092,100,2355.0,0.9266835073292646
44625.0,100,2674.0,19.807407407407407,2.061585836571409,100,100,2674.0,0.05353323671529781,0.9644504338538443,2.061585836571409,100,2674.0,0.9644504338538443
44630.0,100,2994.0,21.854014598540147,2.1181175362160305,100,100,2994.0,0.052290649765852265,0.9848155665928201,2.1181175362160305,100,2994.0,0.9848155665928201
44635.0,100,3314.0,24.18978102189781,2.1223487722999965,100,100,3314.0,0.04233850085796467,0.8579170631908892,2.1223487722999965,100,3314.0,0.8579170631908892
44640.0,101,3639.0,27.15671641791045,2.0975735380143976,101,101,3639.0,0.04834247330673905,0.9467803110541362,2.0975735380143976,101,3639.0,0.9467803110541362
44645.0,98,3733.0,28.06766917293233,1.8731429124250056,98,98,3733.0,0.049855293355801585,0.9380299766822434,1.8731429124250056,98,3733.0,0.9380299766822434
44650.0,94,3657.0,28.130769230769232,1.9252857952798001,94,94,3584.0,0.06497994380281516,1.204739761639027,1.9252857952798001,94,3584.0,1.204739761639027
44655.0,90,3595.0,27.868217054263567,2.1320818009258278,90,90,3595.0,0.08337119498396216,1.5060762007536204,2.1320818009258278,90,3595.0,1.5060762007536204
44660.0,92,3376.0,25.96923076923077,2.0370648645897833,92,92,3376.0,0.07192554153024751,1.3149108006264916,2.0370648645897833,92,3376.0,1.3149108006264916
44665.0,100,3476.0,26.13533834586466,1.8554183482175148,100,100,3320.0,0.0550507294891708,0.9994537741232928,1.8554183482175148,100,3320.0,0.9994537741232928
44670.0,101,3597.0,27.25,1.768651343726646,101,101,3597.0,0.05522425263203983,0.9752035284999802,1.768651343726646,101,3597.0,0.9752035284999802
44675.0,100,3704.0,28.27480916030534,1.7542349825344203,100,100,3704.0,0.05137749489610503,0.9480556886428401,1.7542349825344203,100,3704.0,0.9480556886428401
44680.0,102,3836.0,28.842105263157894,1.5906280216013229,102,102,3824.0,0.04722791013399616,0.8472977770958127,1.5906280216013229,102,3824.0,0.8472977770958127
44685.0,107,3987.0,29.533333333333335,1.5865378339917093,107,107,3987.0,0.04692071070676563,0.8127546189949236,1.5865378339917093,107,3987.0,0.8127546189949236
44690.0,105,3903.0,28.698529411764707,1.514629265182133,105,105,3903.0,0.040269415503317585,0.7167099525642155,1.514629265182133,105,3903.0,0.7167099525642155
44695.0,102,3738.0,27.68888888888889,1.6264147307441759,102,102,3660.0,0.04413240759943872,0.8094133639373147,1.6264147307441759,102,3660.0,0.8094133639373147
44700.0,99,3789.0,28.276119402985074,1.9152196531425631,99,99,3789.0,0.06267700522929771,1.1199495390515517,1.9152196531425631,99,3789.0,1.1199495390515517
44705.0,100,3750.0,27.573529411764707,1.7232369683107387,100,100,3750.0,0.04507108270704369,0.873509072429611,1.7232369683107387,100,3750.0,0.873509072429611
44710.0,99,3624.0,27.044776119402986,1.8046930333210387,99,99,3581.0,0.04991428416744123,0.9441843308076275,1.8046930333210387,99,3581.0,0.9441843308076275
44715.0,95,3481.0,25.785185185185185,2.031273628185123,95,95,3481.0,0.06388388454674546,1.1649651996918395,2.031273628185123,95,3481.0,1.1649651996918395
44720.0,91,3272.0,24.601503759398497,2.0448612266190884,91,91,3272.0,0.06662538796045173,1.2222032518878458,2.0448612266190884,91,3272.0,1.2222032518878458
44725.0,93,3102.0,23.149253731343283,2.164127428614369,93,93,3078.0,0.06637030882800662,1.2469932264480643,2.164127428614369,93,3078.0,1.2469932264480643
44730.0,92,2933.0,21.888059701492537,2.2604159261632413,92,92,2933.0,0.07172491148220947,1.303262078303076,2.2604159261632413,92,2933.0,1.303262078303076
44735.0,89,2672.0,20.242424242424242,2.218626844943015,89,89,2672.0,0.06609669648784403,1.2607771443609166,2.218626844943015,89,2672.0,1.2607771443609166
44740.0,86,2331.0,17.395522388059703,2.2080528607179937,86,86,2303.0,0.06145781367351471,1.1379006091128623,2.2080528607179937,86,2303.0,1.1379006091128623
44745.0,82,1976.0,14.969696969696969,2.4208927692603024,82,82,1976.0,0.08002477262533662,1.4465521812705182,2.4208927692603024,82,1976.0,1.4465521812705182
44750.0,77,1530.0,11.503759398496241,2.4071016228512176,77,77,1530.0,0.07264006558295344,1.3840749320129264,2.4071016228512176,77,1530.0,1.3840749320129264
44755.0,75,1123.0,8.638461538461538,2.4787165395320723,75,75,1095.0,0.07996967776363385,1.5040652025302563,2.4787165395320723,75,1095.0,1.5040652025302563
44760.0,77,1154.0,8.876923076923077,2.5757117399054237,77,77,1154.0,0.08842129966185105,1.611346977327192,2.5757117399054237,77,1154.0,1.611346977327192
44765.0,83,1218.0,9.08955223880597,2.2570625692761515,83,83,1218.0,0.06560238273786846,1.2661245472578768,2.2570625692761515,83,1218.0,1.2661245472578768
44770.0,88,1347.0,10.12781954887218,2.230047645794872,88,88,1325.0,0.06510616592344615,1.2344132627494027,2.230047645794872,88,1325.0,1.2344132627494027
44775.0,90,1492.0,11.051851851851852,2.2646740714071254,90,90,1492.0,0.07041354766250359,1.277716914966925,2.2646740714071254,90,1492.0,1.277716914966925
44780.0,89,1598.0,11.925373134328359,2.2521995062861597,89,89,1598.0,0.06418689795722933,1.1922960395536042,2.2521995062861597,89,1598.0,1.1922960395536042
44785.0,86,1653.0,12.335820895522389,2.4124771777779475,86,86,1640.0,0.07418273316623968,1.370894295271128,2.4124771777779475,86,1640.0,1.370894295271128
44790.0,81,1687.0,12.780303030303031,2.5335850616031252,81,81,1687.0,0.08328205009084301,1.5534291498798405,2.5335850616031252,81,1687.0,1.5534291498798405
44795.0,78,1702.0,12.893939393939394,2.6420753473635434,78,78,1702.0,0.08204445062695263,1.566984049749313,2.6420753473635434,78,1702.0,1.566984049749313
44800.0,80,1781.0,13.595419847328245,2.386140647627323,80,80,1778.0,0.07378694633163758,1.3549404832300602,2.386140647627323,80,1778.0,1.3549404832300602
44805.0,89,2120.0,16.307692307692307,2.2238882703234246,89,89,2120.0,0.07061075043018665,1.2733182134760315,2.2238882703234246,89,2120.0,1.2733182134760315
44810.0,96,2333.0,17.541353383458645,1.8800657426747356,96,96,2333.0,0.04452913033898111,0.8439805749196068,1.8800657426747356,96,2333.0,0.8439805749196068
44815.0,95,2436.0,18.31578947368421,1.9368538706902743,95,95,2378.0,0.04797045651116357,0.9125104423979864,1.9368538706902743,95,2378.0,0.9125104423979864
44820.0,93,2531.0,19.3206106870229,2.017670769056231,93,93,2531.0,0.06184823420520485,1.1547196923243503,2.017670769056231,93,2531.0,1.1547196923243503
44825.0,91,2603.0,19.71969696969697,1.9064215830555216,91,91,2603.0,0.05473368885871676,1.0668302013457256,1.9064215830555216,91,2603.0,1.0668302013457256
44830.0,93,2719.0,20.755725190839694,1.9851385024954766,93,93,2710.0,0.056120737770275195,1.0929488630538036,1.9851385024954766,93,2710.0,1.0929488630538036
44835.0,98,2899.0,22.129770992366414,1.92807571840937,98,98,2899.0,0.05386708917098039,1.047116952823642,1.92807571840937,98,2899.0,1.047116952823642
44840.0,99,3052.0,23.476923076923075,1.7959662495437747,99,99,3052.0,0.05362594989059722,1.0408830347374618,1.7959662495437747,99,3052.0,1.0408830347374618
44845.0,97,3159.0,24.3,1.7611372887844687,97,97,3146.0,0.0534698347084175,0.9994811366175756,1.7611372887844687,97,3146.0,0.9994811366175756
44850.0,91,3248.0,24.984615384615385,2.163454010999008,91,91,3248.0,0.07268132127324649,1.3283944257819433,2.163454010999008,91,3248.0,1.3283944257819433
44855.0,87,2974.0,23.234375,2.04919652752689,87,87,2974.0,0.06331818403544934,1.2129654051168857,2.04919652752689,87,2974.0,1.2129654051168857
44860.0,88,3035.0,23.346153846153847,2.129438292068214,88,88,2865.0,0.05964358643413583,1.1552586206896513,2.129438292068214,88,2865.0,1.1552586206896513
44865.0,89,3102.0,23.861538461538462,2.2384418104053547,89,89,3102.0,0.0657454053063919,1.2274657716267308,2.2384418104053547,89,3102.0,1.2274657716267308
44870.0,87,3139.0,24.333333333333332,2.0772615280556233,87,87,3139.0,0.06012917653237138,1.160939141152019,2.0772615280556233,87,3139.0,1.160939141152019
44875.0,88,3283.0,25.6484375,2.0840635789275623,88,88,3264.0,0.058844425625060225,1.1110215882950438,2.0840635789275623,88,3264.0,1.1110215882950438
44880.0,94,3668.0,28.65625,2.0295494878381195,94,94,3668.0,0.059723829147259426,1.1001277797550089,2.0295494878381195,94,3668.0,1.1001277797550089
44885.0,99,4077.0,30.886363636363637,1.8509715557760191,99,99,4077.0,0.047746835088746394,0.8872049050146305,1.8509715557760191,99,4077.0,0.8872049050146305
44890.0,98,4390.0,33.51145038167939,1.8262628228801978,98,98,4390.0,0.043946245824365814,0.8521662897814574,1.8262628228801978,98,4390.0,0.8521662897814574
44895.0,96,4621.0,34.485074626865675,1.907012905305237,96,96,4588.0,0.05305734221150592,0.9420555909506537,1.907012905305237,96,4588.0,0.9420555909506537
44900.0,93,4844.0,36.696969696969695,2.1006958078583082,93,93,4844.0,0.06903196424573135,1.215375385832583,2.1006958078583082,93,4844.0,1.215375385832583
44905.0,94,5089.0,38.847328244274806,2.0533173813859347,94,94,5089.0,0.06672412219151154,1.2560614014975955,2.0533173813859347,94,5089.0,1.2560614014975955
44910.0,99,5392.0,40.84848484848485,1.8915224551761292,99,99,5392.0,0.05044619186206987,0.9804500496116093,1.8915224551761292,99,5392.0,0.9804500496116093
44915.0,103,5726.0,43.378787878787875,1.8082358383538721,103,103,5726.0,0.04794689944424308,0.9330225275214556,1.8082358383538721,103,5726.0,0.9330225275214556
44920.0,103,6033.0,46.05343511450382,1.326133492795861,103,103,6033.0,0.033902451923388525,0.6605452181127424,1.326133492795861,103,6033.0,0.6605452181127424
44925.0,106,6380.0,47.96992481203007,1.455684893750224,106,106,6359.0,0.044012723351244024,0.7953195506095538,1.455684893750224,106,6359.0,0.7953195506095538
44930.0,107,6737.0,50.65413533834587,1.3520949294272568,107,107,6737.0,0.04738999609979606,0.7972081115251235,1.3520949294272568,107,6737.0,0.7972081115251235
44935.0,105,6672.0,50.54545454545455,1.3223901726975265,105,105,6672.0,0.03851561785421383,0.7010093020247841,1.3223901726975265,105,6672.0,0.7010093020247841
44940.0,100,6307.0,47.78030303030303,1.6543879619116015,100,100,6169.0,0.051716403733550353,0.9219255647187525,1.6543879619116015,100,6169.0,0.9219255647187525
44945.0,96,5919.0,43.84444444444444,1.8241912387004864,96,96,5919.0,0.058583774843576485,1.053320863478803,1.8241912387004864,96,5919.0,1.053320863478803
44950.0,92,5381.0,40.45864661654135,1.9050149907249463,92,92,5381.0,0.0648379968693401,1.1913167388091535,1.9050149907249463,92,5381.0,1.1913167388091535
44955.0,91,4794.0,35.776119402985074,1.842385317096608,91,91,4751.0,0.054536685316317134,1.0222507524735067,1.842385317096608,91,4751.0,1.0222507524735067
44960.0,91,4319.0,32.23134328358209,2.0200240233180797,91,91,4319.0,0.0641568282282155,1.2121257463056971,2.0200240233180797,91,4319.0,1.2121257463056971
44965.0,97,3853.0,28.124087591240876,1.8553840951627876,97,97,3853.0,0.05384485031212167,1.0607325827305536,1.8553840951627876,97,3853.0,1.0607325827305536
44970.0,98,3406.0,24.861313868613138,1.7685580929579519,98,98,3406.0,0.04962623043199715,0.9818016935177609,1.7685580929579519,98,3406.0,0.9818016935177609
44975.0,100,2971.0,21.686131386861312,1.7213637437854545,100,100,2971.0,0.04922078020699292,0.9715023375276323,1.7213637437854545,100,2971.0,0.9715023375276323
44980.0,101,2503.0,18.007194244604317,1.5360785843843656,101,101,2503.0,0.038232258387373035,0.7693228346456664,1.5360785843843656,101,2503.0,0.7693228346456664
44985.0,96,2148.0,15.678832116788321,1.6544568426091208,96,96,2134.0,0.052066405583618476,1.002879797617988,1.6544568426091208,96,2134.0,1.002879797617988
44990.0,93,2032.0,14.941176470588236,1.6612927502397195,93,93,2032.0,0.05967044813096859,1.126042968749989,1.6612927502397195,93,2032.0,1.126042968749989
44995.0,91,2133.0,15.917910447761194,1.7686578330704423,91,91,2133.0,0.07012404447924644,1.2994465495149146,1.7686578330704423,91,2133.0,1.2994465495149146
45000.0,92,2147.0,16.02238805970149,1.7050505056099847,92,92,2147.0,0.062397980810778714,1.154208461648357,1.7050505056099847,92,2147.0,1.154208461648357
45005.0,96,2267.0,16.669117647058822,1.591847012643811,96,96,2267.0,0.04973867625755877,0.9602783706612584,1.591847012643811,96,2267.0,0.9602783706612584
45010.0,92,2405.0,17.683823529411764,1.8355783108503534,92,92,2403.0,0.05804403964209281,1.0867603566676072,1.8355783108503534,92,2403.0,1.0867603566676072
45015.0,95,2584.0,19.0,1.7574875004883765,95,95,2584.0,0.05736187828198512,1.057479306151095,1.7574875004883765,95,2584.0,1.057479306151095
45020.0,95,2903.0,21.18978102189781,1.9699966503411257,95,95,2890.0,0.06781390914152025,1.2303837785038707,1.9699966503411257,95,2890.0,1.2303837785038707
45025.0,97,3223.0,23.18705035971223,2.157966244033139,97,97,3223.0,0.08004916109638646,1.4027654191424233,2.157966244033139,97,3223.0,1.4027654191424233
45030.0,94,3301.0,23.57857142857143,2.200125669996412,94,94,3301.0,0.07192252047764713,1.3512510524650103,2.200125669996412,94,3301.0,1.3512510524650103
45035.0,90,3204.0,23.050359712230215,2.3471942981750504,90,90,3126.0,0.07660489011559395,1.4449393559426036,2.3471942981750504,90,3126.0,1.4449393559426036
45040.0,88,3091.0,22.39855072463768,2.203355778848298,88,88,3091.0,0.07453244097796233,1.4074819277580015,2.203355778848298,88,3091.0,1.4074819277580015
45045.0,84,2888.0,20.92753623188406,2.3999036608148887,84,84,2888.0,0.08040065870305006,1.5192998116576195,2.3999036608148887,84,2888.0,1.5192998116576195
45050.0,87,2748.0,19.48936170212766,2.301433854346564,87,87,2719.0,0.07217628748712124,1.3401759999999974,2.301433854346564,87,2719.0,1.3401759999999974
45055.0,91,2718.0,19.414285714285715,2.3068221148768,91,91,2718.0,0.07406167612966942,1.3768040000000028,2.3068221148768,91,2718.0,1.3768040000000028
45060.0,94,2706.0,19.32857142857143,2.221321491933645,94,94,2706.0,0.0654858797517409,1.2072002444240395,2.221321491933645,94,2706.0,1.2072002444240395
45065.0,96,2706.0,18.791666666666668,2.1539459011578517,96,96,2706.0,0.055915166286345755,1.051230370955978,2.1539459011578517,96,2706.0,1.051230370955978
45070.0,95,2588.0,17.97222222222222,2.1157827070368236,95,95,2588.0,0.05598908429358232,1.0627897742473884,2.1157827070368236,95,2588.0,1.0627897742473884
45075.0,92,2401.0,16.445205479452056,2.247605553436562,92,92,2363.0,0.0642795596018937,1.1634664069948735,2.247605553436562,92,2363.0,1.1634664069948735
45080.0,91,2248.0,15.72027972027972,2.4863374258587276,91,91,2248.0,0.07718073373094551,1.4463190421352132,2.4863374258587276,91,2248.0,1.4463190421352132
45085.0,93,1997.0,13.965034965034965,2.2924736014813214,93,93,1997.0,0.06479215699209322,1.2208131177340305,2.2924736014813214,93,1997.0,1.2208131177340305
45090.0,93,1865.0,12.862068965517242,2.288529444318643,93,93,1827.0,0.06760841411454661,1.2648614367770816,2.288529444318643,93,1827.0,1.2648614367770816
45095.0,93,1916.0,13.398601398601398,2.3320337747660327,93,93,1916.0,0.07656357251769871,1.4195977154329826,2.3320337747660327,93,1916.0,1.4195977154329826
45100.0,97,1944.0,13.315068493150685,2.027284883329342,97,97,1944.0,0.05706135136128902,1.0262774120294733,2.027284883329342,97,1944.0,1.0262774120294733
45105.0,96,1954.0,13.664335664335665,1.9937111784319101,96,96,1941.0,0.05289462150249669,1.0196454533679702,1.9937111784319101,96,1941.0,1.0196454533679702
45110.0,93,1942.0,13.67605633802817,1.918730403980761,93,93,1942.0,0.05568697809318558,1.0433464566929058,1.918730403980761,93,1942.0,1.0433464566929058
45115.0,89,1694.0,11.929577464788732,1.9818354463023644,89,89,1694.0,0.059367715340247484,1.1235196912769252,1.9818354463023644,89,1694.0,1.1235196912769252
45120.0,89,1659.0,11.76595744680851,2.076243868496335,89,89,1528.0,0.06371704542774724,1.1981527566830317,2.076243868496335,89,1528.0,1.1981527566830317
45125.0,91,1631.0,11.405594405594405,2.06432194966938,91,91,1631.0,0.06361039757192481,1.163613147448941,2.06432194966938,91,1631.0,1.163613147448941
45130.0,88,1477.0,10.401408450704226,2.1117625731561565,88,88,1477.0,0.057728331703862296,1.1391122740245598,2.1117625731561565,88,1477.0,1.1391122740245598
45135.0,88,1467.0,10.1875,2.2378852294511447,88,88,1417.0,0.06650935296100742,1.2382472485110048,2.2378852294511447,88,1417.0,1.2382472485110048
45140.0,93,1642.0,11.56338028169014,2.195161609014601,93,93,1642.0,0.0719313514348244,1.315932287881099,2.195161609014601,93,1642.0,1.315932287881099
45145.0,101,1895.0,13.251748251748252,1.961703593402686,101,101,1895.0,0.05745283674549473,1.099830445532708,1.961703593402686,101,1895.0,1.099830445532708
45150.0,104,2316.0,16.309859154929576,1.879717048796037,104,104,2316.0,0.04999335237698722,0.9520633877128329,1.879717048796037,104,2316.0,0.9520633877128329
45155.0,108,2605.0,18.47517730496454,1.6605926111095497,108,108,2605.0,0.03933625333502101,0.7589861793144328,1.6605926111095497,108,2605.0,0.7589861793144328
45160.0,108,2793.0,19.669014084507044,1.4897592405091535,108,108,2740.0,0.035199220437378574,0.625041525193776,1.4897592405091535,108,2740.0,0.625041525193776
45165.0,104,3002.0,21.29078014184397,1.78645315162279,104,104,3002.0,0.052315007632852184,0.9320809121093486,1.78645315162279,104,3002.0,0.9320809121093486
45170.0,104,3075.0,21.503496503496503,1.692856314280441,104,104,3075.0,0.044964330575349855,0.831078028016615,1.692856314280441,104,3075.0,0.831078028016615
45175.0,106,3045.0,21.443661971830984,1.6045410333134433,106,106,2991.0,0.037509817797744614,0.7210461078913009,1.6045410333134433,106,2991.0,0.7210461078913009
45180.0,104,3009.0,21.190140845070424,1.6904523233969868,104,104,3009.0,0.04313204841759567,0.8000823239521726,1.6904523233969868,104,3009.0,0.8000823239521726
45185.0,100,2913.0,20.089655172413792,1.843930299999143,100,100,2913.0,0.05112763424966487,0.9493115384615339,1.843930299999143,100,2913.0,0.9493115384615339
45190.0,95,2763.0,19.45774647887324,1.877832435030136,95,95,2750.0,0.059603527265337936,1.0692314427108647,1.877832435030136,95,2750.0,1.0692314427108647
45195.0,93,2595.0,18.404255319148938,1.9521605068437136,93,93,2595.0,0.06814133772912086,1.1975126220408805,1.9521605068437136,93,2595.0,1.1975126220408805
45200.0,87,2323.0,16.59285714285714,2.0767553225255697,87,87,2323.0,0.07108180577912993,1.2849482026251378,2.0767553225255697,87,2323.0,1.2849482026251378
45205.0,89,2113.0,14.880281690140846,2.2312570028376295,89,89,2077.0,0.07538147884069159,1.3560092416206766,2.2312570028376295,89,2077.0,1.3560092416206766
45210.0,87,1913.0,13.471830985915492,2.3965289930227804,87,87,1913.0,0.07707612868896586,1.401842288572555,2.3965289930227804,87,1913.0,1.401842288572555
45215.0,85,1730.0,12.357142857142858,2.32793775045458,85,85,1730.0,0.06992162977518523,1.339216764208691,2.32793775045458,85,1730.0,1.339216764208691
45220.0,84,1696.0,12.114285714285714,2.302805550729679,84,84,1683.0,0.06823718457076133,1.2935537971328204,2.302805550729679,84,1683.0,1.2935537971328204
45225.0,85,1685.0,12.122302158273381,2.365615251987309,85,85,1685.0,0.07264925738173568,1.3633124533858114,2.365615251987309,85,1685.0,1.3633124533858114
45230.0,85,1540.0,11.079136690647482,2.1289704482681047,84,85,1539.0,0.05996569344694679,1.1465624902702394,2.1289704482681047,84,1539.0,1.1465624902702394
45235.0,82,1354.0,9.81159420289855,2.2625229218475096,82,82,1312.0,0.063887528907167,1.2365572672540275,2.2625229218475096,82,1312.0,1.2365572672540275
45240.0,82,1379.0,9.992753623188406,2.3235187823004657,82,82,1379.0,0.06750774648237542,1.276318120622999,2.3235187823004657,82,1379.0,1.276318120622999
45245.0,85,1400.0,9.929078014184396,2.2034579729701784,85,85,1400.0,0.0622534536762473,1.1854338638704571,2.2034579729701784,85,1400.0,1.1854338638704571
45250.0,89,1456.0,10.4,2.2049899601308116,89,89,1443.0,0.06829157491373332,1.2643943929594894,2.2049899601308116,89,1443.0,1.2643943929594894
45255.0,91,1524.0,10.808510638297872,2.141244642990624,91,91,1524.0,0.06724998754685527,1.1815807678666697,2.141244642990624,91,1524.0,1.1815807678666697
45260.0,86,1502.0,10.805755395683454,2.2014650727453215,86,86,1502.0,0.066465901683511,1.270760341778002,2.2014650727453215,86,1502.0,1.270760341778002
45265.0,87,1541.0,11.086330935251798,2.3028708108494165,87,87,1507.0,0.07485449850853405,1.412547786762846,2.3028708108494165,87,1507.0,1.412547786762846
45270.0,86,1590.0,11.691176470588236,2.280960842803612,86,86,1590.0,0.07658477278333009,1.4427846823808876,2.280960842803612,86,1590.0,1.4427846823808876
45275.0,87,1670.0,12.37037037037037,2.2129605236356302,87,87,1670.0,0.0700045454516938,1.34417440969724,2.2129605236356302,87,1670.0,1.34417440969724
45280.0,88,1727.0,12.792592592592593,1.8580091124216922,88,88,1714.0,0.05554606404864121,1.0027925043878883,1.8580091124216922,88,1714.0,1.0027925043878883
45285.0,86,1786.0,13.22962962962963,2.167596420040514,86,86,1786.0,0.07319135756680398,1.2790946551636535,2.167596420040514,86,1786.0,1.2790946551636535
45290.0,83,1817.0,13.262773722627736,2.2217635772083777,83,83,1817.0,0.0673274770250571,1.245264447253341,2.2217635772083777,83,1817.0,1.245264447253341
45295.0,85,1907.0,14.022058823529411,2.2199195285870097,85,85,1902.0,0.06463154475717423,1.220177391287775,2.2199195285870097,85,1902.0,1.220177391287775
45300.0,91,2228.0,16.62686567164179,2.106548637404221,91,91,2228.0,0.06989319503968712,1.275418963523138,2.106548637404221,91,2228.0,1.275418963523138
45305.0,97,2443.0,17.702898550724637,1.8849628472479052,97,97,2443.0,0.05155401500116404,0.916180294924762,1.8849628472479052,97,2443.0,0.916180294924762
45310.0,98,2552.0,18.492753623188406,1.9757729451845716,98,98,2493.0,0.053403050406740725,0.9498716577354632,1.9757729451845716,98,2493.0,0.9498716577354632
45315.0,95,2652.0,19.217391304347824,2.163019208034489,95,95,2652.0,0.0681426433841444,1.203842110651319,2.163019208034489,95,2652.0,1.203842110651319
45320.0,93,2735.0,19.963503649635037,2.086916045565786,93,93,2735.0,0.061831289622873445,1.1133206348901536,2.086916045565786,93,2735.0,1.1133206348901536
45325.0,94,2829.0,20.64963503649635,2.1936314327819897,94,94,2829.0,0.06611645406786484,1.1861510351116755,2.1936314327819897,94,2829.0,1.1861510351116755
45330.0,98,3004.0,22.251851851851853,2.037489327889393,98,98,3004.0,0.060631074397839976,1.076038552334346,2.037489327889393,98,3004.0,1.076038552334346
45335.0,100,3153.0,23.706766917293233,1.8108805585717014,100,100,3153.0,0.05284203474117939,0.9475772051889207,1.8108805585717014,100,3153.0,0.9475772051889207
45340.0,98,3265.0,24.734848484848484,1.635176597875842,98,98,3252.0,0.046848667077795426,0.8668095018442004,1.635176597875842,98,3252.0,0.8668095018442004
45345.0,93,3360.0,25.454545454545453,1.9899738185772815,93,93,3360.0,0.06564074559026507,1.148403493524668,1.9899738185772815,93,3360.0,1.148403493524668
45350.0,90,3255.0,24.65909090909091,1.941478105634955,90,90,3255.0,0.057940378057623934,1.0856192972304386,1.941478105634955,90,3255.0,1.0856192972304386
45355.0,85,3008.0,23.138461538461538,2.02594844130457,85,85,2950.0,0.06217386270300707,1.151243389746042,2.02594844130457,85,2950.0,1.151243389746042
45360.0,81,2743.0,21.26356589147287,2.294210264348678,81,81,2743.0,0.078941776620574,1.4498087948201417,2.294210264348678,81,2743.0,1.4498087948201417
45365.0,77,2421.0,18.34090909090909,2.357528893411051,77,77,2421.0,0.07658338891754222,1.4592191099498812,2.357528893411051,77,2421.0,1.4592191099498812
45370.0,79,2199.0,17.046511627906977,2.3994319066026035,79,79,2179.0,0.08146367821574975,1.5222065266640497,2.3994319066026035,79,2179.0,1.5222065266640497
45375.0,84,2234.0,16.924242424242426,2.4182973531659213,84,84,2234.0,0.07516410308214111,1.3717858611729963,2.4182973531659213,84,2234.0,1.3717858611729963
45380.0,87,1809.0,13.601503759398497,2.20533183676808,87,87,1809.0,0.06789908930580932,1.2523833316037771,2.20533183676808,87,1809.0,1.2523833316037771
45385.0,89,1822.0,13.496296296296297,2.3368485873351728,89,89,1605.0,0.07458273160206341,1.3464201189239466,2.3368485873351728,89,1605.0,1.3464201189239466
45390.0,91,1890.0,14.0,2.2256418610453945,91,91,1890.0,0.0703127830866051,1.2415507915363375,2.2256418610453945,91,1890.0,1.2415507915363375
45395.0,91,1970.0,14.701492537313433,2.277140795898804,91,91,1970.0,0.0666913124815567,1.2173924378026089,2.277140795898804,91,1970.0,1.2173924378026089
45400.0,92,2183.0,16.291044776119403,2.1926776968728823,92,92,2181.0,0.06346580788399342,1.1224470523038534,2.1926776968728823,92,2181.0,1.1224470523038534
45405.0,102,2661.0,20.007518796992482,1.8685626199723513,102,102,2661.0,0.049862875567167717,0.9156333586623777,1.8685626199723513,102,2661.0,0.9156333586623777
45410.0,109,3059.0,22.828358208955223,1.4678528936495279,109,109,3059.0,0.029899010477083297,0.5975793775997171,1.4678528936495279,109,3059.0,0.5975793775997171
45415.0,108,3376.0,25.007407407407406,1.5458000709563626,108,108,3333.0,0.03246765806529084,0.6402444377569343,1.5458000709563626,108,3333.0,0.6402444377569343
45420.0,106,3686.0,27.507462686567163,1.630271993093355,106,106,3686.0,0.04315049674072634,0.7939169789955831,1.630271993093355,106,3686.0,0.7939169789955831
45425.0,104,3974.0,29.437037037037037,1.5858433789902728,104,104,3974.0,0.04452252065408154,0.8130086989287757,1.5858433789902728,104,3974.0,0.8130086989287757
45430.0,105,4273.0,32.12781954887218,1.629528049192669,105,105,4265.0,0.047764772925475284,0.8580855254434641,1.629528049192669,105,4265.0,0.8580855254434641
45435.0,105,4573.0,34.12686567164179,1.6449551754257543,105,105,4573.0,0.05330628113479009,0.9360245972200382,1.6449551754257543,105,4573.0,0.9360245972200382
45440.0,103,4599.0,34.84090909090909,1.5867785785471773,103,103,4599.0,0.04868482803127601,0.887496281448634,1.5867785785471773,103,4599.0,0.887496281448634
45445.0,100,4424.0,33.26315789473684,1.6989415239867895,100,100,4336.0,0.05538649806430636,0.9815775418107908,1.6989415239867895,100,4336.0,0.9815775418107908
45450.0,95,4229.0,31.796992481203006,1.965031734796776,95,95,4229.0,0.0675808796597995,1.1695691671112545,1.965031734796776,95,4229.0,1.1695691671112545
45455.0,92,4011.0,30.386363636363637,2.04445142184321,92,92,4011.0,0.06635948347996251,1.2132161447847318,2.04445142184321,92,4011.0,1.2132161447847318
45460.0,92,3836.0,28.842105263157894,1.9596330088073326,92,92,3832.0,0.06045658334964583,1.0995971337959487,1.9596330088073326,92,3832.0,1.0995971337959487
45465.0,97,3849.0,28.93984962406015,1.9316629429514034,97,97,3849.0,0.05531479140408129,1.038376199045161,1.9316629429514034,97,3849.0,1.038376199045161
45470.0,99,3758.0,28.25563909774436,1.5961337817837216,99,99,3758.0,0.04289499549633919,0.7580277601926595,1.5961337817837216,99,3758.0,0.7580277601926595
45475.0,97,3577.0,27.098484848484848,1.7032284010374414,97,97,3534.0,0.04692160795374464,0.850560758189454,1.7032284010374414,97,3534.0,0.850560758189454
45480.0,93,3377.0,25.976923076923075,1.9539522829865483,93,93,3377.0,0.0661719296039396,1.1664466998533323,1.9539522829865483,93,3377.0,1.1664466998533323
45485.0,89,3153.0,23.886363636363637,2.1053210591028244,89,89,3153.0,0.0692648453363107,1.2446690640306506,2.1053210591028244,89,3153.0,1.2446690640306506
45490.0,86,2892.0,22.246153846153845,2.2085048616978167,86,86,2892.0,0.07554070358613292,1.3821217801174113,2.2085048616978167,86,2892.0,1.3821217801174113
45495.0,86,2647.0,20.206106870229007,2.278222013044393,86,86,2632.0,0.07932884193379842,1.4750999501544868,2.278222013044393,86,2632.0,1.4750999501544868
45500.0,87,2406.0,18.366412213740457,2.393666974578177,87,87,2406.0,0.07673643830197475,1.4382338085642552,2.393666974578177,87,2406.0,1.4382338085642552
45505.0,87,2124.0,16.338461538461537,2.37011447099052,87,87,2124.0,0.0716588589689758,1.3908884229797462,2.37011447099052,87,2124.0,1.3908884229797462
45510.0,87,2078.0,15.984615384615385,2.3346646596462053,87,87,2030.0,0.07486274872999135,1.3764677032299157,2.3346646596462053,87,2030.0,1.3764677032299157
45515.0,87,2037.0,15.549618320610687,2.529486920960637,87,87,2037.0,0.087968956337772,1.5919137686512215,2.529486920960637,87,2037.0,1.5919137686512215
45520.0,85,1935.0,14.440298507462687,2.3198084794560327,85,85,1935.0,0.06615012183645344,1.2475829661089561,2.3198084794560327,85,1935.0,1.2475829661089561
45525.0,86,1949.0,14.654135338345865,2.3998718790055924,86,86,1921.0,0.07263119352591726,1.374751320546541,2.3998718790055924,86,1921.0,1.374751320546541
45530.0,88,1984.0,15.030303030303031,2.2401146276038317,88,88,1984.0,0.07235055940453074,1.3253265567328474,2.2401146276038317,88,1984.0,1.3253265567328474
45535.0,87,1979.0,14.992424242424242,2.1797145724278906,87,87,1979.0,0.05924699070480646,1.1376824071677702,2.1797145724278906,87,1979.0,1.1376824071677702
45540.0,88,2018.0,15.523076923076923,2.1516289428911795,88,88,1995.0,0.06051171193680506,1.1007515343629903,2.1516289428911795,88,1995.0,1.1007515343629903
45545.0,88,2058.0,15.709923664122137,2.1776387330293243,88,88,2058.0,0.07070681513325101,1.2360084519688226,2.1776387330293243,88,2058.0,1.2360084519688226
45550.0,86,2004.0,15.415384615384616,2.1891260962195576,86,86,2004.0,0.06288678115808008,1.1644331802960661,2.1891260962195576,86,2004.0,1.1644331802960661
45555.0,82,1869.0,14.376923076923077,2.440696406753507,82,82,1841.0,0.0780518058009881,1.424608880854209,2.440696406753507,82,1841.0,1.424608880854209
45560.0,78,1712.0,13.169230769230769,2.6394838630587225,78,78,1712.0,0.0858925516057474,1.5859933079675326,2.6394838630587225,78,1712.0,1.5859933079675326
45565.0,75,1451.0,11.161538461538461,2.623580677498799,75,75,1451.0,0.08319270265370031,1.5962605088865527,2.623580677498799,75,1451.0,1.5962605088865527
45570.0,73,1310.0,10.155038759689923,2.835987305794142,73,73,1282.0,0.09369509297121349,1.732740262553855,2.835987305794142,73,1282.0,1.732740262553855
45575.0,78,1390.0,10.94488188976378,2.6679551524841734,78,78,1390.0,0.09108940134888695,1.6616081650519043,2.6679551524841734,78,1390.0,1.6616081650519043
45580.0,83,1463.0,11.253846153846155,2.2513206070845775,83,83,1463.0,0.0626493660962674,1.1866206083391984,2.2513206070845775,83,1463.0,1.1866206083391984
45585.0,84,1578.0,12.232558139534884,2.2296011168873404,84,84,1561.0,0.06524165371728541,1.1999641603673048,2.2296011168873404,84,1561.0,1.1999641603673048
45590.0,87,1708.0,13.038167938931299,2.332262200193003,87,87,1708.0,0.060481534429004155,1.1252894736842118,2.332262200193003,87,1708.0,1.1252894736842118
45595.0,85,1752.0,13.795275590551181,2.120855109177674,85,85,1752.0,0.0556647651710254,1.1006794494812542,2.120855109177674,85,1752.0,1.1006794494812542
45600.0,81,1716.0,13.511811023622048,2.155216205137363,81,81,1688.0,0.0639333995099518,1.1950154318095116,2.155216205137363,81,1688.0,1.1950154318095116
45605.0,77,1659.0,12.761538461538462,2.470149100962952,77,77,1659.0,0.08002128900737163,1.475912402822378,2.470149100962952,77,1659.0,1.475912402822378
45610.0,75,1604.0,12.62992125984252,2.495419092865837,74,75,1603.0,0.08519453950755107,1.6026635115845727,2.495419092865837,74,1603.0,1.6026635115845727
45615.0,80,1742.0,13.609375,2.4438733928993392,80,80,1739.0,0.0780622815009959,1.4837751094442162,2.4438733928993392,80,1739.0,1.4837751094442162
45620.0,90,2022.0,15.796875,2.158128714686592,90,90,2022.0,0.0637838494525379,1.1788619769639879,2.158128714686592,90,2022.0,1.1788619769639879
45625.0,95,2293.0,17.50381679389313,1.9711526634769547,95,95,2293.0,0.054988011769384025,1.0107658020829973,1.9711526634769547,95,2293.0,1.0107658020829973
45630.0,91,2527.0,19.43846153846154,2.001781288631057,91,91,2514.0,0.06065285247319352,1.1430673123595942,2.001781288631057,91,2514.0,1.1430673123595942
45635.0,89,2749.0,21.310077519379846,2.1500554452787286,89,89,2749.0,0.07299335742175671,1.3299349464645358,2.1500554452787286,89,2749.0,1.3299349464645358
45640.0,86,2960.0,22.595419847328245,2.2884253269773773,86,86,2960.0,0.07113814056531795,1.3087654523866816,2.2884253269773773,86,2960.0,1.3087654523866816
45645.0,85,3139.0,24.146153846153847,2.4270282982068405,85,85,3139.0,0.0774540361665307,1.4218910496094872,2.4270282982068405,85,3139.0,1.4218910496094872
45650.0,85,3331.0,25.82170542635659,2.312154742579589,85,85,3329.0,0.0647051448484869,1.2367752224360242,2.312154742579589,85,3329.0,1.2367752224360242
45655.0,84,3528.0,27.5625,2.445038838950661,84,84,3527.0,0.07188636900283037,1.3680434910392762,2.445038838950661,84,3527.0,1.3680434910392762
45660.0,83,3535.0,28.28,2.296326175264597,83,83,3535.0,0.07331317125186576,1.4020067571117345,2.296326175264597,83,3535.0,1.4020067571117345
45665.0,83,3475.0,27.362204724409448,2.2432846313836934,83,83,3397.0,0.07164433272040813,1.3749663987833634,2.2432846313836934,83,3397.0,1.3749663987833634
45670.0,85,3420.0,26.511627906976745,2.463660129068343,85,85,3420.0,0.08073654044847219,1.509316349090642,2.463660129068343,85,3420.0,1.509316349090642
45675.0,83,3351.0,25.386363636363637,2.4774660966581954,83,83,3351.0,0.07761401921565173,1.4553675505528982,2.4774660966581954,83,3351.0,1.4553675505528982
45680.0,86,3297.0,25.16793893129771,2.471337683827908,86,86,3292.0,0.07745042301928634,1.4393739461061659,2.471337683827908,86,3292.0,1.4393739461061659
45685.0,89,3259.0,25.06923076923077,2.3212213174396714,89,89,3259.0,0.08267395286936909,1.475289602599818,2.3212213174396714,89,3259.0,1.475289602599818
45690.0,85,3117.0,24.162790697674417,2.3348466947797792,85,85,3117.0,0.07579036882040069,1.417453679189379,2.3348466947797792,85,3117.0,1.417453679189379
45695.0,86,2921.0,22.8203125,2.335929668194156,86,86,2878.0,0.07997893086418098,1.4697931071622854,2.335929668194156,86,2878.0,1.4697931071622854
45700.0,89,2728.0,20.82442748091603,2.160934557735565,89,89,2728.0,0.06823692545770414,1.2488932798226133,2.160934557735565,89,2728.0,1.2488932798226133
45705.0,88,2603.0,19.870229007633586,2.1284260911590804,88,88,2603.0,0.061057368458331665,1.1686641627862344,2.1284260911590804,88,2603.0,1.1686641627862344
45710.0,90,2737.0,20.734848484848484,2.0416767818585257,90,90,2736.0,0.053893576521157,1.0511534839924677,2.0416767818585257,90,2736.0,1.0511534839924677
45715.0,97,2984.0,22.43609022556391,1.9862316038364238,97,97,2984.0,0.055615087420614454,1.0492661527670903,1.9862316038364238,97,2984.0,1.0492661527670903
45720.0,102,3124.0,23.48872180451128,1.6456201813921252,102,102,3124.0,0.03661330404887931,0.7230548769439052,1.6456201813921252,102,3124.0,0.7230548769439052
45725.0,99,3174.0,23.86466165413534,1.6452147636342531,99,99,3131.0,0.04800598625818564,0.9146409131724548,1.6452147636342531,99,3131.0,0.9146409131724548
45730.0,95,3206.0,24.105263157894736,1.9493327726021343,95,95,3206.0,0.064551218096906,1.1757205901408192,1.9493327726021343,95,3206.0,1.1757205901408192
45735.0,90,2398.0,18.030075187969924,1.917037255139392,90,90,2398.0,0.06286213704157294,1.1972285181647628,1.917037255139392,90,2398.0,1.1972285181647628
45740.0,89,2102.0,15.924242424242424,2.105579623706026,89,89,1773.0,0.06880371499942944,1.2824293197892402,2.105579623706026,89,1773.0,1.2824293197892402
45745.0,91,2097.0,15.649253731343284,2.2434580340241035,91,91,2097.0,0.07381433098976013,1.343155627692595,2.2434580340241035,91,2097.0,1.343155627692595
45750.0,88,2076.0,15.609022556390977,2.2715514456351205,88,88,2076.0,0.07087617475327739,1.342550280555793,2.2715514456351205,88,2076.0,1.342550280555793
45755.0,90,2167.0,16.66923076923077,2.1497734816466143,90,90,2144.0,0.06527872036195509,1.2548923234808742,2.1497734816466143,90,2144.0,1.2548923234808742
45760.0,96,2410.0,18.257575757575758,1.9442284122896256,96,96,2410.0,0.0588074386030416,1.0761649795432575,1.9442284122896256,96,2410.0,1.0761649795432575
45765.0,101,2657.0,19.977443609022558,1.718467345925332,101,101,2657.0,0.044383195327600655,0.8626293194020213,1.718467345925332,101,2657.0,0.8626293194020213
45770.0,102,3071.0,22.748148148148147,1.72128264883922,102,102,3058.0,0.04019089863106866,0.7597810000376141,1.72128264883922,102,3058.0,0.7597810000376141
45775.0,110,3605.0,26.703703703703702,1.6223206863745605,110,110,3605.0,0.03604971659162,0.6569353692662406,1.6223206863745605,110,3605.0,0.6569353692662406
45780.0,116,4175.0,31.39097744360902,1.2845225186168632,116,116,4175.0,0.020487251663734073,0.3823907031878593,1.2845225186168632,116,4175.0,0.3823907031878593
45785.0,117,4758.0,34.98529411764706,1.3556601973948392,117,117,4758.0,0.025073300560495886,0.45836617723864415,1.3556601973948392,117,4758.0,0.45836617723864415
45790.0,116,5318.0,39.6865671641791,1.2559898210730056,116,116,5318.0,0.02381111881313501,0.47189090409401757,1.2559898210730056,116,5318.0,0.47189090409401757
45795.0,116,5898.0,43.36764705882353,1.319197988644009,116,116,5884.0,0.02881800831679777,0.5309290095147464,1.319197988644009,116,5884.0,0.5309290095147464
45800.0,117,6479.0,48.714285714285715,1.1946707818335287,117,117,6479.0,0.03295503833399516,0.5952838482244236,1.1946707818335287,117,6479.0,0.5952838482244236
45805.0,116,6848.0,51.48872180451128,1.2298985481795837,116,116,6848.0,0.03241844321353534,0.624308291189782,1.2298985481795837,116,6848.0,0.624308291189782
45810.0,110,7055.0,53.446969696969695,1.3842353432140797,110,110,6987.0,0.04055030772720399,0.7632224385832764,1.3842353432140797,110,6987.0,0.7632224385832764
45815.0,106,7244.0,56.15503875968992,1.43047098076534,106,106,7244.0,0.05333169740325086,0.955581568647706,1.43047098076534,106,7244.0,0.955581568647706
45820.0,104,7404.0,56.51908396946565,1.3649903023871337,104,104,7404.0,0.04380686381852541,0.8037460221462823,1.3649903023871337,104,7404.0,0.8037460221462823
45825.0,105,7577.0,57.83969465648855,1.482747982372276,105,105,7570.0,0.04265787541662193,0.782209742460413,1.482747982372276,105,7570.0,0.782209742460413
45830.0,105,7752.0,58.285714285714285,1.56634698949253,105,105,7752.0,0.04822964849763438,0.8527548782906562,1.56634698949253,105,7752.0,0.8527548782906562
45835.0,103,7532.0,57.49618320610687,1.4724365455877126,103,103,7532.0,0.0391560186690916,0.7451445113447398,1.4724365455877126,103,7532.0,0.7451445113447398
45840.0,98,7032.0,53.6793893129771,1.7311123023524897,98,98,6904.0,0.048087337725712824,0.9191870817595926,1.7311123023524897,98,6904.0,0.9191870817595926
45845.0,94,6509.0,48.93984962406015,1.9156678738707884,94,94,6509.0,0.058070556062283146,1.0937976210961535,1.9156678738707884,94,6509.0,1.0937976210961535
45850.0,92,5968.0,45.55725190839695,1.9116438810818521,92,92,5968.0,0.05757653235401462,1.135895095601469,1.9116438810818521,92,5968.0,1.135895095601469
45855.0,92,5572.0,41.89473684210526,2.001372068519825,92,92,5570.0,0.05880561471583816,1.130824476273861,2.001372068519825,92,5570.0,1.130824476273861
45860.0,96,5382.0,40.77272727272727,2.015545006387996,96,96,5382.0,0.06205872617860353,1.1853429621663438,2.015545006387996,96,5382.0,1.1853429621663438
45865.0,103,5227.0,39.007462686567166,1.8783752034332677,103,103,5227.0,0.05301851414342752,0.982949824667343,1.8783752034332677,103,5227.0,0.982949824667343
45870.0,100,4935.0,37.38636363636363,1.8440401732013991,100,100,4935.0,0.05067500677405811,0.9423831687915396,1.8440401732013991,100,4935.0,0.9423831687915396
45875.0,96,4524.0,34.8,1.9488763063915582,96,96,4476.0,0.059579766894416096,1.0908373854507345,1.9488763063915582,96,4476.0,1.0908373854507345
45880.0,93,4092.0,31.0,2.0310189286512843,93,93,4092.0,0.06385418910323297,1.116827314199258,2.0310189286512843,93,4092.0,1.116827314199258
45885.0,91,3645.0,28.25581395348837,1.9245398781309435,91,91,3645.0,0.06134106722723294,1.113171677383323,1.9245398781309435,91,3645.0,1.113171677383323
45890.0,91,3200.0,24.615384615384617,1.9940844515945977,91,91,3199.0,0.060931146823575436,1.123162244695604,1.9940844515945977,91,3199.0,1.123162244695604
45895.0,92,2758.0,21.37984496124031,1.8998808876357416,92,92,2758.0,0.05953451463810521,1.0689384630291985,1.8998808876357416,92,2758.0,1.0689384630291985
45900.0,91,2369.0,18.653543307086615,1.926093463026431,91,91,2369.0,0.05674565772531616,1.0806386985222354,1.926093463026431,91,2369.0,1.0806386985222354
45905.0,97,2590.0,19.923076923076923,1.7086835590162388,97,97,2514.0,0.05141320482281362,0.9514155716264833,1.7086835590162388,97,2514.0,0.9514155716264833
45910.0,103,2844.0,22.046511627906977,1.4677083200808305,103,103,2844.0,0.05341425812954005,0.9503461590559122,1.4677083200808305,103,2844.0,0.9503461590559122
45915.0,103,3098.0,23.46969696969697,1.4202176280357783,103,103,3098.0,0.04165745633776814,0.7666137982303778,1.4202176280357783,103,3098.0,0.7666137982303778
45920.0,106,3415.0,25.67669172932331,1.5236727942052868,106,106,3409.0,0.04939325682166742,0.8678888444954821,1.5236727942052868,106,3409.0,0.8678888444954821
45925.0,112,3936.0,29.37313432835821,1.491391820769385,112,112,3936.0,0.05410597472478918,0.9282493546721199,1.491391820769385,112,3936.0,0.9282493546721199
45930.0,112,4255.0,31.992481203007518,1.3125600311623502,112,112,4255.0,0.034130530340666494,0.6107221301902331,1.3125600311623502,112,4255.0,0.6107221301902331
45935.0,110,4412.0,33.42424242424242,1.3759539598745445,110,110,4334.0,0.04224897297679772,0.7290387252204578,1.3759539598745445,110,4334.0,0.7290387252204578
45940.0,106,4549.0,34.725190839694655,1.3982225571870655,106,106,4549.0,0.05120583080135425,0.8653414518736455,1.3982225571870655,106,4549.0,0.8653414518736455
45945.0,103,4490.0,34.274809160305345,1.364052646593184,103,103,4490.0,0.04247983819774453,0.7542309431609234,1.364052646593184,103,4490.0,0.7542309431609234
45950.0,98,4290.0,32.5,1.5153446854396069,98,98,4232.0,0.048783345740743514,0.8732899018971227,1.5153446854396069,98,4232.0,0.8732899018971227
45955.0,95,4070.0,30.833333333333332,1.8245183671521585,95,95,4070.0,0.059627505456490135,1.0460278365389413,1.8245183671521585,95,4070.0,1.0460278365389413
45960.0,92,3814.0,29.338461538461537,1.8883366824130372,92,92,3814.0,0.06343107457163923,1.142898103803475,1.8883366824130372,92,3814.0,1.142898103803475
45965.0,92,3574.0,26.872180451127818,1.8969018352067746,92,92,3557.0,0.05260954048187852,1.0007446545099283,1.8969018352067746,92,3557.0,1.0007446545099283
45970.0,94,3344.0,25.142857142857142,2.0196283120751293,94,94,3344.0,0.058310174842425434,1.1029754598004717,2.0196283120751293,94,3344.0,1.1029754598004717
45975.0,91,3047.0,22.909774436090224,2.0147701301277787,91,91,3047.0,0.0550668059413052,1.073389946590444,2.0147701301277787,91,3047.0,1.073389946590444
45980.0,92,2806.0,21.097744360902254,2.084520835288433,92,92,2778.0,0.06496909899649185,1.2046011559312753,2.084520835288433,92,2778.0,1.2046011559312753
45985.0,94,2566.0,19.293233082706767,2.0856531764297483,94,94,2566.0,0.07452090115802408,1.345419264908559,2.0856531764297483,94,2566.0,1.345419264908559
45990.0,89,2232.0,16.90909090909091,2.073286952577243,89,89,2232.0,0.06413548119661495,1.2371202898608038,2.073286952577243,89,2232.0,1.2371202898608038
45995.0,86,1949.0,14.765151515151516,2.318516070330369,86,86,1921.0,0.07526006573790239,1.384643058357962,2.318516070330369,86,1921.0,1.384643058357962
46000.0,90,2179.0,16.383458646616543,2.112015380883335,90,90,2179.0,0.0675620035677149,1.2192870371129547,2.112015380883335,90,2179.0,1.2192870371129547
46005.0,97,2493.0,19.03053435114504,1.753527534434368,97,97,2493.0,0.05127870081722392,1.003839005965534,1.753527534434368,97,2493.0,1.003839005965534
46010.0,103,2842.0,21.53030303030303,1.5311528418141584,103,103,2841.0,0.04621457210856484,0.8324971357069334,1.5311528418141584,103,2841.0,0.8324971357069334
46015.0,105,3208.0,24.303030303030305,1.4213226356107391,105,105,3208.0,0.04034464942361138,0.7525094542667169,1.4213226356107391,105,3208.0,0.7525094542667169
46020.0,103,3357.0,25.431818181818183,1.5352885940501453,103,103,3357.0,0.03739181434317573,0.7189929360940792,1.5352885940501453,103,3357.0,0.7189929360940792
46025.0,99,3334.0,24.696296296296296,1.6593581875118006,99,99,3261.0,0.04393838122888271,0.8247553187869199,1.6593581875118006,99,3261.0,0.8247553187869199
46030.0,95,3294.0,24.4,2.0321367924168094,95,95,3294.0,0.06274876031852973,1.1710177594380466,2.0321367924168094,95,3294.0,1.1710177594380466
46035.0,92,3223.0,23.525547445255473,2.104375546208131,92,92,3223.0,0.05948103687645931,1.1339063440602821,2.104375546208131,92,3223.0,1.1339063440602821
46040.0,93,3167.0,23.28676470588235,2.2248211610139053,93,93,3160.0,0.05900013596889065,1.1734211017740412,2.2248211610139053,93,3160.0,1.1734211017740412
46045.0,96,3243.0,24.383458646616543,2.193844510985156,96,96,3243.0,0.06470604193712268,1.216233593189601,2.193844510985156,96,3243.0,1.216233593189601
46050.0,98,3222.0,24.225563909774436,1.8938171279081255,98,98,3222.0,0.05368427385773629,1.004402095846061,1.8938171279081255,98,3222.0,1.004402095846061
46055.0,96,3109.0,23.915384615384614,1.9350338199739523,96,96,3066.0,0.059137598129082536,1.079501311548823,1.9350338199739523,96,3066.0,1.079501311548823
46060.0,93,2976.0,22.892307692307693,1.9139515503251079,93,93,2976.0,0.06181264255195849,1.117359951711317,1.9139515503251079,93,2976.0,1.117359951711317
46065.0,91,2827.0,21.914728682170544,1.9341367667539593,91,91,2827.0,0.06077318269964542,1.127388633485332,1.9341367667539593,91,2827.0,1.127388633485332
46070.0,91,2682.0,20.47328244274809,2.0269191577956556,91,91,2681.0,0.06162336014082443,1.0968854656212208,2.0269191577956556,91,2681.0,1.0968854656212208
46075.0,92,2538.0,19.523076923076925,1.9347939254315503,92,92,2538.0,0.05812345831135705,1.0475634317229152,1.9347939254315503,92,2538.0,1.0475634317229152
46080.0,89,2259.0,17.787401574803148,1.8984591981128773,89,89,2259.0,0.057560290678073556,1.0881721576829546,1.8984591981128773,89,2259.0,1.0881721576829546
46085.0,85,1963.0,15.217054263565892,1.9559256799541715,85,85,1920.0,0.06413404645919267,1.202830680705898,1.9559256799541715,85,1920.0,1.202830680705898
46090.0,87,1947.0,14.976923076923077,2.1895454402842,87,87,1947.0,0.07726013486546465,1.3947327360801447,2.1895454402842,87,1947.0,1.3947327360801447
46095.0,87,1931.0,14.518796992481203,2.244535719029744,87,87,1931.0,0.07292095205514694,1.3798363958031012,2.244535719029744,87,1931.0,1.3798363958031012
46100.0,85,1836.0,13.80451127819549,2.4158181189511096,85,85,1836.0,0.08196053323725741,1.5286586928950778,2.4158181189511096,85,1836.0,1.5286586928950778
46105.0,87,1837.0,13.607407407407408,2.4305397863969014,87,87,1804.0,0.07807113765953999,1.4574663390990503,2.4305397863969014,87,1804.0,1.4574663390990503
46110.0,87,1871.0,13.962686567164178,2.5780867939176835,87,87,1871.0,0.08359731882367999,1.529994940550112,2.5780867939176835,87,1871.0,1.529994940550112
46115.0,85,1851.0,14.129770992366412,2.4764441530597656,85,85,1851.0,0.08062696541537856,1.4933699762231536,2.4764441530597656,85,1851.0,1.4933699762231536
46120.0,86,1878.0,14.335877862595419,2.348577142927799,86,86,1854.0,0.07253206055780305,1.3467032217458508,2.348577142927799,86,1854.0,1.3467032217458508
46125.0,87,1911.0,14.7,2.3941813285345557,87,87,1911.0,0.07763112003263906,1.3990940321487035,2.3941813285345557,87,1911.0,1.3990940321487035
46130.0,84,1850.0,14.015151515151516,2.388571218008496,84,84,1850.0,0.06804716510010453,1.2730000723138184,2.388571218008496,84,1850.0,1.2730000723138184
46135.0,81,1710.0,13.053435114503817,2.5344337966318564,81,81,1682.0,0.07506624065674378,1.392836586111291,2.5344337966318564,81,1682.0,1.392836586111291
46140.0,76,1552.0,12.125,2.664576910547651,76,76,1552.0,0.09096191641412527,1.6866828819685984,2.664576910547651,76,1552.0,1.6866828819685984
46145.0,74,1428.0,11.069767441860465,2.5218225876259357,74,74,1428.0,0.08115773288773878,1.5736828568920016,2.5218225876259357,74,1428.0,1.5736828568920016
46150.0,80,1522.0,11.7984496124031,2.519528278371676,80,80,1513.0,0.07920555592939506,1.5418552042103733,2.519528278371676,80,1513.0,1.5418552042103733
46155.0,90,1792.0,13.575757575757576,2.2584923572070412,90,90,1792.0,0.06909955527078986,1.2943605803979514,2.2584923572070412,90,1792.0,1.2943605803979514
46160.0,96,2108.0,16.091603053435115,1.9415477709351745,96,96,2108.0,0.057305425632763016,1.0813289332182074,1.9415477709351745,96,2108.0,1.0813289332182074
46165.0,98,2130.0,16.015037593984964,1.863726498921895,98,98,2130.0,0.04761032528794022,0.9092696027701364,1.863726498921895,98,2130.0,0.9092696027701364
46170.0,99,2471.0,18.71969696969697,1.8605125597895023,99,99,2309.0,0.055655126672257166,0.9960286218970912,1.8605125597895023,99,2309.0,0.9960286218970912
46175.0,103,2826.0,21.08955223880597,1.8585003702487404,103,103,2826.0,0.05592760131387198,0.9828138013918024,1.8585003702487404,103,2826.0,0.9828138013918024
46180.0,102,3084.0,23.363636363636363,1.6330164562840666,102,102,3084.0,0.04370821369145684,0.7856546903706758,1.6330164562840666,102,3084.0,0.7856546903706758
46185.0,99,3261.0,24.704545454545453,1.7109307728632686,99,99,3228.0,0.046427272478249314,0.872923378727276,1.7109307728632686,99,3228.0,0.872923378727276
46190.0,95,3441.0,25.872180451127818,1.840144760388419,95,95,3441.0,0.056381636635890686,1.0187634487880637,1.840144760388419,95,3441.0,1.0187634487880637
46195.0,91,3658.0,28.138461538461538,2.084516031726331,91,91,3658.0,0.07084780707790068,1.2847910720408842,2.084516031726331,91,3658.0,1.2847910720408842
46200.0,94,3926.0,30.2,2.0508159053377915,94,94,3926.0,0.06812043539337477,1.2357765950188682,2.0508159053377915,94,3926.0,1.2357765950188682
46205.0,100,4238.0,31.86466165413534,1.7366693354487421,100,100,4224.0,0.051525475864745325,0.9582786484682104,1.7366693354487421,100,4224.0,0.9582786484682104
46210.0,102,4568.0,34.34586466165413,1.760383096482946,102,102,4568.0,0.053346595257951546,1.0076291991253388,1.760383096482946,102,4568.0,1.0076291991253388
46215.0,102,4797.0,35.27205882352941,1.7786006236602436,102,102,4797.0,0.04802049056427008,0.937420054200546,1.7786006236602436,102,4797.0,0.937420054200546
46220.0,102,5117.0,37.903703703703705,1.8976496422870477,102,102,5073.0,0.05851283748535888,1.1280631062854551,1.8976496422870477,102,5073.0,1.1280631062854551
46225.0,104,5452.0,40.088235294117645,1.9335173587390235,104,104,5452.0,0.06339391191236643,1.1725233321092807,1.9335173587390235,104,5452.0,1.1725233321092807
46230.0,101,5441.0,40.303703703703704,1.8961494020080116,101,101,5441.0,0.05907473381351243,1.112569839054378,1.8961494020080116,101,5441.0,1.112569839054378
46235.0,96,5181.0,38.66417910447761,2.095130900646474,96,96,5068.0,0.06411616204158235,1.205181980938191,2.095130900646474,96,5068.0,1.205181980938191
46240.0,94,4903.0,36.318518518518516,2.083965954645796,94,94,4903.0,0.06480014143677038,1.1826666761300761,2.083965954645796,94,4903.0,1.1826666761300761
46245.0,90,4532.0,34.07518796992481,2.142423487240448,90,90,4532.0,0.07066399570422457,1.294464736772069,2.142423487240448,90,4532.0,1.294464736772069
46250.0,91,4183.0,30.985185185185184,1.9986516706263602,91,91,4140.0,0.0569886440510752,1.0455822654710147,1.9986516706263602,91,4140.0,1.0455822654710147
46255.0,94,3843.0,28.67910447761194,1.8448190101677338,94,94,3843.0,0.05410108497433576,1.0107974703759992,1.8448190101677338,94,3843.0,1.0107974703759992
46260.0,90,3494.0,25.881481481481483,2.1216826799882673,90,90,3494.0,0.06751140442462363,1.2147225200735823,2.1216826799882673,90,3494.0,1.2147225200735823
46265.0,90,3112.0,22.55072463768116,2.0322725768624066,90,90,3112.0,0.060611527457887254,1.1351750374276586,2.0322725768624066,90,3112.0,1.1351750374276586
46270.0,92,2764.0,20.028985507246375,2.129166096361836,92,92,2742.0,0.06199783465245703,1.206705055821078,2.129166096361836,92,2742.0,1.206705055821078
46275.0,96,2427.0,17.46043165467626,1.9174928748190674,96,96,2427.0,0.053284990165788894,1.035424085071931,1.9174928748190674,96,2427.0,1.035424085071931
46280.0,95,2045.0,14.712230215827338,2.0180292310609893,95,95,2045.0,0.05731342795532335,1.1270674777525072,2.0180292310609893,95,2045.0,1.1270674777525072
46285.0,96,1984.0,14.273381294964029,1.9416005340399225,96,96,1936.0,0.06339352088529164,1.171015976614081,1.9416005340399225,96,1936.0,1.171015976614081
46290.0,96,2188.0,15.855072463768115,2.0918241046197945,96,96,2188.0,0.07214579560633294,1.3346787746548503,2.0918241046197945,96,2188.0,1.3346787746548503
46295.0,99,2300.0,16.91176470588235,1.8006483352275668,99,99,2300.0,0.057326423067446466,1.0664856374649698,1.8006483352275668,99,2300.0,1.0664856374649698
46300.0,100,2317.0,16.912408759124087,1.6544016958880288,100,100,2269.0,0.04320855482577197,0.7787045841001902,1.6544016958880288,100,2269.0,0.7787045841001902
46305.0,95,2346.0,17.25,1.9903992901150995,95,95,2346.0,0.0613426143094577,1.105978605109131,1.9903992901150995,95,2346.0,1.105978605109131
46310.0,91,2292.0,16.72992700729927,2.047475956475269,91,91,2292.0,0.06480030588477434,1.1558943438419542,2.047475956475269,91,2292.0,1.1558943438419542
46315.0,93,2273.0,16.71323529411765,2.0046697402456717,93,93,2230.0,0.05279651294393429,1.0500480036332598,2.0046697402456717,93,2230.0,1.0500480036332598
46320.0,93,2258.0,16.850746268656717,1.8657546725928449,93,93,2258.0,0.05594975354452154,1.0606527327971127,1.8657546725928449,93,2258.0,1.0606527327971127
46325.0,95,2249.0,16.179856115107913,1.9784051550837403,95,95,2249.0,0.05882995255195768,1.1051585441527274,1.9784051550837403,95,2249.0,1.1051585441527274
46330.0,91,2229.0,16.035971223021583,2.215705802923186,91,91,2229.0,0.07458780478787619,1.4184271514634716,2.215705802923186,91,2229.0,1.4184271514634716
46335.0,90,2197.0,15.471830985915492,2.3890540165409337,90,90,2197.0,0.07463650247246179,1.4030396950718667,2.3890540165409337,90,2197.0,1.4030396950718667
46340.0,87,2158.0,15.414285714285715,2.5161058399864022,87,87,2158.0,0.08257392126064175,1.5916650406504007,2.5161058399864022,87,2158.0,1.5916650406504007
46345.0,87,1969.0,14.16546762589928,2.203105497435804,86,87,1967.0,0.08013062916124518,1.5127870089864115,2.203105497435804,86,1967.0,1.5127870089864115
46350.0,86,1885.0,13.659420289855072,2.3318082525923898,86,86,1885.0,0.08444934139879474,1.6258910519841125,2.3318082525923898,86,1885.0,1.6258910519841125
46355.0,86,1996.0,14.569343065693431,2.2912161170259093,84,86,1992.0,0.08065684040259948,1.5697011608473113,2.2912161170259093,84,1992.0,1.5697011608473113
46360.0,89,2164.0,15.681159420289855,2.155045764512939,88,89,2161.0,0.07292600474810723,1.3628526303898583,2.155045764512939,88,2161.0,1.3628526303898583
46365.0,92,2382.0,17.26086956521739,2.2132075844661623,92,92,2375.0,0.06888134116888364,1.2876513039040642,2.2132075844661623,92,2375.0,1.2876513039040642
46370.0,92,2432.0,17.496402877697843,2.1369191458851207,92,92,2432.0,0.06400257828949436,1.1834393006855326,2.1369191458851207,92,2432.0,1.1834393006855326
46375.0,91,2430.0,17.48201438848921,2.338644445067911,91,91,2372.0,0.07583297964041052,1.377048153440722,2.338644445067911,91,2372.0,1.377048153440722
46380.0,90,2579.0,18.68840579710145,2.4990996805514984,90,90,2579.0,0.08247406653236374,1.5162547444428387,2.4990996805514984,90,2579.0,1.5162547444428387
46385.0,92,2688.0,19.33812949640288,2.3006297756293237,92,92,2688.0,0.07422061759705789,1.3688370254103586,2.3006297756293237,92,2688.0,1.3688370254103586
46390.0,94,2794.0,20.246376811594203,2.243069079701684,94,94,2780.0,0.07641962018998347,1.343659862592296,2.243069079701684,94,2780.0,1.343659862592296
46395.0,99,2976.0,21.41007194244604,2.0158954116427936,99,99,2976.0,0.06717038211739382,1.1745404133242225,2.0158954116427936,99,2976.0,1.1745404133242225
46400.0,103,3046.0,21.757142857142856,1.9732234975869016,103,103,3046.0,0.056241458977372885,1.0563682818175426,1.9732234975869016,103,3046.0,1.0563682818175426
46405.0,108,3267.0,23.170212765957448,1.718503100221251,108,108,3171.0,0.04390572197975557,0.8236652993053514,1.718503100221251,108,3171.0,0.8236652993053514
46410.0,109,3505.0,24.683098591549296,1.718339856632266,109,109,3505.0,0.04739162104049568,0.8686077586347991,1.718339856632266,109,3505.0,0.8686077586347991
46415.0,110,3750.0,26.408450704225352,1.682362201333646,110,110,3750.0,0.050370529242831946,0.8910926085181184,1.682362201333646,110,3750.0,0.8910926085181184
46420.0,110,3944.0,27.58041958041958,1.3747084840171362,110,110,3944.0,0.03437025763619583,0.6392591665266761,1.3747084840171362,110,3944.0,0.6392591665266761
46425.0,111,4185.0,29.265734265734267,1.5273291521297427,111,111,4167.0,0.046094359441467975,0.8419332564914027,1.5273291521297427,111,4167.0,0.8419332564914027
46430.0,115,4635.0,31.746575342465754,1.4220096347627438,115,115,4635.0,0.04270830437354504,0.7385227659022097,1.4220096347627438,115,4635.0,0.7385227659022097
46435.0,119,5074.0,34.99310344827586,1.3054890617624253,119,119,5074.0,0.030100658625669647,0.553401291491829,1.3054890617624253,119,5074.0,0.553401291491829
46440.0,119,5419.0,37.89510489510489,1.3378989448416339,119,119,5371.0,0.03354809518556699,0.591143393422977,1.3378989448416339,119,5371.0,0.591143393422977
46445.0,116,5753.0,39.4041095890411,1.5378321503649457,116,116,5753.0,0.04155383666454586,0.6972228579321975,1.5378321503649457,116,5753.0,0.6972228579321975
46450.0,112,6050.0,41.43835616438356,1.7321775350272197,112,112,6050.0,0.04699668108067147,0.8228619470091314,1.7321775350272197,112,6050.0,0.8228619470091314
46455.0,114,6362.0,43.57534246575342,1.6959382101160145,114,114,6349.0,0.04109477725581197,0.7573341726489227,1.6959382101160145,114,6349.0,0.7573341726489227
46460.0,113,6677.0,47.021126760563384,1.6395525505549076,113,113,6677.0,0.045723463812702245,0.8566005430827309,1.6395525505549076,113,6677.0,0.8566005430827309
46465.0,114,6947.0,48.58041958041958,1.5634857871431578,114,114,6947.0,0.039796778469445196,0.7819741096116744,1.5634857871431578,114,6947.0,0.7819741096116744
46470.0,114,7265.0,50.80419580419581,1.6406625183657026,114,114,7225.0,0.04244532008618387,0.7952200212787391,1.6406625183657026,114,7225.0,0.7952200212787391
46475.0,114,7585.0,53.41549295774648,1.582020677242515,114,114,7585.0,0.044011988584155025,0.7977467410483876,1.582020677242515,114,7585.0,0.7977467410483876
46480.0,114,7896.0,55.21678321678322,1.4100730806451764,114,114,7896.0,0.029634086994593783,0.548546965771492,1.4100730806451764,114,7896.0,0.548546965771492
46485.0,114,8216.0,58.269503546099294,1.4432821284780264,114,114,8207.0,0.03890950484882546,0.7166350660347883,1.4432821284780264,114,8207.0,0.7166350660347883
46490.0,115,8539.0,60.56028368794326,1.3169625321635223,115,115,8539.0,0.03375887035318118,0.6073839578818243,1.3169625321635223,115,8539.0,0.6073839578818243
46495.0,115,8977.0,64.12142857142857,1.327585900360413,115,115,8977.0,0.03663545021844105,0.6693439032814619,1.327585900360413,115,8977.0,0.6693439032814619
46500.0,117,9099.0,65.46043165467626,1.291144797040692,117,117,9099.0,0.029971197497521467,0.578025769394681,1.291144797040692,117,9099.0,0.578025769394681
46505.0,118,8915.0,63.226950354609926,1.1664289221819608,118,118,8763.0,0.028131202082516252,0.5177052450412643,1.1664289221819608,118,8763.0,0.5177052450412643
46510.0,114,8725.0,62.32142857142857,1.489995612820624,114,114,8725.0,0.04652409262730884,0.8427227543033207,1.489995612820624,114,8725.0,0.8427227543033207
46515.0,114,8519.0,61.28776978417266,1.2608345452759273,114,114,8519.0,0.0350607937727141,0.6665037069577016,1.2608345452759273,114,8519.0,0.6665037069577016
46520.0,114,8319.0,59.84892086330935,1.4384268779438185,114,114,8319.0,0.037422738368640046,0.7483166359718235,1.4384268779438185,114,8319.0,0.7483166359718235
46525.0,116,8119.0,57.99285714285714,1.3316264245761056,116,116,8119.0,0.03476394873947151,0.6827354848902487,1.3316264245761056,116,8119.0,0.6827354848902487
46530.0,113,7878.0,56.67625899280576,1.348973780740705,113,113,7878.0,0.038905573588543886,0.7658906995680873,1.348973780740705,113,7878.0,0.7658906995680873
46535.0,108,7583.0,55.35036496350365,1.3376678214061886,108,108,7570.0,0.04769570441383276,0.8972707006238233,1.3376678214061886,108,7570.0,0.8972707006238233
46540.0,106,7272.0,52.31654676258993,1.4435734426004028,106,106,7272.0,0.05360228301368747,0.9415680005336263,1.4435734426004028,106,7272.0,0.9415680005336263
46545.0,102,6857.0,49.68840579710145,1.5327073244793865,101,102,6856.0,0.05115628305107895,0.9936370619847021,1.5327073244793865,101,6856.0,0.9936370619847021
46550.0,102,6509.0,46.49285714285714,1.5318083408565648,102,102,6473.0,0.04379673632889127,0.8413746324910604,1.5318083408565648,102,6473.0,0.8413746324910604
46555.0,101,6183.0,44.48201438848921,1.6936489152369296,101,101,6183.0,0.05574227818833907,1.0377806373940903,1.6936489152369296,101,6183.0,1.0377806373940903
46560.0,102,5916.0,42.869565217391305,1.6343598017276932,102,102,5916.0,0.055142432345013995,1.0114815312272727,1.6343598017276932,102,5916.0,1.0114815312272727
46565.0,100,5472.0,39.36690647482014,1.6427099992214143,100,100,5472.0,0.05052782166424973,0.9388866235736495,1.6427099992214143,100,5472.0,0.9388866235736495
46570.0,101,5325.0,38.30935251798561,1.7226548159999504,101,101,5212.0,0.056482775181340365,1.0517445262705942,1.7226548159999504,101,5212.0,1.0517445262705942
46575.0,102,5180.0,36.22377622377623,1.8947358046369513,102,102,5180.0,0.06098902791571632,1.0916269230769027,1.8947358046369513,102,5180.0,1.0916269230769027
46580.0,99,4922.0,34.18055555555556,2.0441490826266993,99,99,4922.0,0.06478811909134075,1.1536016084405845,2.0441490826266993,99,4922.0,1.1536016084405845
46585.0,99,4583.0,31.39041095890411,1.9666521602585,99,99,4550.0,0.05494198096810433,1.0087136034005018,1.9666521602585,99,4550.0,1.0087136034005018
46590.0,95,4237.0,29.42361111111111,2.0514506127934187,95,95,4237.0,0.06486852895436822,1.1895241543597197,2.0514506127934187,95,4237.0,1.1895241543597197
46595.0,91,3906.0,27.507042253521128,2.246125930025737,91,91,3906.0,0.07879540730859133,1.427803073908951,2.246125930025737,91,3906.0,1.427803073908951
46600.0,93,3550.0,24.65277777777778,2.0330396609728343,93,93,3550.0,0.06275806579922807,1.1447946855665299,2.0330396609728343,93,3550.0,1.1447946855665299
46605.0,99,3279.0,22.458904109589042,2.069769785145843,99,99,3222.0,0.0604912446241595,1.1121285707997541,2.069769785145843,99,3222.0,1.1121285707997541
46610.0,100,3019.0,20.537414965986393,1.9905392689985382,100,100,3019.0,0.052408002846138606,1.0019846530330438,1.9905392689985382,100,3019.0,1.0019846530330438
46615.0,100,2689.0,18.67361111111111,1.8454311316358825,100,100,2689.0,0.04814602395062505,0.9497271550171474,1.8454311316358825,100,2689.0,0.9497271550171474
46620.0,100,2429.0,16.986013986013987,1.8640799559811077,100,100,2393.0,0.05023272738088259,0.9887468452782315,1.8640799559811077,100,2393.0,0.9887468452782315
46625.0,100,2263.0,15.825174825174825,1.8651452956328884,100,100,2263.0,0.056405285026977635,1.0639028334746485,1.8651452956328884,100,2263.0,1.0639028334746485
46630.0,101,2367.0,16.78723404255319,1.825104885541606,101,101,2367.0,0.05490316338291287,1.0386250329362505,1.825104885541606,101,2367.0,1.0386250329362505
46635.0,103,2536.0,17.859154929577464,1.7405869085185726,103,103,2536.0,0.043646818681586694,0.8334363272652857,1.7405869085185726,103,2536.0,0.8334363272652857
46640.0,103,2597.0,18.03472222222222,1.910605935044939,103,103,2544.0,0.055598245878402855,0.9905419656022324,1.910605935044939,103,2544.0,0.9905419656022324
46645.0,101,2701.0,18.627586206896552,2.0918285220696933,101,101,2701.0,0.06485876205670951,1.163454380645741,2.0918285220696933,101,2701.0,1.163454380645741
46650.0,102,2779.0,19.034246575342465,2.0573341969506154,102,102,2779.0,0.060331701743665825,1.1224600751622675,2.0573341969506154,102,2779.0,1.1224600751622675
46655.0,104,2770.0,19.37062937062937,1.8311759372868393,104,104,2722.0,0.05135489432542838,1.0170799350936848,1.8311759372868393,104,2722.0,1.0170799350936848
46660.0,105,2761.0,19.17361111111111,1.6290325499103304,105,105,2761.0,0.046538814406013,0.8981145851752683,1.6290325499103304,105,2761.0,0.8981145851752683
46665.0,102,2745.0,18.93103448275862,1.8530372109087627,102,102,2745.0,0.05748357926664549,1.0430770649437016,1.8530372109087627,102,2745.0,1.0430770649437016
46670.0,99,2715.0,18.724137931034484,1.8629294150491347,99,99,2715.0,0.06395281984754808,1.1537089753308367,1.8629294150491347,99,2715.0,1.1537089753308367
46675.0,96,2675.0,18.448275862068964,2.213250638247285,96,96,2675.0,0.0709231119059096,1.305785520920637,2.213250638247285,96,2675.0,1.305785520920637
46680.0,92,2611.0,18.00689655172414,2.3249554431289674,92,92,2611.0,0.0706131463336133,1.3402335032977064,2.3249554431289674,92,2611.0,1.3402335032977064
46685.0,88,2525.0,17.53472222222222,2.442822350457326,87,88,2523.0,0.08715717397171394,1.6374892341096505,2.442822350457326,87,2523.0,1.6374892341096505
46690.0,84,2417.0,16.902097902097903,2.568354134329912,83,84,2416.0,0.09196016267512683,1.7650408324893923,2.568354134329912,83,2416.0,1.7650408324893923
46695.0,80,2287.0,15.881944444444445,2.8069617189325027,79,80,2286.0,0.10364602888033274,1.9290881018513777,2.8069617189325027,79,2286.0,1.9290881018513777
46700.0,76,2091.0,14.829787234042554,2.865486585501697,75,76,2090.0,0.10828502375126685,2.044298908654895,2.865486585501697,75,2090.0,2.044298908654895
46705.0,83,2202.0,15.728571428571428,2.626797425333742,83,83,2202.0,0.10160290233905221,1.8667157918636292,2.626797425333742,83,2202.0,1.8667157918636292
46710.0,91,2381.0,16.886524822695037,2.52109399000303,89,91,2376.0,0.09240527947306429,1.7413740625270913,2.52109399000303,89,2376.0,1.7413740625270913
46715.0,87,2580.0,18.29787234042553,2.5106657158817383,87,87,2578.0,0.08996254655137127,1.673807042206678,2.5106657158817383,87,2578.0,1.673807042206678
46720.0,89,2944.0,20.444444444444443,2.5686441182605035,89,89,2932.0,0.08964876790798307,1.6286174709877757,2.5686441182605035,89,2932.0,1.6286174709877757
46725.0,90,3324.0,23.244755244755243,2.7063126036835707,90,90,3324.0,0.09090209323894724,1.7054750254726192,2.7063126036835707,90,3324.0,1.7054750254726192
46730.0,92,3706.0,25.73611111111111,2.470144840821052,92,92,3706.0,0.08353625275319972,1.552669099728604,2.470144840821052,92,3706.0,1.552669099728604
46735.0,91,3989.0,27.70138888888889,2.3737966262418104,91,91,3989.0,0.07712952212868703,1.4316590904787296,2.3737966262418104,91,3989.0,1.4316590904787296
46740.0,93,4238.0,29.636363636363637,2.0905539016178105,93,93,4238.0,0.06301347007300537,1.1879899608748357,2.0905539016178105,93,4238.0,1.1879899608748357
46745.0,102,4641.0,32.00689655172414,2.054228319985282,101,102,4605.0,0.0562701862181396,1.0876716922071668,2.054228319985282,101,4605.0,1.0876716922071668
46750.0,104,4781.0,33.201388888888886,1.930736437024307,104,104,4749.0,0.05554124365719527,1.049281733073512,1.930736437024307,104,4749.0,1.049281733073512
46755.0,100,4718.0,32.763888888888886,2.014837189596075,100,100,4620.0,0.0673455211617734,1.201274423117983,2.014837189596075,100,4620.0,1.201274423117983
46760.0,97,4639.0,32.21527777777778,2.301764300447317,97,97,4639.0,0.08095786434315039,1.45090248876935,2.301764300447317,97,4639.0,1.45090248876935
46765.0,96,4415.0,30.448275862068964,2.2071651952126707,96,96,4415.0,0.07227599016977057,1.3487753926510437,2.2071651952126707,96,4415.0,1.3487753926510437
46770.0,100,4397.0,30.116438356164384,2.245621633772442,100,100,4295.0,0.0717481226083169,1.3390824855475483,2.245621633772442,100,4295.0,1.3390824855475483
46775.0,104,4407.0,30.184931506849313,2.1114156508755255,104,104,4407.0,0.06716500551077849,1.222961848687425,2.1114156508755255,104,4407.0,1.222961848687425
46780.0,108,4310.0,29.12162162162162,1.8771329477683056,108,108,4310.0,0.04362749365258365,0.8459501220846616,1.8771329477683056,108,4310.0,0.8459501220846616
46785.0,107,4128.0,28.273972602739725,1.8315210077864168,107,107,4086.0,0.04700753052272581,0.9134677704442427,1.8315210077864168,107,4086.0,0.9134677704442427
46790.0,105,3934.0,26.945205479452056,1.8734524408678217,105,105,3934.0,0.05852602968499969,1.070050125313278,1.8734524408678217,105,3934.0,1.070050125313278
46795.0,101,3634.0,25.06206896551724,1.837358213503745,101,101,3634.0,0.05540957200908126,1.0440305874404952,1.837358213503745,101,3634.0,1.0440305874404952
46800.0,98,3259.0,22.631944444444443,1.8671670128678528,98,98,3231.0,0.05705456378028026,1.0779553462280274,1.8671670128678528,98,3231.0,1.0779553462280274
46805.0,95,2869.0,19.517006802721088,2.167500704457004,95,95,2869.0,0.0704881850578079,1.3259961179639386,2.167500704457004,95,2869.0,1.3259961179639386
46810.0,92,2266.0,15.31081081081081,2.1224897637308873,92,92,2266.0,0.0665330613596814,1.2369943093286575,2.1224897637308873,92,2266.0,1.2369943093286575
46815.0,90,1640.0,11.156462585034014,2.2815823351497753,90,90,1576.0,0.07559382447171747,1.3849004706633459,2.2815823351497753,90,1576.0,1.3849004706633459
46820.0,91,1513.0,10.363013698630137,2.2408615634048155,91,91,1513.0,0.08013082938508335,1.4661595725631495,2.2408615634048155,91,1513.0,1.4661595725631495
46825.0,99,1604.0,10.693333333333333,2.2265748778884222,99,99,1604.0,0.07557078742517313,1.3841216839530386,2.2265748778884222,99,1604.0,1.3841216839530386
46830.0,99,1730.0,11.381578947368421,2.3784247203191557,99,99,1730.0,0.08043935441778748,1.4392448933481896,2.3784247203191557,99,1730.0,1.4392448933481896
46835.0,105,1930.0,12.61437908496732,2.205732817839906,105,105,1930.0,0.06895884481223363,1.242375292389421,2.205732817839906,105,1930.0,1.242375292389421
46840.0,106,2204.0,14.5,1.8383837858414707,106,106,2203.0,0.04543830483264165,0.8629686452720793,1.8383837858414707,106,2203.0,0.8629686452720793
46845.0,106,2437.0,16.355704697986578,1.7668264721273608,105,106,2436.0,0.05049518440776723,0.9328279740612538,1.7668264721273608,105,2436.0,0.9328279740612538
46850.0,106,2633.0,17.43708609271523,1.9188115954648104,105,106,2598.0,0.05606463569904562,0.9863651782748647,1.9188115954648104,105,2598.0,0.9863651782748647
46855.0,105,2828.0,18.605263157894736,2.097536592702687,105,105,2828.0,0.06131704020066897,1.0627593452806237,2.097536592702687,105,2828.0,1.0627593452806237
46860.0,103,2873.0,19.026490066225165,2.115410836059016,102,103,2872.0,0.055322045634559516,0.9964359744647213,2.115410836059016,102,2872.0,0.9964359744647213
46865.0,106,2890.0,18.88888888888889,2.036505538069536,106,106,2827.0,0.04415926124889421,0.8286049770225175,2.036505538069536,106,2827.0,0.8286049770225175
46870.0,107,2919.0,19.20394736842105,2.159577089709734,107,107,2919.0,0.05129356925056671,0.9323202017367694,2.159577089709734,107,2919.0,0.9323202017367694
46875.0,105,2935.0,19.43708609271523,2.0668744772625205,105,105,2935.0,0.05538370529724917,0.956895469790602,2.0668744772625205,105,2935.0,0.956895469790602
46880.0,102,2937.0,19.19607843137255,2.3444178640007918,102,102,2937.0,0.06529080942815986,1.1732242535167818,2.3444178640007918,102,2937.0,1.1732242535167818
46885.0,99,2924.0,19.236842105263158,2.361024729301352,99,99,2924.0,0.0700423857929478,1.2539959749117162,2.361024729301352,99,2924.0,1.2539959749117162
46890.0,95,2822.0,18.56578947368421,2.5232857869818655,95,95,2822.0,0.07495406686676906,1.3383944257806233,2.5232857869818655,95,2822.0,1.3383944257806233
46895.0,95,2777.0,18.39072847682119,2.526501564975835,95,95,2777.0,0.07516504611045849,1.3293822763670764,2.526501564975835,95,2777.0,1.3293822763670764
46900.0,95,2729.0,18.43918918918919,2.17383552888542,95,95,2697.0,0.059094237489773715,1.0778107390508498,2.17383552888542,95,2697.0,1.0778107390508498
46905.0,93,2552.0,17.72222222222222,2.0880519947099017,93,93,2552.0,0.06435541285927202,1.1783951979496876,2.0880519947099017,93,2552.0,1.1783951979496876
46910.0,91,2337.0,16.342657342657343,2.110548609080141,91,91,2294.0,0.07410636917457131,1.3284381741525508,2.110548609080141,91,2294.0,1.3284381741525508
46915.0,91,2230.0,15.704225352112676,2.154597182934678,91,91,2230.0,0.0772248973364384,1.3645221982696845,2.154597182934678,91,2230.0,1.3645221982696845
46920.0,90,2084.0,14.67605633802817,2.091934762479926,90,90,2084.0,0.0698413179280827,1.3032728862772966,2.091934762479926,90,2084.0,1.3032728862772966
46925.0,91,2052.0,14.34965034965035,2.1242741115818102,91,91,2040.0,0.06996830305639928,1.306721915124591,2.1242741115818102,91,2040.0,1.306721915124591
46930.0,98,2291.0,15.691780821917808,2.21855965951381,98,98,2291.0,0.0752723236378149,1.3394646548919111,2.21855965951381,98,2291.0,1.3394646548919111
46935.0,100,2426.0,16.39189189189189,2.2000185720438132,100,100,2426.0,0.06872914174303149,1.234926676063998,2.2000185720438132,100,2426.0,1.234926676063998
46940.0,101,2478.0,16.743243243243242,2.197808471490093,101,101,2435.0,0.06160618271112745,1.1332716678759722,2.197808471490093,101,2435.0,1.1332716678759722
46945.0,102,2533.0,17.231292517006803,2.2416508352806748,102,102,2533.0,0.06997794978185624,1.2351744000482585,2.2416508352806748,102,2533.0,1.2351744000482585
46950.0,99,2579.0,17.664383561643834,2.2997955588260375,99,99,2579.0,0.07290079870612731,1.2951458967404714,2.2997955588260375,99,2579.0,1.2951458967404714
46955.0,95,2611.0,17.883561643835616,2.579884504359921,95,95,2611.0,0.08989564725576155,1.5820179430187686,2.579884504359921,95,2611.0,1.5820179430187686
46960.0,94,2630.0,18.013698630136986,2.357563939359513,94,94,2630.0,0.07667441206919945,1.3807707056300724,2.357563939359513,94,2630.0,1.3807707056300724
46965.0,91,2271.0,15.662068965517241,2.287944734556983,90,91,2270.0,0.07616759950685038,1.4346095845369446,2.287944734556983,90,2270.0,1.4346095845369446
46970.0,93,2341.0,16.034246575342465,2.363007488035464,93,93,2160.0,0.08038808490156493,1.4636964135516817,2.363007488035464,93,2160.0,1.4636964135516817
46975.0,99,2595.0,17.896551724137932,2.2422607778520853,99,99,2595.0,0.07836551439523853,1.4007616972854349,2.2422607778520853,99,2595.0,1.4007616972854349
46980.0,99,2776.0,19.27777777777778,2.1584728604264924,99,99,2776.0,0.06550298189795076,1.2333436522324073,2.1584728604264924,99,2776.0,1.2333436522324073
46985.0,100,3036.0,20.513513513513512,2.291690074782404,100,100,2999.0,0.0639568067281025,1.2218618362093763,2.291690074782404,100,2999.0,1.2218618362093763
46990.0,101,3314.0,22.39189189189189,2.4404367268360883,101,101,3314.0,0.07609942567720843,1.3747756784153773,2.4404367268360883,101,3314.0,1.3747756784153773
46995.0,101,3406.0,23.170068027210885,2.2709801498294824,101,101,3406.0,0.07196784733221014,1.2577433211862425,2.2709801498294824,101,3406.0,1.2577433211862425
47000.0,98,3402.0,23.142857142857142,2.513436226325416,98,98,3329.0,0.0790565259269851,1.4143728857960907,2.513436226325416,98,3329.0,1.4143728857960907
47005.0,99,3517.0,23.604026845637584,2.7537600493891508,99,99,3517.0,0.08970659627832214,1.5880793886914424,2.7537600493891508,99,3517.0,1.5880793886914424
47010.0,100,3501.0,23.655405405405407,2.434726300799615,100,100,3501.0,0.06814609949885313,1.2723855746153123,2.434726300799615,100,3501.0,1.2723855746153123
47015.0,100,3402.0,23.301369863013697,2.203574253694186,100,100,3360.0,0.05503877805518949,1.0310034076380412,2.203574253694186,100,3360.0,1.0310034076380412
47020.0,99,3296.0,22.73103448275862,2.0120023263222357,99,99,3296.0,0.05233325328542859,0.9697479608883895,2.0120023263222357,99,3296.0,0.9697479608883895
47025.0,96,3110.0,21.748251748251747,1.8818104823472719,96,96,3110.0,0.05164346502214693,0.9711162256064172,1.8818104823472719,96,3110.0,0.9711162256064172
47030.0,97,2986.0,20.73611111111111,1.8063889945563747,97,97,2957.0,0.04661798795990638,0.8947132047212709,1.8063889945563747,97,2957.0,0.8947132047212709
47035.0,99,2875.0,20.246478873239436,1.7209652556377757,99,99,2875.0,0.05171885661932283,0.9609574583865447,1.7209652556377757,99,2875.0,0.9609574583865447
47040.0,98,2676.0,18.713286713286713,1.769601009198207,98,98,2676.0,0.05139978758109785,0.9696911654385432,1.769601009198207,98,2676.0,0.9696911654385432
47045.0,95,2406.0,16.825174825174827,1.7235957041870347,95,95,2378.0,0.056987037365804426,1.045469351806816,1.7235957041870347,95,2378.0,1.045469351806816
47050.0,92,2123.0,14.950704225352112,2.004173495660991,92,92,2123.0,0.07105887513988178,1.2981606846534246,2.004173495660991,92,2123.0,1.2981606846534246
47055.0,93,1797.0,12.393103448275863,1.9427262695649614,93,93,1797.0,0.05990404299876685,1.131072444089088,1.9427262695649614,93,1797.0,1.131072444089088
47060.0,95,1617.0,11.151724137931035,2.0806020961963347,95,95,1586.0,0.06250041135088719,1.2057700777296434,2.0806020961963347,95,1586.0,1.2057700777296434
47065.0,101,1765.0,12.006802721088436,1.928607121720503,101,101,1765.0,0.052336075732336985,0.9936103885156724,1.928607121720503,101,1765.0,0.9936103885156724
47070.0,103,1929.0,13.033783783783784,1.884088384750478,103,103,1929.0,0.04890209589987586,0.9455383030970603,1.884088384750478,103,1929.0,0.9455383030970603
47075.0,104,2211.0,15.040816326530612,1.882776536943603,104,104,2184.0,0.05489854541617557,0.9929448090564629,1.882776536943603,104,2184.0,0.9929448090564629
47080.0,110,2595.0,17.653061224489797,1.640664401771616,110,110,2595.0,0.048282967036072474,0.8490639105831721,1.640664401771616,110,2595.0,0.8490639105831721
47085.0,114,2923.0,19.8843537414966,1.4886661305852613,114,114,2923.0,0.04052388906788692,0.7443984962471832,1.4886661305852613,114,2923.0,0.7443984962471832
47090.0,112,3187.0,21.828767123287673,1.457180228138325,112,112,3159.0,0.04060507831021114,0.7534065516141728,1.457180228138325,112,3159.0,0.7534065516141728
47095.0,108,3436.0,23.534246575342465,1.8031708364735106,108,108,3436.0,0.05335660263354074,0.9612801581671206,1.8031708364735106,108,3436.0,0.9612801581671206
47100.0,103,3435.0,23.854166666666668,1.7539361137001355,103,103,3435.0,0.04646497923309731,0.8957066590912608,1.7539361137001355,103,3435.0,0.8957066590912608
47105.0,102,3315.0,23.181818181818183,1.7180568192503938,101,102,3239.0,0.05144399996818355,0.9672774238177202,1.7180568192503938,101,3239.0,0.9672774238177202
47110.0,102,3285.0,23.133802816901408,1.6873073162574939,102,102,3285.0,0.05164928679468469,0.9878325918718899,1.6873073162574939,102,3285.0,0.9878325918718899
47115.0,102,3254.0,22.44137931034483,1.8335502061433824,102,102,3254.0,0.05245802307662983,1.005308316162662,1.8335502061433824,102,3254.0,1.005308316162662
47120.0,101,3181.0,21.78767123287671,1.9233230386431568,101,101,3180.0,0.054250451739638515,1.0545818288314277,1.9233230386431568,101,3180.0,1.0545818288314277
47125.0,104,3151.0,21.29054054054054,1.899578119634413,104,104,3117.0,0.049267358808816136,0.9495969667765575,1.899578119634413,104,3117.0,0.9495969667765575
47130.0,105,3136.0,21.47945205479452,1.9071879047299092,105,105,3136.0,0.05163647859020868,1.0201909523324513,1.9071879047299092,105,3136.0,1.0201909523324513
47135.0,102,3024.0,21.146853146853147,1.7907258222842795,102,102,3024.0,0.05053252436950365,0.9966152713847034,1.7907258222842795,102,3024.0,0.9966152713847034
47140.0,102,2981.0,20.992957746478872,1.583612705510805,102,102,2942.0,0.05022237828144735,0.930260423898331,1.583612705510805,102,2942.0,0.930260423898331
47145.0,102,2953.0,20.795774647887324,1.7226460164952175,102,102,2953.0,0.0572754193040049,1.0249647019433616,1.7226460164952175,102,2953.0,1.0249647019433616
47150.0,100,2821.0,20.15,1.488807152385905,100,100,2821.0,0.050196975171083125,0.9107235039929892,1.488807152385905,100,2821.0,0.9107235039929892
47155.0,101,2686.0,19.04964539007092,1.6354243614733701,101,101,2638.0,0.0500034322618772,0.9030807873187037,1.6354243614733701,101,2638.0,0.9030807873187037
47160.0,101,2550.0,18.085106382978722,1.7156924132683549,101,101,2550.0,0.0592955972513888,1.036768400346405,1.7156924132683549,101,2550.0,1.036768400346405
47165.0,99,2347.0,16.29861111111111,1.7093555531595301,99,99,2347.0,0.05259218038354813,0.9530529558051853,1.7093555531595301,99,2347.0,0.9530529558051853
47170.0,102,2362.0,16.068027210884352,1.7800986553556983,102,102,2319.0,0.049580703283357834,0.9070704647450264,1.7800986553556983,102,2319.0,0.9070704647450264
47175.0,101,2385.0,16.448275862068964,1.751212918978446,101,101,2385.0,0.055678407449279314,1.0138898962247924,1.751212918978446,101,2385.0,1.0138898962247924
47180.0,103,2414.0,16.421768707482993,1.9101652368408526,103,103,2414.0,0.059742680743381835,1.0865846720541439,1.9101652368408526,103,2414.0,1.0865846720541439
47185.0,100,2437.0,16.466216216216218,2.102222151122186,100,100,2437.0,0.07255937738299874,1.3232807455831384,2.102222151122186,100,2437.0,1.3232807455831384
47190.0,98,2378.0,16.06756756756757,2.1717781059481682,98,98,2378.0,0.0644176006879827,1.2276018243957243,2.1717781059481682,98,2378.0,1.2276018243957243
47195.0,98,2381.0,16.30821917808219,2.047663929857145,98,98,2346.0,0.0607790531522749,1.1573977755062714,2.047663929857145,98,2346.0,1.1573977755062714
47200.0,98,2387.0,16.57638888888889,1.8935418350134643,98,98,2352.0,0.05852702122951502,1.066275801777955,1.8935418350134643,98,2352.0,1.066275801777955
47205.0,97,2276.0,15.916083916083917,1.9726092812020906,97,97,2276.0,0.0641076454828411,1.146219403301107,1.9726092812020906,97,2276.0,1.146219403301107
47210.0,92,2068.0,14.56338028169014,2.0925914702949537,92,92,2030.0,0.06722810355048031,1.2384272315260185,2.0925914702949537,92,2030.0,1.2384272315260185
47215.0,89,1911.0,13.45774647887324,2.315392130330694,89,89,1911.0,0.07412034993243347,1.4076492537800234,2.315392130330694,89,1911.0,1.4076492537800234
47220.0,89,1926.0,13.659574468085106,2.3357737193806396,89,89,1926.0,0.07450956667217147,1.3936853803588574,2.3357737193806396,89,1926.0,1.3936853803588574
47225.0,90,1944.0,13.5,2.500149121661826,90,90,1944.0,0.08224334297488249,1.5167787342209385,2.500149121661826,90,1944.0,1.5167787342209385
47230.0,86,1931.0,13.409722222222221,2.4628745205863023,86,86,1931.0,0.08337563663474351,1.549310847869468,2.4628745205863023,86,1931.0,1.549310847869468
47235.0,91,2161.0,14.801369863013699,2.4891899240384596,91,91,2138.0,0.08047449788134685,1.511122076915794,2.4891899240384596,91,2138.0,1.511122076915794
47240.0,97,2436.0,16.916666666666668,2.5268777662799553,97,97,2436.0,0.0867060202359267,1.5646341917064948,2.5268777662799553,97,2436.0,1.5646341917064948
47245.0,101,2688.0,18.53793103448276,2.3643174417271884,101,101,2688.0,0.06832647149206811,1.2928096970311507,2.3643174417271884,101,2688.0,1.2928096970311507
47250.0,96,2905.0,20.03448275862069,2.5047320851461627,96,96,2893.0,0.07403095326456016,1.3834821381497953,2.5047320851461627,96,2893.0,1.3834821381497953
47255.0,94,3110.0,21.59722222222222,2.5952113928234333,94,94,3110.0,0.08116259782320387,1.510933998302347,2.5952113928234333,94,3110.0,1.510933998302347
47260.0,93,3303.0,22.623287671232877,2.66579040412803,93,93,3303.0,0.07976198848043893,1.4368315611909246,2.66579040412803,93,3303.0,1.4368315611909246
47265.0,91,3474.0,24.125,2.6221156813631006,91,91,3474.0,0.07993154022846509,1.5026726246201283,2.6221156813631006,91,3474.0,1.5026726246201283
47270.0,92,3723.0,25.854166666666668,2.5779768508786702,92,92,3713.0,0.08118291076911079,1.5006670210506505,2.5779768508786702,92,3713.0,1.5006670210506505
47275.0,97,4128.0,28.867132867132867,2.5007011008474165,97,97,4128.0,0.07710266181706357,1.4158148130464385,2.5007011008474165,97,4128.0,1.4158148130464385
47280.0,103,4558.0,31.874125874125873,2.2248060545188064,103,103,4558.0,0.06069390920485755,1.1074694377240497,2.2248060545188064,103,4558.0,1.1074694377240497
47285.0,106,5012.0,34.56551724137931,2.089258373056551,106,106,5012.0,0.05229262993141087,0.9806647001865774,2.089258373056551,106,5012.0,0.9806647001865774
47290.0,105,5396.0,37.73426573426573,1.9935916718905047,105,105,5396.0,0.05220735903292055,0.9892431081489999,1.9935916718905047,105,5396.0,0.9892431081489999
47295.0,102,5714.0,39.95804195804196,1.9633378641919603,102,102,5691.0,0.057855114696885014,1.058311699509325,1.9633378641919603,102,5691.0,1.058311699509325
47300.0,99,6025.0,42.429577464788736,2.1539534839175927,99,99,6025.0,0.07499634513070494,1.330811699509316,2.1539534839175927,99,6025.0,1.330811699509316
47305.0,97,6053.0,42.32867132867133,2.189139588152622,97,97,6053.0,0.07175725151165414,1.335728268613558,2.189139588152622,97,6053.0,1.335728268613558
47310.0,102,6426.0,45.25352112676056,2.0224594363419057,102,102,6264.0,0.06553457148779276,1.219814811051144,2.0224594363419057,102,6264.0,1.219814811051144
47315.0,107,6826.0,48.4113475177305,1.9188364495737078,107,107,6826.0,0.05922485924754905,1.0968465457403322,1.9188364495737078,107,6826.0,1.0968465457403322
47320.0,109,6852.0,47.91608391608391,1.6612390842600648,109,109,6852.0,0.03375437969367907,0.6273902159023946,1.6612390842600648,109,6852.0,0.6273902159023946
47325.0,105,6605.0,47.51798561151079,1.68300238451498,105,105,6476.0,0.04598062407511306,0.8242156127277892,1.68300238451498,105,6476.0,0.8242156127277892
47330.0,100,6335.0,45.905797101449274,1.6985155002856767,100,100,6335.0,0.05324892716942644,0.9369912864719827,1.6985155002856767,100,6335.0,0.9369912864719827
47335.0,100,6056.0,43.88405797101449,1.811024152916623,100,100,6056.0,0.05121013959218389,0.938923578042666,1.811024152916623,100,6056.0,0.938923578042666
47340.0,100,5776.0,41.85507246376812,1.9441228065372962,100,100,5776.0,0.05216143979369317,0.9705871886386903,1.9441228065372962,100,5776.0,0.9705871886386903
47345.0,101,5504.0,39.31428571428572,1.8381563381189587,101,101,5504.0,0.04892433936533466,0.9209584774906806,1.8381563381189587,101,5504.0,0.9209584774906806
47350.0,102,5214.0,37.510791366906474,1.8129107864614102,102,102,5214.0,0.04922658958315849,0.9559352450175173,1.8129107864614102,102,5214.0,0.9559352450175173
47355.0,105,5049.0,36.32374100719424,1.7028984396134643,105,105,4998.0,0.04675109873530952,0.8858175132215832,1.7028984396134643,105,4998.0,0.8858175132215832
47360.0,108,4931.0,36.25735294117647,1.5661399116556691,108,108,4931.0,0.05236977140053992,0.961278635268825,1.5661399116556691,108,4931.0,0.961278635268825
47365.0,108,4633.0,33.81751824817518,1.5240017802055557,108,108,4633.0,0.048490781120936424,0.9143579724870482,1.5240017802055557,108,4633.0,0.9143579724870482
47370.0,103,4199.0,30.875,1.6739921163750628,103,103,4141.0,0.04980897741835516,0.971594083112015,1.6739921163750628,103,4141.0,0.971594083112015
47375.0,98,3744.0,27.733333333333334,1.8905387143483579,98,98,3744.0,0.06289960435847852,1.182267832557564,1.8905387143483579,98,3744.0,1.182267832557564
47380.0,96,3283.0,24.139705882352942,1.8929854553687955,96,96,3283.0,0.061237527024236675,1.0967954994196751,1.8929854553687955,96,3283.0,1.0967954994196751
47385.0,94,2963.0,22.111940298507463,1.974882347639335,94,94,2963.0,0.06955046251797435,1.2397306979241045,1.974882347639335,94,2963.0,1.2397306979241045
47390.0,99,3148.0,23.147058823529413,1.8151898453264212,99,99,3146.0,0.06066615335292101,1.0903156424150064,1.8151898453264212,99,3146.0,1.0903156424150064
47395.0,106,3364.0,24.3768115942029,1.7501778262741088,106,106,3364.0,0.05039666395970831,0.900686486597587,1.7501778262741088,106,3364.0,0.900686486597587
47400.0,104,3500.0,25.179856115107913,1.8307452385004286,104,104,3500.0,0.045982646060480095,0.844999021947332,1.8307452385004286,104,3500.0,0.844999021947332
47405.0,106,3717.0,26.176056338028168,1.7854762658846344,106,106,3684.0,0.050404046879040154,0.883158074135907,1.7854762658846344,106,3684.0,0.883158074135907
47410.0,107,3952.0,27.830985915492956,1.9741193646834376,107,107,3952.0,0.060739691509682815,1.03567900385351,1.9741193646834376,107,3952.0,1.03567900385351
47415.0,105,4092.0,29.02127659574468,1.8551149201362498,105,105,4092.0,0.0579691100133765,1.0251757042996013,1.8551149201362498,105,4092.0,1.0251757042996013
47420.0,101,4182.0,30.304347826086957,1.8864373385393172,101,101,4154.0,0.05905509058209988,1.1136461588866977,1.8864373385393172,101,4154.0,1.1136461588866977
47425.0,100,4467.0,31.90714285714286,2.1761628830811555,100,100,4467.0,0.07106925397692072,1.3173348445832225,2.1761628830811555,100,4467.0,1.3173348445832225
47430.0,100,4801.0,34.539568345323744,2.102578116007596,100,100,4801.0,0.05930925122301951,1.1767723512075403,2.102578116007596,100,4801.0,1.1767723512075403
47435.0,105,5166.0,37.43478260869565,1.926831025483817,105,105,5159.0,0.0513947658725587,0.9625670954027672,1.926831025483817,105,5159.0,0.9625670954027672
47440.0,107,5548.0,40.794117647058826,1.5925842646267152,107,107,5548.0,0.0412200602861163,0.7442473118279554,1.5925842646267152,107,5548.0,0.7442473118279554
47445.0,108,5938.0,43.98518518518519,1.5959269796136226,108,108,5938.0,0.03551724703617671,0.6942134916997749,1.5959269796136226,108,5938.0,0.6942134916997749
47450.0,105,6262.0,45.70802919708029,1.5548697101298365,105,105,6262.0,0.03437787933935836,0.6509171564733436,1.5548697101298365,105,6262.0,0.6509171564733436
47455.0,102,6530.0,48.01470588235294,1.657679885773244,102,102,6512.0,0.044938920108457195,0.8278486956660732,1.657679885773244,102,6512.0,0.8278486956660732
47460.0,97,6775.0,50.559701492537314,1.8403059499437506,97,97,6775.0,0.06036656909639928,1.1035133071673102,1.8403059499437506,97,6775.0,1.1035133071673102
47465.0,95,6611.0,48.61029411764706,1.747688859663994,94,95,6610.0,0.05154816634577219,0.9924110850944354,1.747688859663994,94,6610.0,0.9924110850944354
47470.0,92,6243.0,46.24444444444445,1.9088156553031965,92,92,6115.0,0.05786786729165705,1.1334000581477723,1.9088156553031965,92,6115.0,1.1334000581477723
47475.0,92,5943.0,44.022222222222226,1.858187928735747,92,92,5943.0,0.05897409877132236,1.1213252309080701,1.858187928735747,92,5943.0,1.1213252309080701
47480.0,94,5605.0,41.51851851851852,1.849444047475401,94,94,5605.0,0.05527958997745013,1.0602547611246573,1.849444047475401,94,5605.0,1.0602547611246573
47485.0,96,5315.0,39.66417910447761,1.6922396551582457,96,96,5290.0,0.053559993380696905,0.9880120412333824,1.6922396551582457,96,5290.0,0.9880120412333824
47490.0,95,5026.0,37.507462686567166,1.8035803381878668,95,95,5026.0,0.05579853443737787,1.0186416053693348,1.8035803381878668,95,5026.0,1.0186416053693348
47495.0,92,4687.0,35.2406015037594,1.9170126254421753,92,92,4687.0,0.06255598404086164,1.1590436231328602,1.9170126254421753,92,4687.0,1.1590436231328602
47500.0,88,4293.0,32.278195488721806,1.8533242232080211,88,88,4279.0,0.055677424411069945,1.072084397397645,1.8533242232080211,88,4279.0,1.072084397397645
47505.0,88,3982.0,30.166666666666668,2.1087513788985266,88,88,3982.0,0.06734440336955196,1.265475377119925,2.1087513788985266,88,3982.0,1.265475377119925
47510.0,88,3682.0,27.47761194029851,2.2289039582704886,88,88,3682.0,0.06461601631857893,1.1925121777424321,2.2289039582704886,88,3682.0,1.1925121777424321
47515.0,86,3380.0,25.413533834586467,2.594137858733146,86,86,3380.0,0.08267742547214812,1.4625365430856545,2.594137858733146,86,3380.0,1.4625365430856545
47520.0,82,3059.0,23.53076923076923,2.6696884436389974,82,82,3059.0,0.08495465263478788,1.5400506516734473,2.6696884436389974,82,3059.0,1.5400506516734473
47525.0,78,2610.0,19.62406015037594,2.7745407612531787,78,78,2610.0,0.08313626010992875,1.5688746567553733,2.7745407612531787,78,2610.0,1.5688746567553733
47530.0,80,2418.0,18.458015267175572,2.899972455114763,80,80,2336.0,0.090697472778948,1.724687895713986,2.899972455114763,80,2336.0,1.724687895713986
47535.0,85,2742.0,20.772727272727273,2.783693550292666,85,85,2742.0,0.08299357102894155,1.6268608695652185,2.783693550292666,85,2742.0,1.6268608695652185
47540.0,87,2867.0,21.71969696969697,2.737722413960832,87,87,2867.0,0.07390010690755225,1.496435855991022,2.737722413960832,87,2867.0,1.496435855991022
47545.0,87,2838.0,21.338345864661655,2.677147450410845,87,87,2765.0,0.08184455907010824,1.5600405180795358,2.677147450410845,87,2765.0,1.5600405180795358
47550.0,82,2799.0,21.204545454545453,2.89514702529423,82,82,2799.0,0.09737309153623515,1.8237034928762368,2.89514702529423,82,2799.0,1.8237034928762368
47555.0,77,2652.0,20.4,2.881964528999858,77,77,2652.0,0.10111051478041974,1.879182776499147,2.881964528999858,77,2652.0,1.879182776499147
47560.0,76,2451.0,18.853846153846153,2.681921688565716,76,76,2424.0,0.08707409485014328,1.628451728265294,2.681921688565716,76,2424.0,1.628451728265294
47565.0,77,2311.0,18.0546875,2.6531058403864263,77,77,2311.0,0.09210583373886866,1.7263393163073018,2.6531058403864263,77,2311.0,1.7263393163073018
47570.0,80,2005.0,15.423076923076923,2.2614479705176724,80,80,2005.0,0.07276983444976136,1.3931924143125165,2.2614479705176724,80,2005.0,1.3931924143125165
47575.0,81,1796.0,13.709923664122137,2.1312986787878216,81,81,1731.0,0.059893716563725316,1.1931373237947818,2.1312986787878216,81,1731.0,1.1931373237947818
47580.0,83,1683.0,12.946153846153846,2.080412338868902,83,83,1683.0,0.06273177811561222,1.2002711630571223,2.080412338868902,83,1683.0,1.2002711630571223
47585.0,84,1486.0,11.430769230769231,1.8202499892804578,84,84,1486.0,0.06034273125543476,1.1509578894100956,1.8202499892804578,84,1486.0,1.1509578894100956
47590.0,84,1273.0,9.643939393939394,2.0415155275530923,84,84,1245.0,0.0693094338860779,1.3217629264700606,2.0415155275530923,84,1245.0,1.3217629264700606
47595.0,81,1278.0,9.609022556390977,2.2086741672028185,81,81,1278.0,0.07178040205922599,1.3782041666666571,2.2086741672028185,81,1278.0,1.3782041666666571
47600.0,83,1348.0,10.135338345864662,2.1669409060159115,83,83,1348.0,0.07442434247959581,1.4027737040904362,2.1669409060159115,83,1348.0,1.4027737040904362
47605.0,89,1452.0,10.755555555555556,2.068435064159365,89,89,1440.0,0.06244054193738698,1.1768166633473218,2.068435064159365,89,1440.0,1.1768166633473218
47610.0,91,1629.0,11.977941176470589,2.0649307729268704,91,91,1629.0,0.06478702428920874,1.2001891770025894,2.0649307729268704,91,1629.0,1.2001891770025894
47615.0,90,1736.0,12.671532846715328,2.0451376464233983,90,90,1736.0,0.05677569972010829,1.0960482980840305,2.0451376464233983,90,1736.0,1.0960482980840305
47620.0,89,1785.0,12.934782608695652,2.0034204359706815,89,89,1741.0,0.0521852436633862,0.9789405150084162,2.0034204359706815,89,1741.0,0.9789405150084162
47625.0,90,1854.0,13.434782608695652,2.2757730534977165,90,90,1854.0,0.06974461501549246,1.2655749236221452,2.2757730534977165,90,1854.0,1.2655749236221452
47630.0,90,1924.0,13.742857142857142,2.4090857692710244,90,90,1924.0,0.07185249913751149,1.315298936754406,2.4090857692710244,90,1924.0,1.315298936754406
47635.0,90,1993.0,14.235714285714286,2.584327536264364,90,90,1993.0,0.07684560777137313,1.4364067273832442,2.584327536264364,90,1993.0,1.4364067273832442
47640.0,89,2156.0,15.737226277372264,2.698373864753907,89,89,2156.0,0.08883249733528277,1.6750465181611545,2.698373864753907,89,2156.0,1.6750465181611545
47645.0,87,2222.0,16.10144927536232,2.35632526711982,87,87,2221.0,0.07190008583913315,1.401178699766055,2.35632526711982,87,2221.0,1.401178699766055
47650.0,88,2202.0,16.072992700729927,2.4908457278578062,87,88,2158.0,0.08135246561150977,1.5361726002743528,2.4908457278578062,87,2158.0,1.5361726002743528
47655.0,83,2164.0,15.568345323741006,2.890981111099714,83,83,2163.0,0.09720682531665195,1.7899059368382848,2.890981111099714,83,2163.0,1.7899059368382848
47660.0,78,1993.0,14.984962406015038,2.863291506002432,78,78,1993.0,0.10273115324661806,1.881796114985842,2.863291506002432,78,1993.0,1.881796114985842
47665.0,78,1896.0,14.149253731343284,2.9995381029284913,78,78,1853.0,0.09908313196637569,1.8615904560535719,2.9995381029284913,78,1853.0,1.8615904560535719
47670.0,77,1822.0,13.699248120300751,3.1830468252110147,77,77,1822.0,0.10484222344072133,1.9677098897855667,3.1830468252110147,77,1822.0,1.9677098897855667
47675.0,75,1662.0,12.590909090909092,3.1201032090203693,75,75,1662.0,0.10203060573904375,1.918451282030256,3.1201032090203693,75,1662.0,1.918451282030256
47680.0,73,1476.0,11.097744360902256,3.0889355896051174,73,73,1449.0,0.09299224939289737,1.773748472000304,3.0889355896051174,73,1449.0,1.773748472000304
47685.0,75,1476.0,10.933333333333334,3.2934296338658835,75,75,1476.0,0.10393435771016565,1.9488244987153198,3.2934296338658835,75,1476.0,1.9488244987153198
47690.0,74,1476.0,10.933333333333334,3.094774362448487,74,74,1476.0,0.09378210113967415,1.7319820248158153,3.094774362448487,74,1476.0,1.7319820248158153
47695.0,76,1493.0,11.225563909774436,3.1366853229622627,76,76,1493.0,0.09920638733297717,1.7748997971698819,3.1366853229622627,76,1493.0,1.7748997971698819
47700.0,74,1436.0,10.796992481203008,3.1327023950426125,74,74,1436.0,0.09732894125710484,1.7824020692634115,3.1327023950426125,74,1436.0,1.7824020692634115
47705.0,83,1682.0,12.646616541353383,2.607567899451229,83,83,1546.0,0.0812870246394473,1.4760190548963805,2.607567899451229,83,1546.0,1.4760190548963805
47710.0,87,1964.0,14.766917293233083,2.657255152716304,87,87,1964.0,0.07912737274768224,1.4543350814410279,2.657255152716304,87,1964.0,1.4543350814410279
47715.0,87,2157.0,15.977777777777778,2.6819102576077394,87,87,2157.0,0.06571946808366855,1.3116017699115012,2.6819102576077394,87,2157.0,1.3116017699115012
47720.0,87,2431.0,18.278195488721803,2.746015615835685,87,87,2393.0,0.07578952752785413,1.4590119102261294,2.746015615835685,87,2393.0,1.4590119102261294
47725.0,92,2728.0,20.51127819548872,2.5600137379551318,92,92,2728.0,0.07842507375968562,1.4764660542730403,2.5600137379551318,92,2728.0,1.4764660542730403
47730.0,90,2849.0,21.42105263157895,2.473022331127164,90,90,2849.0,0.07227904486311734,1.383796048994984,2.473022331127164,90,2849.0,1.383796048994984
47735.0,87,2879.0,21.646616541353385,2.6697999221997737,87,87,2811.0,0.07841776917628021,1.4994369578909506,2.6697999221997737,87,2811.0,1.4994369578909506
47740.0,85,2940.0,22.272727272727273,2.631015294754607,85,85,2940.0,0.08543901299208216,1.5636319836030141,2.631015294754607,85,2940.0,1.5636319836030141
47745.0,88,3004.0,22.931297709923665,2.4255784716630915,88,88,3004.0,0.0767662817210279,1.4178459173693807,2.4255784716630915,88,3004.0,1.4178459173693807
47750.0,94,3109.0,23.20149253731343,2.136074619912673,94,94,3096.0,0.05626072843695474,1.036372705713146,2.136074619912673,94,3096.0,1.036372705713146
47755.0,98,3241.0,24.186567164179106,2.090552914475142,98,98,3241.0,0.051750440415150416,0.9418926487330361,2.090552914475142,98,3241.0,0.9418926487330361
47760.0,97,3335.0,25.653846153846153,1.8190196645448369,97,97,3335.0,0.04546934410638177,0.8678776547364649,1.8190196645448369,97,3335.0,0.8678776547364649
47765.0,95,3386.0,25.458646616541355,1.8400536300460422,95,95,3373.0,0.048340068878450985,0.8936829853664423,1.8400536300460422,95,3373.0,0.8936829853664423
47770.0,90,3421.0,25.721804511278197,2.236852245273064,90,90,3421.0,0.0728505164488881,1.3262880273832454,2.236852245273064,90,3421.0,1.3262880273832454
47775.0,91,3431.0,25.227941176470587,2.075096383428733,91,91,3431.0,0.058301913771560035,1.1217069860526874,2.075096383428733,91,3431.0,1.1217069860526874
47780.0,91,3468.0,25.5,2.1855463469329353,91,91,3461.0,0.06615546078709739,1.2542832525813392,2.1855463469329353,91,3461.0,1.2542832525813392
47785.0,95,3703.0,26.833333333333332,2.164006609578164,95,95,3703.0,0.06960567527124349,1.286316770125131,2.164006609578164,95,3703.0,1.286316770125131
47790.0,98,3843.0,28.05109489051095,2.00002639251925,98,98,3843.0,0.05744212480684696,1.1050698724370902,2.00002639251925,98,3843.0,1.1050698724370902
47795.0,98,3813.0,28.244444444444444,1.9283927063439676,98,98,3726.0,0.05366654534084255,1.0415971531629054,1.9283927063439676,98,3726.0,1.0415971531629054
47800.0,96,3777.0,27.977777777777778,1.875810702081032,96,96,3777.0,0.05838014892490912,1.044972409896759,1.875810702081032,96,3777.0,1.044972409896759
47805.0,92,3727.0,28.234848484848484,2.046859309313884,92,92,3727.0,0.07064429700823308,1.2447053490605582,2.046859309313884,92,3727.0,1.2447053490605582
47810.0,87,3652.0,27.253731343283583,2.4148798197132626,87,87,3652.0,0.08788370771564304,1.4970225169171447,2.4148798197132626,87,3652.0,1.4970225169171447
47815.0,86,3612.0,26.955223880597014,2.60572249167004,86,86,3612.0,0.08739335038126377,1.5255307276688508,2.60572249167004,86,3612.0,1.5255307276688508
47820.0,87,3598.0,26.850746268656717,2.6527334220881658,86,87,3597.0,0.08638193477514565,1.6006515602017453,2.6527334220881658,86,3597.0,1.6006515602017453
47825.0,88,3482.0,25.98507462686567,2.417491153444368,88,88,3482.0,0.0799634880512066,1.4712002109231745,2.417491153444368,88,3482.0,1.4712002109231745
47830.0,89,3476.0,26.13533834586466,2.543267739691882,89,89,3398.0,0.08571919503568187,1.5899137174714166,2.543267739691882,89,3398.0,1.5899137174714166
47835.0,89,3471.0,26.097744360902254,2.520825698000653,89,89,3471.0,0.08451258217051329,1.5993401458136596,2.520825698000653,89,3471.0,1.5993401458136596
47840.0,87,3383.0,26.023076923076925,2.5333434440830955,87,87,3383.0,0.08346602812823548,1.5711694427112481,2.5333434440830955,87,3383.0,1.5711694427112481
47845.0,89,3371.0,25.53787878787879,2.6611968726205606,89,89,3334.0,0.08397426033765547,1.6096434977877956,2.6611968726205606,89,3334.0,1.6096434977877956
47850.0,87,3430.0,26.384615384615383,2.68515965245194,87,87,3393.0,0.08734790571975218,1.6683474682409871,2.68515965245194,87,3393.0,1.6683474682409871
47855.0,87,3366.0,26.503937007874015,2.6017780594656075,87,87,3366.0,0.09335790918172006,1.7741378788427413,2.6017780594656075,87,3366.0,1.7741378788427413
47860.0,89,3403.0,26.176923076923078,2.3898276659694018,89,89,3325.0,0.07929585577744443,1.467180016971536,2.3898276659694018,89,3325.0,1.467180016971536
47865.0,91,3453.0,26.358778625954198,2.4679350026223976,91,91,3453.0,0.07893879104391748,1.468961463287348,2.4679350026223976,91,3453.0,1.468961463287348
47870.0,91,3504.0,26.545454545454547,2.2379972020366137,91,91,3504.0,0.06523481667385651,1.190149580233788,2.2379972020366137,91,3504.0,1.190149580233788
47875.0,90,3500.0,26.31578947368421,2.329050601363932,90,90,3500.0,0.06600853711219302,1.2503533362164045,2.329050601363932,90,3500.0,1.2503533362164045
47880.0,90,3541.0,26.825757575757574,2.272028766205761,90,90,3522.0,0.069015864116045,1.2685534343966627,2.272028766205761,90,3522.0,1.2685534343966627
47885.0,94,3598.0,26.455882352941178,2.322919252989567,94,94,3598.0,0.0661595123974831,1.2076340037988782,2.322919252989567,94,3598.0,1.2076340037988782
47890.0,91,3461.0,25.828358208955223,2.3914591827691214,91,91,3461.0,0.06413714556985003,1.2392378875243057,2.3914591827691214,91,3461.0,1.2392378875243057
47895.0,90,3178.0,23.54074074074074,2.3099976158533653,90,90,3114.0,0.06345605531232887,1.1845127343900899,2.3099976158533653,90,3114.0,1.1845127343900899
47900.0,86,2885.0,21.529850746268657,2.625703069387699,86,86,2885.0,0.08305778610175849,1.55182897370633,2.625703069387699,86,2885.0,1.55182897370633
47905.0,86,2592.0,18.919708029197082,2.7675572168108804,86,86,2592.0,0.08728052775107445,1.6399491263343622,2.7675572168108804,86,2592.0,1.6399491263343622
47910.0,81,2495.0,18.21167883211679,3.076052153867719,81,81,2495.0,0.10473704294133586,1.9417550554553134,3.076052153867719,81,2495.0,1.9417550554553134
47915.0,82,2568.0,18.608695652173914,3.1372866244576523,82,82,2568.0,0.09832992282471475,1.8843237006381757,3.1372866244576523,82,2568.0,1.8843237006381757
47920.0,88,2663.0,19.297101449275363,2.6991790589997535,87,88,2662.0,0.08109831152317377,1.5914733523307099,2.6991790589997535,87,2662.0,1.5914733523307099
47925.0,87,2767.0,20.496296296296297,2.671675134947209,87,87,2767.0,0.08492127772809242,1.6455355043027622,2.671675134947209,87,2767.0,1.6455355043027622
47930.0,83,2853.0,21.133333333333333,2.668564248485958,83,83,2853.0,0.08881090039369219,1.7179247941803775,2.668564248485958,83,2853.0,1.7179247941803775
47935.0,81,2832.0,21.134328358208954,2.7084874336237132,81,81,2832.0,0.08923289610126364,1.753768454105516,2.7084874336237132,81,2832.0,1.753768454105516
47940.0,79,2902.0,22.15267175572519,2.792106169446915,79,79,2831.0,0.0976351717670105,1.872961960617483,2.792106169446915,79,2831.0,1.872961960617483
47945.0,80,3029.0,22.946969696969695,2.727925830513165,80,80,3028.0,0.09876841744001,1.881691969027989,2.727925830513165,80,3028.0,1.881691969027989
47950.0,82,3095.0,23.446969696969695,2.8797303037589033,80,82,3090.0,0.09530636819261704,1.8497611511631857,2.8797303037589033,80,3090.0,1.8497611511631857
47955.0,82,3312.0,25.282442748091604,2.827390609346054,82,82,3312.0,0.09614372318600367,1.8394098210384588,2.827390609346054,82,3312.0,1.8394098210384588
47960.0,84,3701.0,28.689922480620154,2.7002090850392753,84,84,3701.0,0.09086274325501448,1.7929143098118434,2.7002090850392753,84,3701.0,1.7929143098118434
47965.0,92,4131.0,31.295454545454547,2.416157149891168,92,92,4129.0,0.07495234816521681,1.4771595708794663,2.416157149891168,92,4129.0,1.4771595708794663
47970.0,94,4302.0,32.34586466165413,2.2643475069055246,94,94,4302.0,0.061042033325261556,1.1909982718891106,2.2643475069055246,94,4302.0,1.1909982718891106
47975.0,96,4306.0,32.621212121212125,2.1688796657441314,96,96,4213.0,0.06418358434283969,1.159155933891938,2.1688796657441314,96,4213.0,1.159155933891938
47980.0,98,4316.0,32.45112781954887,2.0313635148501663,98,98,4316.0,0.059537161360298844,1.033008822252321,2.0313635148501663,98,4316.0,1.033008822252321
47985.0,96,4276.0,31.674074074074074,2.163865018524891,96,96,4276.0,0.05844020203992693,1.0963576970973214,2.163865018524891,96,4276.0,1.0963576970973214
47990.0,93,4226.0,30.846715328467152,2.162474611592741,93,93,4213.0,0.052350298324392856,1.0255316199357183,2.162474611592741,93,4213.0,1.0255316199357183
47995.0,96,4226.0,31.774436090225564,2.1078284084951573,96,96,4226.0,0.06059337422951002,1.1647921241373966,2.1078284084951573,96,4226.0,1.1647921241373966
48000.0,96,4037.0,30.583333333333332,1.947517722348188,96,96,4037.0,0.0552711724754831,1.0361529205622653,1.947517722348188,96,4037.0,1.0361529205622653
48005.0,95,3713.0,27.503703703703703,2.0034111391670004,95,95,3650.0,0.05485593750110102,1.0140181332479852,2.0034111391670004,95,3650.0,1.0140181332479852
48010.0,91,3375.0,25.37593984962406,2.244223445140003,91,91,3375.0,0.07220701973652852,1.3043545435034227,2.244223445140003,91,3375.0,1.3043545435034227
48015.0,90,3024.0,22.235294117647058,2.3356976047938196,90,90,3024.0,0.0669737977383298,1.2302422816980594,2.3356976047938196,90,3024.0,1.2302422816980594
48020.0,87,2615.0,19.37037037037037,2.5876012492080145,87,87,2615.0,0.08195964475691282,1.5138783683005506,2.5876012492080145,87,2615.0,1.5138783683005506
48025.0,88,2430.0,17.73722627737226,2.4408261138748526,88,88,2428.0,0.06939740585753257,1.3046816122635732,2.4408261138748526,88,2428.0,1.3046816122635732
48030.0,88,2498.0,18.233576642335766,2.634158938674082,88,88,2496.0,0.07719829496237485,1.429792756365964,2.634158938674082,88,2496.0,1.429792756365964
48035.0,92,2477.0,18.348148148148148,2.5361559082410503,92,92,2477.0,0.07542803170014134,1.3444906630877698,2.5361559082410503,92,2477.0,1.3444906630877698
48040.0,94,2366.0,17.924242424242426,1.955906640835536,94,94,2318.0,0.056777385835221315,0.9793328708214548,1.955906640835536,94,2318.0,0.9793328708214548
48045.0,90,2248.0,17.29230769230769,2.158171977059729,90,90,2248.0,0.07069672182899138,1.2832599534835525,2.158171977059729,90,2248.0,1.2832599534835525
48050.0,85,2059.0,15.481203007518797,2.2648051126141238,85,85,2059.0,0.07060251772785264,1.3033216659535858,2.2648051126141238,85,2059.0,1.3033216659535858
48055.0,82,1850.0,13.909774436090226,2.4263812717792224,82,82,1822.0,0.06990672509782711,1.3283390740352305,2.4263812717792224,82,1822.0,1.3283390740352305
48060.0,80,1788.0,13.648854961832061,2.4875971835440795,80,80,1788.0,0.07770460571440187,1.460549588239114,2.4875971835440795,80,1788.0,1.460549588239114
48065.0,83,1708.0,12.842105263157896,2.226032324464604,83,83,1708.0,0.06455814772041196,1.2639595445601228,2.226032324464604,83,1708.0,1.2639595445601228
48070.0,86,1708.0,13.138461538461538,1.9974989759946253,86,86,1680.0,0.05870348127844336,1.1434660168643584,1.9974989759946253,86,1680.0,1.1434660168643584
48075.0,88,1740.0,13.181818181818182,1.9797834554270357,88,88,1740.0,0.05859514215266637,1.12032726396079,1.9797834554270357,88,1740.0,1.12032726396079
48080.0,88,1728.0,13.19083969465649,2.0159536904122177,88,88,1728.0,0.06389498911787629,1.1928775824568627,2.0159536904122177,88,1728.0,1.1928775824568627
48085.0,86,1669.0,12.643939393939394,2.0756938643280938,86,86,1655.0,0.06804781165243191,1.2493047972785483,2.0756938643280938,86,1655.0,1.2493047972785483
48090.0,81,1616.0,12.242424242424242,2.3564993798521097,81,81,1616.0,0.08105130891201817,1.4953832254593387,2.3564993798521097,81,1616.0,1.4953832254593387
48095.0,78,1585.0,12.192307692307692,2.3096207181063697,78,78,1585.0,0.07731137446523602,1.4558611585883483,2.3096207181063697,78,1585.0,1.4558611585883483
48100.0,81,1522.0,11.707692307692307,1.982900497344971,81,81,1479.0,0.06384082457544467,1.1897333829878902,1.982900497344971,81,1479.0,1.1897333829878902
48105.0,81,1544.0,11.876923076923077,2.332015718023787,81,81,1544.0,0.07607557840608026,1.3760203639624677,2.332015718023787,81,1544.0,1.3760203639624677
48110.0,80,1428.0,10.818181818181818,2.1945541681099376,80,80,1428.0,0.06451106646326595,1.2055142910484142,2.1945541681099376,80,1428.0,1.2055142910484142
48115.0,87,1548.0,11.907692307692308,2.154949727414803,87,87,1422.0,0.059956910181214546,1.0985277542404084,2.154949727414803,87,1422.0,1.0985277542404084
48120.0,88,1683.0,13.046511627906977,2.2478158114464692,88,88,1683.0,0.06601036715332546,1.2261043693060591,2.2478158114464692,88,1683.0,1.2261043693060591
48125.0,88,1692.0,12.721804511278195,2.155346299581146,88,88,1692.0,0.053657505192464636,1.0101106017965862,2.155346299581146,88,1692.0,1.0101106017965862
48130.0,85,1766.0,13.378787878787879,2.4453484786051147,85,85,1724.0,0.07243980367591275,1.3290000455809758,2.4453484786051147,85,1724.0,1.3290000455809758
48135.0,89,1931.0,14.518796992481203,2.3137410546384545,89,89,1931.0,0.07169376595188329,1.2751075470878623,2.3137410546384545,89,1931.0,1.2751075470878623
48140.0,92,2070.0,15.681818181818182,2.2140782022990773,92,92,2070.0,0.06209083745491532,1.1369227048487238,2.2140782022990773,92,2070.0,1.1369227048487238
48145.0,94,2154.0,16.442748091603054,2.098182222901408,94,94,2126.0,0.060486899144675525,1.1373533468784083,2.098182222901408,94,2126.0,1.1373533468784083
48150.0,88,2232.0,17.16923076923077,2.2796238822389454,88,88,2232.0,0.07132487890492129,1.3097047097785344,2.2796238822389454,88,2232.0,1.3097047097785344
48155.0,86,2283.0,17.976377952755904,2.1738779785673907,86,86,2283.0,0.07248590124150493,1.3379264507749131,2.1738779785673907,86,2283.0,1.3379264507749131
48160.0,89,2268.0,17.58139534883721,1.8869241329160473,89,89,2210.0,0.04955621954770083,0.9377791664537521,1.8869241329160473,89,2210.0,0.9377791664537521
48165.0,89,2261.0,17.6640625,2.0014418654418957,89,89,2261.0,0.0566304568261146,1.0472313403667848,2.0014418654418957,89,2261.0,1.0472313403667848
48170.0,85,2158.0,16.728682170542637,1.8715995202987425,85,85,2158.0,0.05019114173382356,0.9797197586429679,1.8715995202987425,85,2158.0,0.9797197586429679
48175.0,86,2118.0,16.41860465116279,1.965713907045024,86,86,2090.0,0.05251788141252021,1.003027630125455,1.965713907045024,86,2090.0,1.003027630125455
48180.0,86,2093.0,16.224806201550386,2.1404870161311713,86,86,2093.0,0.05786076361799538,1.0755796315960597,2.1404870161311713,86,2093.0,1.0755796315960597
48185.0,88,2072.0,15.696969696969697,2.1151495131397486,88,88,2072.0,0.05702831275516845,1.0488742758240142,2.1151495131397486,88,2072.0,1.0488742758240142
48190.0,88,2057.0,15.945736434108527,2.0891720864375345,88,88,2057.0,0.06057336450971973,1.1405265756976757,2.0891720864375345,88,2057.0,1.1405265756976757
48195.0,89,2050.0,16.015625,1.8110999915822301,89,89,2050.0,0.05244844859048886,0.9860136245562604,1.8110999915822301,89,2050.0,0.9860136245562604
48200.0,90,2044.0,16.094488188976378,1.813901373548938,90,90,2044.0,0.05644615369956057,1.0720777954859866,1.813901373548938,90,2044.0,1.0720777954859866
48205.0,93,1970.0,15.271317829457365,1.8596659510587785,93,93,1927.0,0.057496575050440694,1.080890986041002,1.8596659510587785,93,1927.0,1.080890986041002
48210.0,90,2076.0,16.093023255813954,2.0185406014356673,90,90,2076.0,0.06481418213935,1.1862608404849768,2.0185406014356673,90,2076.0,1.1862608404849768
48215.0,89,2157.0,16.984251968503937,1.9277829817741445,89,89,2157.0,0.0666004637873597,1.1806566163423327,1.9277829817741445,89,2157.0,1.1806566163423327
48220.0,93,2153.0,16.56153846153846,1.681409614913024,93,93,2109.0,0.041542011823684936,0.739778234058935,1.681409614913024,93,2109.0,0.739778234058935
48225.0,90,2152.0,16.68217054263566,1.9453870826307151,90,90,2152.0,0.056301376430685585,0.9974509433406004,1.9453870826307151,90,2152.0,0.9974509433406004
48230.0,85,2095.0,15.871212121212121,2.1242876762651184,85,85,2095.0,0.06648920386538643,1.1751929784691018,2.1242876762651184,85,2095.0,1.1751929784691018
48235.0,87,2069.0,15.793893129770993,2.1017307299788253,87,87,2051.0,0.06102334655808842,1.1154473152821776,2.1017307299788253,87,2051.0,1.1154473152821776
48240.0,87,2044.0,15.96875,2.041791771359263,87,87,2044.0,0.06021116505826249,1.1572171086954348,2.041791771359263,87,2044.0,1.1572171086954348
48245.0,86,1929.0,14.838461538461539,1.8479373688137999,86,86,1929.0,0.055567983011331264,1.0274595922016425,1.8479373688137999,86,1929.0,1.0274595922016425
48250.0,81,1734.0,13.44186046511628,2.1485546650096348,81,81,1706.0,0.0728926278184081,1.3586835835176718,2.1485546650096348,81,1706.0,1.3586835835176718
48255.0,79,1550.0,11.923076923076923,2.216312982700023,79,79,1550.0,0.07557621406333198,1.3826699110780571,2.216312982700023,79,1550.0,1.3826699110780571
48260.0,79,1536.0,11.815384615384616,2.4059605166837454,79,79,1536.0,0.07665052879214154,1.4376088858770966,2.4059605166837454,79,1536.0,1.4376088858770966
48265.0,87,1561.0,11.916030534351146,2.1981336902311104,87,87,1561.0,0.06837822749368479,1.2614355236838828,2.1981336902311104,87,1561.0,1.2614355236838828
48270.0,88,1640.0,12.615384615384615,2.152341702843197,88,88,1640.0,0.06631655365076242,1.2161996853835333,2.152341702843197,88,1640.0,1.2161996853835333
48275.0,88,1858.0,14.4031007751938,2.152597207011704,88,88,1858.0,0.06053619034489867,1.145820314306499,2.152597207011704,88,1858.0,1.145820314306499
48280.0,90,2073.0,15.946153846153846,1.8921575407463502,90,90,2060.0,0.05243951632831388,0.9749588311538785,1.8921575407463502,90,2060.0,0.9749588311538785
48285.0,90,2298.0,17.953125,2.022796822392608,90,90,2298.0,0.0678979148130872,1.2115705452155412,2.022796822392608,90,2298.0,1.2115705452155412
48290.0,87,2502.0,19.099236641221374,2.047072429753166,87,87,2502.0,0.06055255320526743,1.1450801340731087,2.047072429753166,87,2502.0,1.1450801340731087
48295.0,89,2722.0,20.93846153846154,2.056994925140554,89,89,2715.0,0.06178110161845698,1.1303834022291976,2.056994925140554,89,2715.0,1.1303834022291976
48300.0,89,2975.0,23.2421875,2.1029711682918304,89,89,2975.0,0.0701099485782816,1.281022339220974,2.1029711682918304,89,2975.0,1.281022339220974
48305.0,92,3135.0,23.931297709923665,1.8887210914687396,92,92,3135.0,0.054138486917576646,1.0102137691669897,1.8887210914687396,92,3135.0,1.0102137691669897
48310.0,92,3150.0,24.23076923076923,2.021228872066303,92,92,3078.0,0.05846026920487141,1.075565860701818,2.021228872066303,92,3078.0,1.075565860701818
48315.0,90,3157.0,24.284615384615385,2.0327867779688997,90,90,3157.0,0.06770531192769985,1.2083916200708518,2.0327867779688997,90,3157.0,1.2083916200708518
48320.0,86,3151.0,24.6171875,2.280049025536169,86,86,3151.0,0.07981553504084953,1.440055351423494,2.280049025536169,86,3151.0,1.440055351423494
48325.0,85,3122.0,23.83206106870229,2.618197072407639,85,85,3122.0,0.09570064190448072,1.6770168501343299,2.618197072407639,85,3122.0,1.6770168501343299
48330.0,81,3132.0,23.908396946564885,2.8263088991644807,81,81,3132.0,0.09486261896506892,1.744207977859255,2.8263088991644807,81,3132.0,1.744207977859255
48335.0,82,3168.0,24.558139534883722,2.699771436844672,81,82,3167.0,0.0930254294735828,1.737264537626053,2.699771436844672,81,3167.0,1.737264537626053
48340.0,83,3062.0,23.374045801526716,2.52609470508104,83,83,3062.0,0.08412030571465831,1.5792141829955546,2.52609470508104,83,3062.0,1.5792141829955546
48345.0,80,2845.0,22.2265625,2.6013385106197986,80,80,2797.0,0.09462891774447449,1.7685124403432082,2.6013385106197986,80,2797.0,1.7685124403432082
48350.0,76,2609.0,20.224806201550386,2.8308846498347413,76,76,2609.0,0.10589373007964215,1.915487725374603,2.8308846498347413,76,2609.0,1.915487725374603
48355.0,72,2275.0,17.635658914728683,2.8097602437191225,72,72,2275.0,0.10088672820314476,1.8626567943488996,2.8097602437191225,72,2275.0,1.8626567943488996
48360.0,73,2016.0,15.627906976744185,2.9879336820423306,73,73,1981.0,0.10249326005879782,1.8758646467886035,2.9879336820423306,73,1981.0,1.8758646467886035
48365.0,73,1934.0,14.876923076923077,3.0814841662254158,73,73,1899.0,0.10599646976340696,1.9608634483100869,3.0814841662254158,73,1899.0,1.9608634483100869
48370.0,77,2049.0,16.0078125,3.083139122918193,77,77,2049.0,0.11045586667374861,2.0174664157539883,3.083139122918193,77,2049.0,2.0174664157539883
48375.0,79,2085.0,16.162790697674417,2.6970123571044726,79,79,2085.0,0.0878886964046851,1.6318503964174458,2.6970123571044726,79,2085.0,1.6318503964174458
48380.0,81,2059.0,16.0859375,2.624954417617444,81,81,2025.0,0.08089936423930696,1.491383448966139,2.624954417617444,81,2025.0,1.491383448966139
48385.0,84,2034.0,15.526717557251908,2.7438564197769986,84,84,2034.0,0.08363960126011573,1.4844822802725532,2.7438564197769986,84,2034.0,1.4844822802725532
48390.0,78,2017.0,15.635658914728682,2.8720044144259838,78,78,2017.0,0.08748962902558306,1.5609093500647844,2.8720044144259838,78,2017.0,1.5609093500647844
48395.0,76,2057.0,16.0703125,3.0941628200313818,76,76,2057.0,0.0929585895415116,1.7179448501197365,3.0941628200313818,76,2057.0,1.7179448501197365
48400.0,77,2058.0,15.953488372093023,2.9391299080865116,77,77,2020.0,0.08342116958847126,1.5729716592551608,2.9391299080865116,77,2020.0,1.5729716592551608
48405.0,78,2067.0,16.275590551181104,2.950276733413647,78,78,2067.0,0.08454187908924096,1.5457476087203343,2.950276733413647,78,2067.0,1.5457476087203343
48410.0,74,2001.0,15.880952380952381,2.742482301610098,74,74,2001.0,0.08131952280304952,1.4800786789087292,2.742482301610098,74,2001.0,1.4800786789087292
48415.0,75,1987.0,15.896,2.794108156191224,75,75,1957.0,0.0788959642878906,1.4616387938641973,2.794108156191224,75,1957.0,1.4616387938641973
48420.0,75,1982.0,16.24590163934426,2.8955950678229097,75,75,1982.0,0.09036139083742634,1.6824006986261033,2.8955950678229097,75,1982.0,1.6824006986261033
48425.0,76,2064.0,16.512,2.7327525369510424,76,76,2064.0,0.07496780583622711,1.4835654795737574,2.7327525369510424,76,2064.0,1.4835654795737574
48430.0,82,2264.0,18.557377049180328,2.568268001105862,82,82,2264.0,0.07210645788603574,1.434915141466012,2.568268001105862,82,2264.0,1.434915141466012
48435.0,87,2489.0,20.235772357723576,2.246741115798074,87,87,2489.0,0.05561873641605488,1.0767725856698014,2.246741115798074,87,2489.0,1.0767725856698014
48440.0,87,2641.0,21.826446280991735,2.1560459946637938,87,87,2641.0,0.055551503341642924,1.08586307797983,2.1560459946637938,87,2641.0,1.08586307797983
48445.0,86,2725.0,22.520661157024794,2.0596698668336906,86,86,2697.0,0.06475608192732658,1.211319446631074,2.0596698668336906,86,2697.0,1.211319446631074
48450.0,82,2955.0,24.421487603305785,2.40963870954649,82,82,2955.0,0.0818072906743663,1.51926727400911,2.40963870954649,82,2955.0,1.51926727400911
48455.0,83,3217.0,26.808333333333334,2.390487082316653,83,83,3217.0,0.07441454553278112,1.383347470361419,2.390487082316653,83,3217.0,1.383347470361419
48460.0,84,3475.0,28.958333333333332,2.137395120825849,84,84,3475.0,0.06327744803982038,1.2309607311198936,2.137395120825849,84,3475.0,1.2309607311198936
48465.0,86,3749.0,31.771186440677965,2.036606846358093,86,86,3740.0,0.06378914326409335,1.2326898656230194,2.036606846358093,86,3740.0,1.2326898656230194
48470.0,86,4029.0,33.29752066115702,2.05508312986461,86,86,4029.0,0.06446826961693437,1.1967413386461798,2.05508312986461,86,4029.0,1.1967413386461798
48475.0,87,4310.0,35.916666666666664,2.0708380061126,87,87,4310.0,0.059018842332598354,1.1048282036680814,2.0708380061126,87,4310.0,1.1048282036680814
48480.0,88,4599.0,39.30769230769231,2.05384788883545,88,88,4599.0,0.05062807956282516,0.953923076923075,2.05384788883545,88,4599.0,0.953923076923075
48485.0,85,4613.0,38.44166666666667,2.0231248452676796,85,85,4613.0,0.05881685450833857,1.121598130841124,2.0231248452676796,85,4613.0,1.121598130841124
48490.0,82,4450.0,37.083333333333336,2.287437427017734,82,82,4362.0,0.07387978324556967,1.3744955952563194,2.287437427017734,82,4362.0,1.3744955952563194
48495.0,81,4400.0,35.77235772357724,2.5645885322181217,81,81,4400.0,0.08764838495319961,1.599208866007703,2.5645885322181217,81,4400.0,1.599208866007703
48500.0,85,4362.0,36.049586776859506,2.2035364165863953,85,85,4362.0,0.0677521939577413,1.2845872783097452,2.2035364165863953,85,4362.0,1.2845872783097452
48505.0,91,4351.0,35.3739837398374,2.0441111506169323,91,91,4351.0,0.05267096490343299,1.0332653211880178,2.0441111506169323,91,4351.0,1.0332653211880178
48510.0,89,4346.0,35.917355371900825,1.9821218236889568,89,89,4346.0,0.057069013712227806,1.0821261294658224,1.9821218236889568,89,4346.0,1.0821261294658224
48515.0,91,4349.0,36.855932203389834,1.7916578996611872,91,91,4349.0,0.056830515555514764,1.0614777824897987,1.7916578996611872,91,4349.0,1.0614777824897987
48520.0,92,4356.0,36.60504201680672,1.6333931551960952,92,92,4356.0,0.04863186732012296,0.9352654275456959,1.6333931551960952,92,4356.0,0.9352654275456959
48525.0,91,4289.0,36.347457627118644,1.5767122741485327,91,91,4289.0,0.04218761646391198,0.8589077012171268,1.5767122741485327,91,4289.0,0.8589077012171268
48530.0,87,4199.0,34.99166666666667,1.6253069691948447,87,87,4176.0,0.05386869959143571,0.993351637220264,1.6253069691948447,87,4176.0,0.993351637220264
48535.0,83,4330.0,36.083333333333336,1.948277483212543,83,83,4330.0,0.06912244609321315,1.257520076454518,1.948277483212543,83,4330.0,1.257520076454518
48540.0,86,4614.0,38.45,2.0401969582571002,85,86,4613.0,0.06641932174249612,1.2333069558330216,2.0401969582571002,85,4613.0,1.2333069558330216
48545.0,90,4928.0,39.74193548387097,1.9773570811914336,90,90,4922.0,0.05579904957773175,1.0242081688025653,1.9773570811914336,90,4922.0,1.0242081688025653
48550.0,93,5264.0,42.796747967479675,1.8811172504183014,93,93,5264.0,0.050628573280850214,0.9287304407310419,1.8811172504183014,93,5264.0,0.9287304407310419
48555.0,90,4593.0,37.64754098360656,1.7132349180882098,90,90,4593.0,0.05548411257661645,1.0373305336998104,1.7132349180882098,90,4593.0,1.0373305336998104
48560.0,89,4399.0,36.35537190082645,1.8454135680045707,89,89,4008.0,0.059307152337389896,1.118930266964057,1.8454135680045707,89,4008.0,1.118930266964057
48565.0,92,4719.0,38.36585365853659,2.0235269399388938,92,92,4719.0,0.06902664204060267,1.2843617506124163,2.0235269399388938,92,4719.0,1.2843617506124163
48570.0,90,5029.0,41.221311475409834,1.848238008581553,90,90,5029.0,0.058704285390794204,1.07436309731986,1.848238008581553,90,5029.0,1.07436309731986
48575.0,93,5425.0,44.83471074380165,1.9442464398502821,93,93,5415.0,0.0615707823430108,1.1083480604240081,1.9442464398502821,93,5415.0,1.1083480604240081
48580.0,99,5906.0,47.62903225806452,1.7316924056030931,99,99,5906.0,0.0456268948352283,0.792702987367745,1.7316924056030931,99,5906.0,0.792702987367745
48585.0,101,6378.0,51.853658536585364,1.5442438825373639,101,101,6378.0,0.027751339169011117,0.5070148942575762,1.5442438825373639,101,6378.0,0.5070148942575762
48590.0,102,6888.0,55.54838709677419,1.6122790465044607,102,102,6875.0,0.038512433555442885,0.6786568745535716,1.6122790465044607,102,6875.0,0.6786568745535716
48595.0,104,7404.0,60.68852459016394,1.4121734969041237,104,104,7404.0,0.03555419818685615,0.6186165862930348,1.4121734969041237,104,7404.0,0.6186165862930348
48600.0,104,7920.0,64.91803278688525,1.4972008134283443,104,104,7920.0,0.02874840666114528,0.5466575665603584,1.4972008134283443,104,7920.0,0.5466575665603584
48605.0,105,8441.0,67.528,1.471406079314699,105,105,8438.0,0.033595053719123545,0.5941118080825434,1.471406079314699,105,8438.0,0.5941118080825434
48610.0,106,8969.0,71.752,1.5315363186188697,106,106,8969.0,0.033629219570155695,0.6112027322466406,1.5315363186188697,106,8969.0,0.6112027322466406
48615.0,106,9499.0,75.992,1.4382858544075952,106,106,9499.0,0.029862595532740475,0.5712318901978746,1.4382858544075952,106,9499.0,0.5712318901978746
48620.0,109,10039.0,80.95967741935483,1.2680735926218891,109,109,10039.0,0.028180932354130647,0.5423081263321827,1.2680735926218891,109,10039.0,0.5423081263321827
48625.0,112,10584.0,84.0,1.2543050676538827,112,112,10584.0,0.032109842891479716,0.6253745458931969,1.2543050676538827,112,10584.0,0.6253745458931969
48630.0,111,11136.0,90.53658536585365,1.036352739003165,111,111,11136.0,0.031661671361498264,0.6378286713858055,1.036352739003165,111,11136.0,0.6378286713858055
48635.0,110,11664.0,94.82926829268293,1.0706363222443975,110,110,11664.0,0.032480882943749574,0.6592025244381109,1.0706363222443975,110,11664.0,0.6592025244381109
48640.0,112,12217.0,97.736,0.8570453743492407,112,112,12202.0,0.027742633339178705,0.5197442414422332,0.8570453743492407,112,12202.0,0.5197442414422332
48645.0,113,12780.0,102.24,0.95718058105042,113,113,12780.0,0.03237820068985028,0.5967803525533423,0.95718058105042,113,12780.0,0.5967803525533423
48650.0,111,12770.0,101.34920634920636,0.7624722703979944,111,111,12770.0,0.01999789413119152,0.398595243602655,0.7624722703979944,111,12770.0,0.398595243602655
48655.0,108,12367.0,98.15079365079364,1.0458926808962499,108,108,12179.0,0.033138640177300845,0.6246350455135581,1.0458926808962499,108,12179.0,0.6246350455135581
48660.0,103,11942.0,95.536,1.2423831248469588,103,103,11942.0,0.04566648977591575,0.8249558249829002,1.2423831248469588,103,11942.0,0.8249558249829002
48665.0,101,11127.0,86.9296875,1.2132775721318392,101,101,11127.0,0.04294642847128295,0.7861751223268487,1.2132775721318392,101,11127.0,0.7861751223268487
48670.0,97,10043.0,78.4609375,1.493621367095138,97,97,9920.0,0.04826865434337693,0.918620901434833,1.493621367095138,97,9920.0,0.918620901434833
48675.0,94,8937.0,68.22137404580153,1.5914819988180358,94,94,8937.0,0.05393946158789725,0.9896008270165534,1.5914819988180358,94,8937.0,0.9896008270165534
48680.0,90,7816.0,59.66412213740458,1.981984088094981,90,90,7816.0,0.07093086091587282,1.3001440635244568,1.981984088094981,90,7816.0,1.3001440635244568
48685.0,89,6674.0,49.80597014925373,2.141519583762569,89,89,6674.0,0.08080720947561856,1.4281549058943257,2.141519583762569,89,6674.0,1.4281549058943257
48690.0,83,5517.0,41.17164179104478,2.522528234874762,83,83,5517.0,0.08970290709645494,1.6026778425096744,2.522528234874762,83,5517.0,1.6026778425096744
48695.0,80,4258.0,32.25757575757576,2.427846192214176,80,80,4258.0,0.0836553571140687,1.5624621072322498,2.427846192214176,80,4258.0,1.5624621072322498
48700.0,77,3111.0,23.21641791044776,2.35150808951216,77,77,3082.0,0.07757796232941297,1.4743913378004385,2.35150808951216,77,3082.0,1.4743913378004385
48705.0,73,2212.0,16.63157894736842,2.7426930363324855,73,73,2212.0,0.09815437272090308,1.8252562627717985,2.7426930363324855,73,2212.0,1.8252562627717985
48710.0,69,1473.0,10.830882352941176,2.770540862110773,69,69,1473.0,0.08691406949542992,1.646563431664091,2.770540862110773,69,1473.0,1.646563431664091
48715.0,74,1192.0,8.895522388059701,2.927038751642911,74,74,1126.0,0.09377130773526417,1.72642870523072,2.927038751642911,74,1126.0,1.72642870523072
48720.0,79,1215.0,9.204545454545455,2.658761183792956,79,79,1215.0,0.08520782778465492,1.5289739037772743,2.658761183792956,79,1215.0,1.5289739037772743
48725.0,87,1472.0,10.985074626865671,2.391454070653086,87,87,1472.0,0.06817449101245161,1.2805074417491158,2.391454070653086,87,1472.0,1.2805074417491158
48730.0,88,1561.0,11.736842105263158,2.409272006730481,88,88,1561.0,0.07165520578707635,1.3521942492929504,2.409272006730481,88,1561.0,1.3521942492929504
48735.0,90,1743.0,13.105263157894736,2.094345264132173,90,90,1668.0,0.06633616257765469,1.231004954426487,2.094345264132173,90,1668.0,1.231004954426487
48740.0,95,2058.0,15.473684210526315,2.1610536898509287,95,95,2058.0,0.06625704535264924,1.2266098824593208,2.1610536898509287,95,2058.0,1.2266098824593208
48745.0,101,2395.0,18.007518796992482,1.9766076820436675,101,101,2395.0,0.05918977907785379,1.0839130787581497,1.9766076820436675,101,2395.0,1.0839130787581497
48750.0,96,2610.0,19.772727272727273,2.060274011702483,96,96,2610.0,0.06059306601751374,1.1235437371601678,2.060274011702483,96,2610.0,1.1235437371601678
48755.0,93,2757.0,21.20769230769231,2.07912653161071,93,93,2719.0,0.058376809196120316,1.1281230305992525,2.07912653161071,93,2719.0,1.1281230305992525
48760.0,94,3019.0,23.045801526717558,2.0463343335844453,94,94,3019.0,0.059057899460057135,1.0971452461565723,2.0463343335844453,94,3019.0,1.0971452461565723
48765.0,95,3082.0,23.891472868217054,1.8747516213978521,95,95,3082.0,0.0512739055988052,0.9213228666474478,1.8747516213978521,95,3082.0,0.9213228666474478
48770.0,93,2999.0,23.06923076923077,1.8708194552202586,93,93,2931.0,0.04161706924946761,0.797667526080004,1.8708194552202586,93,2931.0,0.797667526080004
48775.0,90,2900.0,22.307692307692307,2.0465079004875446,90,90,2900.0,0.05327736190823223,1.0011000370941028,2.0465079004875446,90,2900.0,1.0011000370941028
48780.0,85,2780.0,21.384615384615383,2.281883180926656,85,85,2780.0,0.06246583395777254,1.1451690346600707,2.281883180926656,85,2780.0,1.1451690346600707
48785.0,82,2572.0,19.484848484848484,2.2701122441294483,82,82,2572.0,0.06741814772194123,1.2825429114957791,2.2701122441294483,82,2572.0,1.2825429114957791
48790.0,83,2422.0,18.48854961832061,2.319235740181534,83,83,2391.0,0.06543727624729316,1.2907226886343481,2.319235740181534,83,2391.0,1.2907226886343481
48795.0,84,2278.0,17.257575757575758,2.2449183776239767,84,84,2277.0,0.06935590606180078,1.3107166163636093,2.2449183776239767,84,2277.0,1.3107166163636093
48800.0,83,2038.0,15.557251908396946,2.349431922258641,83,83,2038.0,0.06909078590749547,1.3354648613523676,2.349431922258641,83,2038.0,1.3354648613523676
48805.0,81,1709.0,13.248062015503876,2.2093579440730764,81,81,1676.0,0.075454746745413,1.3982095811785822,2.2093579440730764,81,1676.0,1.3982095811785822
48810.0,76,1442.0,11.265625,2.3996274040738412,76,76,1442.0,0.09073600057761291,1.6436504701974546,2.3996274040738412,76,1442.0,1.6436504701974546
48815.0,76,1309.0,10.2265625,2.4373183476205247,76,76,1309.0,0.08762762602462171,1.6008480059224284,2.4373183476205247,76,1309.0,1.6008480059224284
48820.0,84,1472.0,11.236641221374045,2.1518926661645685,84,84,1458.0,0.06094909392751282,1.1101664722423343,2.1518926661645685,84,1458.0,1.1101664722423343
48825.0,89,1731.0,13.315384615384616,2.2676384034853485,89,89,1731.0,0.06873304720499825,1.2486664722423282,2.2676384034853485,89,1731.0,1.2486664722423282
48830.0,95,2017.0,15.280303030303031,2.0416371144183505,95,95,2017.0,0.045229050105646255,0.8400899590216816,2.0416371144183505,95,2017.0,0.8400899590216816
48835.0,97,2236.0,17.333333333333332,1.842100923088664,97,97,2236.0,0.038559688133145996,0.7417748906355652,1.842100923088664,97,2236.0,0.7417748906355652
48840.0,97,2546.0,19.73643410852713,1.9648719575289944,97,97,2474.0,0.04385391970520694,0.8364607313435337,1.9648719575289944,97,2474.0,0.8364607313435337
48845.0,98,2861.0,21.83969465648855,1.8632501198759477,98,98,2861.0,0.043922378915160126,0.8384164590868886,1.8632501198759477,98,2861.0,0.8384164590868886
48850.0,99,3180.0,24.651162790697676,1.807844541941562,99,99,3180.0,0.04500517860640747,0.8850095371681191,1.807844541941562,99,3180.0,0.8850095371681191
48855.0,100,3504.0,27.162790697674417,1.6976772180022062,100,100,3504.0,0.05109889958378794,0.9542383867289498,1.6976772180022062,100,3504.0,0.9542383867289498
48860.0,102,3922.0,30.640625,1.655725010375098,102,102,3922.0,0.050120479967841115,0.9608014119390333,1.655725010375098,102,3922.0,0.9608014119390333
48865.0,106,4291.0,33.00769230769231,1.6108428871934946,106,106,4291.0,0.037833250598333874,0.7702658865224279,1.6108428871934946,106,4291.0,0.7702658865224279
48870.0,107,4567.0,35.6796875,1.3653728667060363,107,107,4519.0,0.040010253688368407,0.7427371588070464,1.3653728667060363,107,4519.0,0.7427371588070464
48875.0,101,4832.0,38.04724409448819,1.634514730226375,101,101,4832.0,0.057492614910257256,1.0068711255195322,1.634514730226375,101,4832.0,1.0068711255195322
48880.0,99,5066.0,39.578125,1.4075053232781838,99,99,5066.0,0.04638222831331512,0.8222882051816107,1.4075053232781838,99,5066.0,0.8222882051816107
48885.0,101,5318.0,41.546875,1.5495591548893954,101,101,5309.0,0.0459369770500756,0.8585423210661721,1.5495591548893954,101,5309.0,0.8585423210661721
48890.0,101,5573.0,42.86923076923077,1.4891385757026778,101,101,5573.0,0.048085818095424754,0.8540222747768277,1.4891385757026778,101,5573.0,0.8540222747768277
48895.0,100,5786.0,44.85271317829457,1.4948072155992895,100,100,5786.0,0.04250213125571919,0.7930016546440304,1.4948072155992895,100,5786.0,0.7930016546440304
48900.0,95,5946.0,46.453125,1.696883498675859,95,95,5933.0,0.05149049314291033,0.9522679363556148,1.696883498675859,95,5933.0,0.9522679363556148
48905.0,93,6091.0,46.14393939393939,1.87438276476728,93,93,6091.0,0.06146948193147507,1.0947948120277151,1.87438276476728,93,6091.0,1.0947948120277151
48910.0,89,5842.0,44.93846153846154,1.941615156422705,88,89,5841.0,0.06393987935989695,1.2145189976993154,1.941615156422705,88,5841.0,1.2145189976993154
48915.0,87,5324.0,40.03007518796993,1.9089786644598126,87,87,5201.0,0.05566843433710225,1.064542508213383,1.9089786644598126,87,5201.0,1.064542508213383
48920.0,83,4789.0,36.00751879699248,2.296719011965609,83,83,4789.0,0.0746825888789006,1.4076408056492427,2.296719011965609,83,4789.0,1.4076408056492427
48925.0,83,4337.0,32.12592592592593,2.1389790093030023,83,83,4337.0,0.06703776605762025,1.2852265506352845,2.1389790093030023,83,4337.0,1.2852265506352845
48930.0,82,3961.0,29.340740740740742,2.374538591179775,82,82,3948.0,0.0770044243081764,1.416420533343449,2.374538591179775,82,3948.0,1.416420533343449
48935.0,82,3586.0,27.166666666666668,2.3852295377893418,82,82,3586.0,0.08387381484407594,1.4983244614032225,2.3852295377893418,82,3586.0,1.4983244614032225
48940.0,81,3136.0,23.938931297709924,1.9303895173224963,81,81,3136.0,0.06189351701333035,1.1455706423123724,1.9303895173224963,81,3136.0,1.1455706423123724
48945.0,80,2748.0,20.977099236641223,2.206048841896896,80,80,2716.0,0.07357999535323273,1.3570768419262147,2.206048841896896,80,2716.0,1.3570768419262147
48950.0,82,2366.0,17.924242424242426,2.072118480085353,82,82,2366.0,0.0663803421716278,1.195037294490828,2.072118480085353,82,2366.0,1.195037294490828
48955.0,84,1967.0,14.901515151515152,2.114674028705951,83,84,1966.0,0.06417114492560028,1.1814316716253797,2.114674028705951,83,1966.0,1.1814316716253797
48960.0,89,1701.0,12.98473282442748,2.0395774193626655,89,89,1629.0,0.053957250504426874,1.0183917072793907,2.0395774193626655,89,1629.0,1.0183917072793907
48965.0,92,1659.0,12.380597014925373,1.9121817894769233,92,92,1659.0,0.04759480944327019,0.9016053704784605,1.9121817894769233,92,1659.0,0.9016053704784605
48970.0,91,1741.0,13.18939393939394,1.9004972854319413,91,91,1741.0,0.054368475840497574,1.0319876378353394,1.9004972854319413,91,1741.0,1.0319876378353394
48975.0,88,1872.0,14.075187969924812,1.939238131400842,88,88,1828.0,0.06062275883683733,1.1188316829251612,1.939238131400842,88,1828.0,1.1188316829251612
48980.0,91,2046.0,15.38345864661654,2.2336124860499895,91,91,2046.0,0.07505376714724787,1.3360285277000132,2.2336124860499895,91,2046.0,1.3360285277000132
48985.0,97,2147.0,15.903703703703703,2.029772904912909,97,97,2147.0,0.05854301066842099,1.0624523339844492,2.029772904912909,97,2147.0,1.0624523339844492
48990.0,94,2164.0,16.02962962962963,2.1313830870280293,94,94,2121.0,0.05726864763927297,1.017739379986093,2.1313830870280293,94,2121.0,1.017739379986093
48995.0,91,2170.0,16.564885496183205,2.29622185486124,91,91,2170.0,0.07567533885073699,1.3216545313819794,2.29622185486124,91,2170.0,1.3216545313819794
49000.0,87,2090.0,16.076923076923077,2.003155476882205,87,87,2090.0,0.059562628251338755,1.1192732160533163,2.003155476882205,87,2090.0,1.1192732160533163
49005.0,88,2073.0,16.069767441860463,2.0153756858831593,88,88,2043.0,0.05966400321398293,1.1312507869644246,2.0153756858831593,88,2043.0,1.1312507869644246
49010.0,90,2063.0,15.748091603053435,2.047209904781469,90,90,2063.0,0.06099345459573501,1.117677966101694,2.047209904781469,90,2063.0,1.117677966101694
49015.0,86,2002.0,15.282442748091603,2.194416039016907,86,86,2002.0,0.060953880274947594,1.2065837871614016,2.194416039016907,86,2002.0,1.2065837871614016
49020.0,83,1895.0,14.576923076923077,2.2643368728192415,83,83,1882.0,0.062491276076476754,1.222884991249238,2.2643368728192415,83,1882.0,1.222884991249238
49025.0,80,1769.0,13.300751879699249,2.4209632932824316,80,80,1769.0,0.07614068735949601,1.446068376068365,2.4209632932824316,80,1769.0,1.446068376068365
49030.0,78,1638.0,12.409090909090908,2.465899412748788,78,78,1638.0,0.07461056111080386,1.4602202857925448,2.465899412748788,78,1638.0,1.4602202857925448
49035.0,80,1686.0,12.772727272727273,2.3201215581858827,80,80,1683.0,0.07536745046645846,1.4181302746693156,2.3201215581858827,80,1683.0,1.4181302746693156
49040.0,87,1962.0,14.863636363636363,2.355491986846351,87,87,1962.0,0.07513246030019732,1.396007724927843,2.355491986846351,87,1962.0,1.396007724927843
49045.0,96,2165.0,16.15671641791045,2.0392694362478805,96,96,2165.0,0.05378287830283706,0.9991314113867686,2.0392694362478805,96,2165.0,0.9991314113867686
49050.0,93,2258.0,16.850746268656717,2.1367255042339512,93,93,2200.0,0.057173146388030116,1.032795177907818,2.1367255042339512,93,2200.0,1.032795177907818
49055.0,90,2339.0,17.71969696969697,2.3864568786986227,90,90,2339.0,0.07454935988771876,1.3288558311961092,2.3864568786986227,90,2339.0,1.3288558311961092
49060.0,87,2391.0,17.977443609022558,2.1546834678448397,87,87,2391.0,0.06059243865300084,1.0872856472714996,2.1546834678448397,87,2391.0,1.0872856472714996
49065.0,89,2460.0,18.923076923076923,2.0780205840345136,89,89,2451.0,0.05755349078407503,1.0452610294027158,2.0780205840345136,89,2451.0,1.0452610294027158
49070.0,94,2616.0,20.27906976744186,1.9773583079335717,94,94,2616.0,0.05895066846541456,1.0837988892295183,1.9773583079335717,94,2616.0,1.0837988892295183
49075.0,96,2660.0,20.62015503875969,1.7494020906890566,96,96,2660.0,0.043489757098585,0.8171815756004625,1.7494020906890566,96,2660.0,0.8171815756004625
49080.0,94,2614.0,20.421875,1.9112615874469303,94,94,2571.0,0.053287281994655274,0.9687169709438332,1.9112615874469303,94,2571.0,0.9687169709438332
49085.0,90,2545.0,19.8828125,1.882398985045915,90,90,2545.0,0.06472572128914886,1.1723918625347869,1.882398985045915,90,2545.0,1.1723918625347869
49090.0,89,2462.0,19.234375,1.96015784501252,89,89,2462.0,0.06280161923494262,1.171563345941461,1.96015784501252,89,2462.0,1.171563345941461
49095.0,89,2382.0,18.18320610687023,2.0766205682413874,89,89,2381.0,0.06383929105259242,1.177205878842822,2.0766205682413874,89,2381.0,1.177205878842822
49100.0,90,2307.0,17.746153846153845,2.0561479037155945,90,90,2307.0,0.06593893779550689,1.200414189962932,2.0561479037155945,90,2307.0,1.200414189962932
49105.0,90,2106.0,16.2,2.0507139153087444,90,90,2106.0,0.06540980899725438,1.2202373038987617,2.0507139153087444,90,2106.0,1.2202373038987617
49110.0,84,1977.0,15.4453125,2.0694681669018857,84,84,1934.0,0.07301544407617895,1.3284240800755314,2.0694681669018857,84,1934.0,1.3284240800755314
49115.0,86,1957.0,15.2890625,2.233245493061311,86,86,1957.0,0.08592287676770866,1.5169010222735637,2.233245493061311,86,1957.0,1.5169010222735637
49120.0,88,1933.0,14.755725190839694,1.9801342936736086,88,88,1933.0,0.06307495962374837,1.1389057174981168,1.9801342936736086,88,1933.0,1.1389057174981168
49125.0,90,1994.0,15.338461538461539,1.9695704439558637,90,90,1989.0,0.05629163278219271,1.0432329272435836,1.9695704439558637,90,1989.0,1.0432329272435836
49130.0,96,2230.0,16.893939393939394,1.9937066707281752,96,96,2230.0,0.058606505291340635,1.0873525266647013,1.9937066707281752,96,2230.0,1.0873525266647013
49135.0,97,2444.0,18.65648854961832,1.7968666040465489,97,97,2444.0,0.05120663082097305,0.9060209059838172,1.7968666040465489,97,2444.0,0.9060209059838172
49140.0,95,2628.0,20.53125,1.7746091237480939,95,95,2615.0,0.05120095922744703,0.9300290467973571,1.7746091237480939,95,2615.0,0.9300290467973571
49145.0,91,2790.0,21.297709923664122,2.02030804553195,91,91,2790.0,0.0679234261729002,1.1965365162320347,2.02030804553195,91,2790.0,1.1965365162320347
49150.0,88,2756.0,21.364341085271317,1.9889769494247527,88,88,2756.0,0.0630240135537493,1.1657713904805918,1.9889769494247527,88,2756.0,1.1657713904805918
49155.0,83,2581.0,19.553030303030305,2.2214686901694813,83,83,2523.0,0.06884176070270487,1.2888805965752586,2.2214686901694813,83,2523.0,1.2888805965752586
49160.0,81,2393.0,18.550387596899224,2.2928440902736242,81,81,2393.0,0.08436453331823743,1.5453157836813562,2.2928440902736242,81,2393.0,1.5453157836813562
49165.0,78,2185.0,16.6793893129771,2.6089255101540116,78,78,2185.0,0.09433391449761092,1.7455235100764874,2.6089255101540116,78,2185.0,1.7455235100764874
49170.0,73,1750.0,13.358778625954198,2.7015312741538895,73,73,1750.0,0.09461759403321506,1.752971815294357,2.7015312741538895,73,1750.0,1.752971815294357
49175.0,79,1760.0,13.538461538461538,2.6403566337373046,79,79,1595.0,0.0934718814038043,1.7085315111806139,2.6403566337373046,79,1595.0,1.7085315111806139
49180.0,84,1796.0,13.503759398496241,2.5377906777889514,84,84,1796.0,0.08091149719416708,1.4524555960445553,2.5377906777889514,84,1796.0,1.4524555960445553
49185.0,86,1849.0,14.114503816793894,2.456977094120719,86,86,1849.0,0.06929296747088336,1.2976978843178153,2.456977094120719,86,1849.0,1.2976978843178153
49190.0,88,1910.0,14.360902255639099,2.331925048416727,88,88,1910.0,0.061321731012952845,1.1384457143176658,2.331925048416727,88,1910.0,1.1384457143176658
49195.0,89,1980.0,15.23076923076923,2.173388267003161,89,89,1980.0,0.06366461105591698,1.1823681281107754,2.173388267003161,89,1980.0,1.1823681281107754
49200.0,90,2031.0,15.623076923076923,2.1708389960831935,90,90,2031.0,0.06100766898069952,1.1697658011536025,2.1708389960831935,90,2031.0,1.1697658011536025
49205.0,94,2212.0,16.757575757575758,1.9550492834129076,94,94,2164.0,0.058069799882595495,1.0796672875365134,1.9550492834129076,94,2164.0,1.0796672875365134
49210.0,96,2441.0,18.92248062015504,1.9557466003263304,96,96,2441.0,0.06684325985461181,1.2114770116145979,1.9557466003263304,96,2441.0,1.2114770116145979
49215.0,98,2542.0,19.404580152671755,1.6531818874851798,98,98,2542.0,0.04586988702576587,0.8380815741962587,1.6531818874851798,98,2542.0,0.8380815741962587
49220.0,93,2542.0,19.859375,1.77729377331619,93,93,2499.0,0.05814433181284611,1.0699543295528975,1.77729377331619,93,2499.0,1.0699543295528975
49225.0,93,2524.0,19.267175572519083,1.9726747449244266,93,93,2524.0,0.06523642395100708,1.1993624211116665,1.9726747449244266,93,2524.0,1.1993624211116665
49230.0,89,2495.0,19.34108527131783,2.0263234030822264,89,89,2495.0,0.06852082122589341,1.3168369646177391,2.0263234030822264,89,2495.0,1.3168369646177391
49235.0,91,2470.0,19.448818897637796,1.8967264990024062,91,91,2470.0,0.05485909975177417,1.1118606010253103,1.8967264990024062,91,2470.0,1.1118606010253103
49240.0,92,2454.0,19.023255813953487,1.867129709099979,92,92,2454.0,0.05867238444908017,1.1316580119157695,1.867129709099979,92,2454.0,1.1316580119157695
49245.0,90,2345.0,18.17829457364341,1.8040549660777125,90,90,2345.0,0.05482006537910866,1.032388973395545,1.8040549660777125,90,2345.0,1.032388973395545
49250.0,87,2163.0,16.386363636363637,1.9496458449095215,87,87,2135.0,0.06214969095019772,1.141268741536931,1.9496458449095215,87,2135.0,1.141268741536931
49255.0,83,1959.0,14.954198473282442,2.2180745631573973,83,83,1959.0,0.07866075931279548,1.4245651175162357,2.2180745631573973,83,1959.0,1.4245651175162357
49260.0,80,1476.0,11.353846153846154,2.13838875269105,80,80,1476.0,0.06876065577323753,1.2890313436563412,2.13838875269105,80,1476.0,1.2890313436563412
49265.0,79,1295.0,9.736842105263158,2.264687986607995,79,79,1183.0,0.0726136033830716,1.4122032926165375,2.264687986607995,79,1183.0,1.4122032926165375
49270.0,86,1502.0,11.465648854961833,2.0979778194837824,86,86,1502.0,0.06782549582975872,1.2820186935997102,2.0979778194837824,86,1502.0,1.2820186935997102
49275.0,94,1809.0,13.80916030534351,1.8630901021974777,94,94,1809.0,0.06364046286703733,1.1666143872506916,1.8630901021974777,94,1809.0,1.1666143872506916
49280.0,94,2129.0,16.503875968992247,1.978564349827703,94,94,2129.0,0.07336184700539328,1.3440114181580767,1.978564349827703,94,2129.0,1.3440114181580767
49285.0,98,2378.0,18.015151515151516,1.6929092338218932,98,98,2378.0,0.04715375911672612,0.9149522321082699,1.6929092338218932,98,2378.0,0.9149522321082699
49290.0,91,2567.0,19.446969696969695,2.0113940608271563,91,91,2544.0,0.06443645199632769,1.1677214450088769,2.0113940608271563,91,2544.0,1.1677214450088769
49295.0,88,2737.0,20.734848484848484,2.3572601426840127,88,88,2737.0,0.07841907932606863,1.3459223410674115,2.3572601426840127,88,2737.0,1.3459223410674115
49300.0,86,2851.0,21.276119402985074,2.311101353201881,85,86,2850.0,0.06401679775000974,1.159331616337523,2.311101353201881,85,2850.0,1.159331616337523
49305.0,85,3024.0,22.736842105263158,2.4327465664464065,85,85,3012.0,0.05853996112369612,1.1121100002349196,2.4327465664464065,85,3012.0,1.1121100002349196
49310.0,90,3339.0,25.105263157894736,2.2914941347894926,90,90,3339.0,0.057902743184914035,1.097241045945686,2.2914941347894926,90,3339.0,1.097241045945686
49315.0,95,3636.0,27.545454545454547,1.9939598980224784,95,95,3636.0,0.04244328020025874,0.7843061250063709,1.9939598980224784,95,3636.0,0.7843061250063709
49320.0,91,3901.0,29.778625954198475,2.2408024718661346,91,91,3888.0,0.05751551458653936,1.0391318429267744,2.2408024718661346,91,3888.0,1.0391318429267744
49325.0,88,4146.0,30.940298507462686,2.3787231669632676,88,88,4146.0,0.0659710888548874,1.1714486730638725,2.3787231669632676,88,4146.0,1.1714486730638725
49330.0,84,4075.0,31.106870229007633,2.3845276392779833,84,84,4075.0,0.06650906530186153,1.2404325402358325,2.3845276392779833,84,4075.0,1.2404325402358325
49335.0,81,3785.0,28.246268656716417,2.5444808157289103,81,81,3687.0,0.06916241083208924,1.2921406308012255,2.5444808157289103,81,3687.0,1.2921406308012255
49340.0,77,3476.0,26.53435114503817,2.745624391712258,77,77,3476.0,0.08805762796841966,1.6357208117731625,2.745624391712258,77,3476.0,1.6357208117731625
49345.0,76,3137.0,24.31782945736434,2.5569584399217447,76,76,3137.0,0.08457410273912883,1.6258895734495264,2.5569584399217447,76,3137.0,1.6258895734495264
49350.0,79,2932.0,22.728682170542637,2.589559912007734,79,79,2903.0,0.08197213240215963,1.5493047649191551,2.589559912007734,79,2903.0,1.5493047649191551
49355.0,83,2766.0,21.77952755905512,2.490707917695092,83,83,2766.0,0.08069345439975721,1.4504274855827997,2.490707917695092,83,2766.0,1.4504274855827997
49360.0,84,2516.0,19.65625,2.091560903644867,84,84,2516.0,0.057927984191970115,1.0513528541339405,2.091560903644867,84,2516.0,1.0513528541339405
49365.0,79,2195.0,17.283464566929133,2.359416102181125,79,79,2167.0,0.07002579150219038,1.2947523217012742,2.359416102181125,79,2167.0,1.2947523217012742
49370.0,74,1854.0,14.261538461538462,2.6672158719825005,74,74,1854.0,0.08303593113530632,1.5266047663814681,2.6672158719825005,74,1854.0,1.5266047663814681
49375.0,76,1488.0,11.625,2.5478519664101897,76,76,1488.0,0.07172828733107088,1.3894022858744497,2.5478519664101897,76,1488.0,1.3894022858744497
49380.0,76,1197.0,9.5,2.5920491914678556,76,76,1169.0,0.075556111095189,1.403992761879503,2.5920491914678556,76,1169.0,1.403992761879503
49385.0,75,1168.0,9.125,2.5835884604617463,75,75,1168.0,0.08079626489564821,1.4828793512458256,2.5835884604617463,75,1168.0,1.4828793512458256
49390.0,76,1199.0,9.515873015873016,2.572571669939185,75,76,1198.0,0.08100036329737595,1.5183960179849507,2.572571669939185,75,1198.0,1.5183960179849507
49395.0,78,1202.0,9.464566929133857,2.312051215702067,78,78,1189.0,0.06879777354733349,1.267224585082442,2.312051215702067,78,1189.0,1.267224585082442
49400.0,75,1199.0,9.515873015873016,2.5344589309735417,75,75,1199.0,0.0798968805518911,1.4917971789420386,2.5344589309735417,75,1199.0,1.4917971789420386
49405.0,74,1081.0,8.4453125,2.520507202378149,74,74,1081.0,0.07878909952925033,1.5321956350708867,2.520507202378149,74,1081.0,1.5321956350708867
49410.0,72,1040.0,8.125,2.607816403526476,72,72,998.0,0.07720558556964865,1.5118250353526548,2.607816403526476,72,998.0,1.5118250353526548
49415.0,73,1087.0,8.696,2.6222486762806985,73,73,1087.0,0.08283787879232411,1.586970310613699,2.6222486762806985,73,1087.0,1.586970310613699
49420.0,78,1184.0,9.472,2.088394038203543,78,78,1184.0,0.06513130331455388,1.2033054063527995,2.088394038203543,78,1184.0,1.2033054063527995
49425.0,79,1264.0,10.276422764227643,2.129423018307843,79,79,1250.0,0.07057699619070137,1.2694924316484182,2.129423018307843,79,1250.0,1.2694924316484182
49430.0,76,1429.0,11.432,2.3119467364532835,76,76,1429.0,0.07782305401730458,1.4269495154265406,2.3119467364532835,76,1429.0,1.4269495154265406
49435.0,78,1515.0,12.12,2.2403136206351024,78,78,1515.0,0.06190108637411453,1.182482411941817,2.2403136206351024,78,1515.0,1.182482411941817
49440.0,77,1514.0,12.40983606557377,2.2754440224694217,77,77,1471.0,0.06907006044189563,1.2940826122967886,2.2754440224694217,77,1471.0,1.2940826122967886
49445.0,75,1571.0,12.568,2.3884098279178314,75,75,1571.0,0.07822509976555321,1.4134319814253276,2.3884098279178314,75,1571.0,1.4134319814253276
49450.0,76,1568.0,12.64516129032258,2.4425969997684547,76,76,1568.0,0.08114116623015331,1.452496813342921,2.4425969997684547,76,1568.0,1.452496813342921
49455.0,78,1643.0,13.144,2.4463162190794816,78,78,1615.0,0.07802512070444713,1.4224307406188719,2.4463162190794816,78,1615.0,1.4224307406188719
49460.0,80,1733.0,13.975806451612904,2.489924657040288,80,80,1733.0,0.08228074822958868,1.449975976771341,2.489924657040288,80,1733.0,1.449975976771341
49465.0,83,1828.0,14.393700787401574,2.565398994721814,83,83,1828.0,0.07840326899842283,1.4488732666347603,2.565398994721814,83,1828.0,1.4488732666347603
49470.0,82,1931.0,15.204724409448819,2.5281585038467425,82,82,1931.0,0.06145649270385635,1.2312042438219635,2.5281585038467425,82,1931.0,1.2312042438219635
49475.0,83,2044.0,16.483870967741936,2.439495612015828,83,83,2044.0,0.06558515875933807,1.284573564118002,2.439495612015828,83,2044.0,1.284573564118002
49480.0,84,2111.0,16.753968253968253,2.176703660530967,84,84,2088.0,0.05339140962554175,1.0249558165871997,2.176703660530967,84,2088.0,1.0249558165871997
49485.0,83,2190.0,17.950819672131146,2.236743318079444,83,83,2190.0,0.06939136572215696,1.298656458938078,2.236743318079444,83,2190.0,1.298656458938078
49490.0,81,2415.0,19.634146341463413,2.3084003133297304,81,81,2415.0,0.07400232890797524,1.3937103859289754,2.3084003133297304,81,2415.0,1.3937103859289754
49495.0,82,2681.0,21.796747967479675,2.3245233516432244,82,82,2681.0,0.06638983221278869,1.2999050233524252,2.3245233516432244,82,2681.0,1.2999050233524252
49500.0,87,2985.0,24.669421487603305,2.170913947377515,87,87,2975.0,0.06332294493075222,1.2048497208677917,2.170913947377515,87,2975.0,1.2048497208677917
49505.0,87,3295.0,26.572580645161292,2.153388723659386,87,87,3295.0,0.06283424684830621,1.187524753611055,2.153388723659386,87,3295.0,1.187524753611055
49510.0,89,3613.0,29.614754098360656,2.1682700302686952,89,89,3613.0,0.057558675609930894,1.130098425018112,2.1682700302686952,89,3613.0,1.130098425018112
49515.0,87,3464.0,27.93548387096774,2.180265090900817,87,87,3464.0,0.06239339964847307,1.1743853211009154,2.180265090900817,87,3464.0,1.1743853211009154
49520.0,88,3737.0,30.631147540983605,2.1676096013846293,88,88,3526.0,0.06628590752275378,1.278673519653792,2.1676096013846293,88,3526.0,1.278673519653792
49525.0,91,4059.0,32.733870967741936,2.2171297346016545,91,91,4059.0,0.07464215241190968,1.4030238635310126,2.2171297346016545,91,4059.0,1.4030238635310126
49530.0,94,4505.0,36.6260162601626,2.0095722714345454,94,94,4505.0,0.05861467649166444,1.1216067224952435,2.0095722714345454,94,4505.0,1.1216067224952435
49535.0,96,4864.0,39.868852459016395,1.914575147131506,96,96,4864.0,0.0497248080308997,0.9550285451087378,1.914575147131506,96,4864.0,0.9550285451087378
49540.0,97,5147.0,41.176,1.6789667590302566,97,97,5109.0,0.03940994959799656,0.6997107630618753,1.6789667590302566,97,5109.0,0.6997107630618753
49545.0,94,5423.0,44.08943089430894,1.8623949654612528,94,94,5423.0,0.05554413418664575,0.955874800301822,1.8623949654612528,94,5423.0,0.955874800301822
49550.0,89,5612.0,44.896,1.8626776812201926,89,89,5612.0,0.04739579469667453,0.9056469530212844,1.8626776812201926,89,5612.0,0.9056469530212844
49555.0,90,5860.0,48.429752066115704,1.7874329009050898,90,90,5829.0,0.050757801448202106,0.9643022627170021,1.7874329009050898,90,5829.0,0.9643022627170021
49560.0,91,6114.0,51.378151260504204,1.8651799019654964,91,91,6114.0,0.0600120331958401,1.112672293298043,1.8651799019654964,91,6114.0,1.112672293298043
49565.0,89,5975.0,48.577235772357724,1.8680826517457172,89,89,5975.0,0.049745874369502806,0.9330606425001428,1.8680826517457172,89,5975.0,0.9330606425001428
49570.0,85,5558.0,45.1869918699187,2.200919052195588,85,85,5430.0,0.06319390127839332,1.1517682793368456,2.200919052195588,85,5430.0,1.1517682793368456
49575.0,82,5119.0,41.61788617886179,2.2203919962411214,82,82,5119.0,0.07442421076638787,1.3121640590628654,2.2203919962411214,82,5119.0,1.3121640590628654
49580.0,80,4635.0,37.99180327868852,2.3046708640615168,80,80,4635.0,0.07389138322544785,1.3372915041608198,2.3046708640615168,80,4635.0,1.3372915041608198
49585.0,85,4347.0,34.776,2.3232157194382643,85,85,4311.0,0.0706508767139735,1.2500100547249053,2.3232157194382643,85,4311.0,1.2500100547249053
49590.0,89,4128.0,33.29032258064516,2.1490896795381063,89,89,4128.0,0.06481943068137973,1.1069086997036084,2.1490896795381063,89,4128.0,1.1069086997036084
49595.0,90,3796.0,30.612903225806452,2.158864451398569,90,90,3796.0,0.05835221348823018,1.019805157105521,2.158864451398569,90,3796.0,1.019805157105521
49600.0,86,3359.0,26.448818897637796,2.2511287913004896,86,86,3316.0,0.06359067028374085,1.1236328610967423,2.2511287913004896,86,3316.0,1.1236328610967423
49605.0,84,2908.0,23.83606557377049,2.144372479765915,84,84,2908.0,0.0692604127032582,1.2675206488375097,2.144372479765915,84,2908.0,1.2675206488375097
49610.0,80,2350.0,19.10569105691057,2.009095029519677,80,80,2350.0,0.06311815358627289,1.2002717629735016,2.009095029519677,80,2350.0,1.2002717629735016
49615.0,77,1787.0,14.647540983606557,2.1420603609917857,77,77,1759.0,0.06496253649027622,1.2364588129263292,2.1420603609917857,77,1759.0,1.2364588129263292
49620.0,74,1455.0,12.125,2.1508374342980714,74,74,1455.0,0.07246891415469242,1.3473208819249183,2.1508374342980714,74,1455.0,1.3473208819249183
49625.0,72,1320.0,10.819672131147541,2.116499661210456,72,72,1320.0,0.07638482676708487,1.402252422146936,2.116499661210456,72,1320.0,1.402252422146936
49630.0,73,1228.0,10.065573770491802,2.269971732476452,73,73,1215.0,0.08092546958018124,1.4729811609487466,2.269971732476452,73,1215.0,1.4729811609487466
49635.0,75,1140.0,9.344262295081966,2.1832572919363877,75,75,1140.0,0.08041877481072619,1.469485940755781,2.1832572919363877,75,1140.0,1.469485940755781
49640.0,70,899.0,7.368852459016393,2.3415488487339466,70,70,899.0,0.08120954213793535,1.5119887215792778,2.3415488487339466,70,899.0,1.5119887215792778
49645.0,72,911.0,7.288,2.505193286722102,72,72,851.0,0.08793087306646374,1.585961089650954,2.505193286722102,72,851.0,1.585961089650954
49650.0,75,1043.0,8.411290322580646,2.5765999625530522,75,75,1043.0,0.09077940350069102,1.6021535274701613,2.5765999625530522,75,1043.0,1.6021535274701613
49655.0,79,1202.0,9.772357723577235,2.44675456440632,79,79,1202.0,0.08196484059381577,1.4052504909272723,2.44675456440632,79,1202.0,1.4052504909272723
49660.0,78,1305.0,10.524193548387096,2.1213492774132825,78,78,1305.0,0.05942847986189819,1.072864311877941,2.1213492774132825,78,1305.0,1.072864311877941
49665.0,75,1355.0,11.016260162601625,2.2833283101197193,75,75,1337.0,0.06846463214979873,1.2508567903334553,2.2833283101197193,75,1337.0,1.2508567903334553
49670.0,73,1525.0,12.2,2.5693190770646517,73,73,1525.0,0.08318582998721787,1.4986810998034594,2.5693190770646517,73,1525.0,1.4986810998034594
49675.0,79,1717.0,13.959349593495935,2.346486409422575,79,79,1717.0,0.0684274479909327,1.2756105914947746,2.346486409422575,79,1717.0,1.2756105914947746
49680.0,88,2041.0,16.729508196721312,2.107751270941035,88,88,1972.0,0.053949934616747804,0.9639687970945524,2.107751270941035,88,1972.0,0.9639687970945524
49685.0,91,2392.0,18.984126984126984,2.1325734869632496,91,91,2392.0,0.05464361415190857,0.9682085605126679,2.1325734869632496,91,2392.0,0.9682085605126679
49690.0,88,2693.0,21.717741935483872,2.1528482591744957,88,88,2693.0,0.05029797725489616,0.9619433799662966,2.1528482591744957,88,2693.0,0.9619433799662966
49695.0,90,3040.0,24.516129032258064,2.032762599628585,90,90,3016.0,0.05993703646374494,1.0669091540840034,2.032762599628585,90,3016.0,1.0669091540840034
49700.0,90,3390.0,27.5609756097561,2.1085817149777997,90,90,3390.0,0.07241823312413367,1.2329570409469706,2.1085817149777997,90,3390.0,1.2329570409469706
49705.0,97,3816.0,30.285714285714285,1.9839722516863159,97,97,3816.0,0.05708091301182885,0.9825192025414712,1.9839722516863159,97,3816.0,0.9825192025414712
49710.0,99,4301.0,34.408,1.9073644732945882,99,99,4301.0,0.04756132154999384,0.8652446181568684,1.9073644732945882,99,4301.0,0.8652446181568684
49715.0,102,4808.0,39.735537190082646,1.60598105865294,102,102,4808.0,0.03965361319750396,0.7332612229804673,1.60598105865294,102,4808.0,0.7332612229804673
49720.0,104,5327.0,43.66393442622951,1.297155549118823,104,104,5327.0,0.03091435702070536,0.5522015046925596,1.297155549118823,104,5327.0,0.5522015046925596
49725.0,105,5852.0,48.766666666666666,1.2374076169972736,105,105,5852.0,0.03459158496230741,0.6380409332243074,1.2374076169972736,105,5852.0,0.6380409332243074
49730.0,107,6384.0,52.32786885245902,1.0611579805659748,107,107,6384.0,0.024859690447568913,0.4753720445819835,1.0611579805659748,107,6384.0,0.4753720445819835
49735.0,106,6904.0,56.59016393442623,1.16003676499875,106,106,6904.0,0.029618422162502288,0.5713060522679125,1.16003676499875,106,6904.0,0.5713060522679125
49740.0,108,7439.0,61.99166666666667,0.9891638996645601,108,108,7429.0,0.03267993348531319,0.5498992513873892,0.9891638996645601,108,7429.0,0.5498992513873892
49745.0,108,7979.0,64.34677419354838,1.1017733736168358,108,108,7979.0,0.03824781773067601,0.6272718301144629,1.1017733736168358,108,7979.0,0.6272718301144629
49750.0,109,8521.0,68.71774193548387,1.1265399150628592,109,109,8521.0,0.031161793989036263,0.5642309184705118,1.1265399150628592,109,8521.0,0.5642309184705118
49755.0,107,8672.0,68.82539682539682,1.0778800277320588,107,107,8672.0,0.02688313853124012,0.49676452893932954,1.0778800277320588,107,8672.0,0.49676452893932954
49760.0,104,8544.0,69.46341463414635,1.201788831096767,104,104,8415.0,0.04367012618648179,0.7835934242849627,1.201788831096767,104,8415.0,0.7835934242849627
49765.0,103,8398.0,67.184,1.4199709042299786,103,103,8398.0,0.06073537079644886,1.071976328516437,1.4199709042299786,103,8398.0,1.071976328516437
49770.0,98,8221.0,65.768,1.530955034378781,98,98,8221.0,0.05775502444677826,1.0683391746272148,1.530955034378781,98,8221.0,1.0683391746272148
49775.0,99,8058.0,64.98387096774194,1.3974887028209853,99,99,8048.0,0.04792435478573344,0.9091415736353825,1.3974887028209853,99,8048.0,0.9091415736353825
49780.0,100,7900.0,62.698412698412696,1.4170356560525883,100,100,7900.0,0.0425059530643126,0.7752639713280366,1.4170356560525883,100,7900.0,0.7752639713280366
49785.0,98,7695.0,61.07142857142857,1.5197033073993342,98,98,7695.0,0.04282256063368278,0.7919509633111964,1.5197033073993342,98,7695.0,0.7919509633111964
49790.0,93,7440.0,58.125,1.7518143110426463,93,93,7427.0,0.048980320661421155,0.9175276986354651,1.7518143110426463,93,7427.0,0.9175276986354651
49795.0,89,7164.0,55.96875,2.05918891431503,89,89,7164.0,0.0656357042728513,1.1690456248308438,2.05918891431503,89,7164.0,1.1690456248308438
49800.0,88,6866.0,54.928,1.9573118481661074,87,88,6865.0,0.059751881772184975,1.1362624580133287,1.9573118481661074,87,6865.0,1.1362624580133287
49805.0,87,6570.0,51.328125,2.0646962412644294,87,87,6566.0,0.05852820703022736,1.1309016101776213,2.0646962412644294,87,6566.0,1.1309016101776213
49810.0,88,6278.0,49.046875,2.1498679526084623,88,88,6278.0,0.06148542966295844,1.173234080442337,2.1498679526084623,88,6278.0,1.173234080442337
49815.0,88,6067.0,47.77165354330709,1.9118372543073159,88,88,6067.0,0.059520736534691365,1.1510608111799747,1.9118372543073159,88,6067.0,1.1510608111799747
49820.0,90,6179.0,49.03968253968254,1.9617376154841353,90,90,6147.0,0.06053827454197611,1.1907434198756282,1.9617376154841353,90,6147.0,1.1907434198756282
49825.0,98,6569.0,50.53076923076923,1.823384111288153,98,98,6569.0,0.05408565435995824,1.0487017596640702,1.823384111288153,98,6569.0,1.0487017596640702
49830.0,98,6967.0,54.007751937984494,1.63442493913171,98,98,6967.0,0.04716901131196233,0.9097866535265082,1.63442493913171,98,6967.0,0.9097866535265082
49835.0,101,7394.0,56.87692307692308,1.7500751925821283,101,101,7383.0,0.05662905922150453,1.0323536490012302,1.7500751925821283,101,7383.0,1.0323536490012302
49840.0,105,7834.0,59.80152671755725,1.4063233706194027,105,105,7834.0,0.046967094384366935,0.8142828746442331,1.4063233706194027,105,7834.0,0.8142828746442331
49845.0,106,8288.0,64.24806201550388,1.307607969002396,106,106,8288.0,0.03927490506592934,0.719356346595032,1.307607969002396,106,8288.0,0.719356346595032
49850.0,104,8622.0,66.83720930232558,1.2108534963009623,104,104,8622.0,0.03399796060904365,0.6356076482777573,1.2108534963009623,104,8622.0,0.6356076482777573
49855.0,105,8896.0,68.96124031007751,1.2231832202534858,105,105,8848.0,0.04123706358027501,0.7022696693895782,1.2231832202534858,105,8848.0,0.7022696693895782
49860.0,105,9175.0,70.57692307692308,1.4913631996034393,105,105,9175.0,0.05486679930547019,0.9105196693895491,1.4913631996034393,105,9175.0,0.9105196693895491
49865.0,103,8871.0,67.20454545454545,1.3748101956981746,103,103,8871.0,0.04523176561081664,0.8142423598400161,1.3748101956981746,103,8871.0,0.8142423598400161
49870.0,100,8177.0,62.41984732824427,1.4980143580901384,100,100,7989.0,0.04933247049529141,0.9367942126462429,1.4980143580901384,100,7989.0,0.9367942126462429
49875.0,96,7464.0,55.701492537313435,1.7574501875000383,96,96,7464.0,0.06068004098053268,1.1237295167145078,1.7574501875000383,96,7464.0,1.1237295167145078
49880.0,93,6690.0,49.92537313432836,1.9038559091467528,93,93,6690.0,0.06400644308624588,1.2118559776235183,1.9038559091467528,93,6690.0,1.2118559776235183
49885.0,92,5866.0,43.45185185185185,1.8532606018044,92,92,5853.0,0.059233184709387564,1.149104490313721,1.8532606018044,92,5853.0,1.149104490313721
49890.0,87,5027.0,37.514925373134325,1.9951867244287829,87,87,5027.0,0.06910581420117208,1.316661276347467,1.9951867244287829,87,5027.0,1.316661276347467
49895.0,83,4083.0,30.470149253731343,2.09251141920638,83,83,4083.0,0.07048307557759749,1.351140096851398,2.09251141920638,83,4083.0,1.351140096851398
49900.0,84,3206.0,23.573529411764707,1.945604574359331,84,84,3167.0,0.05811587789253107,1.1298599076422862,1.945604574359331,84,3167.0,1.1298599076422862
49905.0,84,2362.0,17.36764705882353,2.181325425943149,84,84,2362.0,0.0666158509743044,1.2758841910543801,2.181325425943149,84,2362.0,1.2758841910543801
49910.0,83,1644.0,11.91304347826087,2.1025883605068003,83,83,1644.0,0.061003579980431495,1.1430892248624553,2.1025883605068003,83,1644.0,1.1430892248624553
49915.0,86,1374.0,10.253731343283581,1.9603127915761451,86,86,1307.0,0.06376902677174982,1.1868341878886224,1.9603127915761451,86,1307.0,1.1868341878886224
49920.0,91,1534.0,11.362962962962962,1.8951198376600613,91,91,1467.0,0.05869695196455445,1.0543457108152436,1.8951198376600613,91,1467.0,1.0543457108152436
49925.0,98,1891.0,13.702898550724637,1.6843432641667133,98,98,1891.0,0.053421284823150686,0.9517403090317972,1.6843432641667133,98,1891.0,0.9517403090317972
49930.0,104,2316.0,17.155555555555555,1.530621007188659,104,104,2304.0,0.04474205828479379,0.8105546688549138,1.530621007188659,104,2304.0,0.8105546688549138
49935.0,107,2769.0,20.21167883211679,1.471444190106363,107,107,2769.0,0.04598487945540362,0.7985185999386898,1.471444190106363,107,2769.0,0.7985185999386898
49940.0,106,3088.0,22.705882352941178,1.476786738343774,106,106,3088.0,0.039455635484457054,0.7389396699492535,1.476786738343774,106,3088.0,0.7389396699492535
49945.0,106,3346.0,24.423357664233578,1.6070619018815486,106,106,3302.0,0.04817999908383917,0.8967949044225728,1.6070619018815486,106,3302.0,0.8967949044225728
49950.0,104,3631.0,26.503649635036496,1.7796804995615536,104,104,3631.0,0.05825628385770199,1.0588663269187701,1.7796804995615536,104,3631.0,1.0588663269187701
49955.0,104,3696.0,27.176470588235293,1.7208184966604023,104,104,3696.0,0.050566542300055466,0.9483129155691946,1.7208184966604023,104,3696.0,0.9483129155691946
49960.0,102,3602.0,25.913669064748202,1.7155214376996106,102,102,3529.0,0.04354702688471964,0.8185733870097629,1.7155214376996106,102,3529.0,0.8185733870097629
49965.0,98,3493.0,25.1294964028777,2.110226668238395,98,98,3493.0,0.05838494160851858,1.092633100839806,2.110226668238395,98,3493.0,1.092633100839806
49970.0,93,3318.0,23.53191489361702,1.9997361132820837,93,93,3318.0,0.05180832603835521,0.9651864185445156,1.9997361132820837,93,3318.0,0.9651864185445156
49975.0,92,3100.0,22.62773722627737,1.968887050609189,92,92,3087.0,0.05331863321173308,1.014750144141171,1.968887050609189,92,3087.0,1.014750144141171
49980.0,87,2860.0,21.029411764705884,2.0864562312981434,87,87,2860.0,0.06216824335459832,1.1650964730345958,2.0864562312981434,87,2860.0,1.1650964730345958
49985.0,88,2587.0,18.746376811594203,1.9230819255634153,88,88,2587.0,0.05744767453667193,1.0905006361124574,1.9230819255634153,88,2587.0,1.0905006361124574
49990.0,88,2342.0,17.094890510948904,2.045654409400545,88,88,2320.0,0.06488430539263997,1.2286808506803382,2.045654409400545,88,2320.0,1.2286808506803382
49995.0,90,2099.0,15.321167883211679,1.860121277823292,90,90,2099.0,0.058804712240076794,1.1348650793650763,1.860121277823292,90,2099.0,1.1348650793650763
50000.0,87,1739.0,12.693430656934307,2.051644227967292,87,87,1739.0,0.06725778099795603,1.260761486508098,2.051644227967292,87,1739.0,1.260761486508098
50005.0,89,1557.0,11.282608695652174,1.9992229676795046,89,89,1509.0,0.06858327188158783,1.247638354146693,1.9992229676795046,89,1509.0,1.247638354146693
